22 51 1
36 15 1
30 51 1
4 43 1
3 23 1
47 45 1
16 34 1
11 28 1
46 17 1
56 62 1
27 44 1
28 43 1
51 33 1
20 26 1
34 42 1
50 34 1
44 10 1
25 59 -1
33 59 1
13 9 1
7 34 1
5 37 1
44 58 1
26 63 -1
24 39 1
17 6 1
14 16 1
49 25 1
60 6 1
27 19 1
44 50 1
42 24 1
45 55 1
59 13 1
38 0 1
6 26 1
8 60 1
18 11 1
0 27 1
47 23 1
46 3 1
41 25 1
15 62 1
14 33 1
25 45 1
32 7 1
5 62 1
16 3 1
57 15 1
0 19 1
42 47 1
58 63 1
22 18 1
46 51 1
20 10 1
3 53 -1
1 5 1
23 41 1
28 50 1
26 11 1
36 45 1
31 12 1
1 15 1
63 49 1
28 47 1
53 26 1
37 31 1
6 8 1
8 21 1
18 15 1
2 0 1
30 20 -1
59 1 1
49 48 1
45 60 1
18 29 1
56 18 1
19 46 1
44 62 1
32 22 -1
58 43 -1
61 12 1
35 61 1
40 41 1
28 17 1
47 44 1
20 21 1
39 21 1
51 37 1
3 14 1
43 6 1
31 49 1
45 63 1
15 61 1
58 52 -1
8 11 1
50 13 1
40 48 1
57 28 1
25 48 1
62 35 1
56 8 1
40 11 1
49 28 1
40 39 1
58 61 1
30 13 1
47 56 1
35 6 1
15 38 -1
36 63 1
27 29 -1
17 12 1
40 12 1
22 8 1
7 57 1
36 43 1
4 45 1
45 8 1
14 35 1
25 30 -1
14 41 -1
17 38 1
24 16 1
15 52 1
10 10 1
59 30 1
57 44 -1
17 30 1
48 46 1
49 2 1
17 42 1
60 53 -1
16 59 1
30 14 1
44 7 1
46 9 1
35 1 1
15 56 1
44 43 1
13 14 1
50 39 1
0 2 1
32 61 -1
28 33 1
59 42 -1
56 19 1
31 20 1
6 31 1
34 22 1
7 6 1
55 27 1
0 29 1
4 56 -1
29 37 1
35 32 1
52 38 1
51 40 1
48 52 1
62 31 1
47 27 1
38 5 1
24 40 1
41 38 1
54 7 1
43 1 1
4 40 1
25 38 1
37 28 1
62 53 -1
51 36 1
36 33 1
8 49 1
20 24 1
51 32 1
14 51 1
28 20 -1
40 46 1
54 35 1
5 52 -1
31 60 -1
18 50 1
53 21 1
3 48 1
51 11 1
48 5 1
61 11 1
62 42 -1
38 23 1
43 61 1
34 16 1
13 18 1
38 17 1
27 46 1
28 61 -1
6 59 1
19 17 1
57 14 1
7 1 1
37 37 1
2 9 1
43 4 1
15 2 1
29 10 1
2 50 1
3 22 1
36 19 1
33 25 1
6 63 1
43 36 1
41 34 1
4 38 1
0 7 1
60 38 1
0 50 -1
55 0 1
18 5 1
33 34 1
13 37 -1
12 40 -1
3 51 1
26 9 1
9 5 1
34 4 1
45 29 1
2 18 1
32 54 1
16 60 1
47 53 1
28 56 1
63 32 1
6 30 1
56 53 -1
29 24 -1
26 42 1
47 54 1
21 28 1
34 26 1
14 31 1
4 13 1
58 17 1
48 16 1
39 44 1
30 36 1
3 41 1
61 40 -1
37 52 1
34 8 1
40 49 1
16 55 1
31 22 -1
18 20 1
9 24 1
63 39 -1
0 41 -1
33 18 1
41 13 1
11 4 1
14 58 1
15 63 1
32 39 1
52 12 1
59 24 1
50 24 1
33 57 1
61 26 1
26 55 -1
6 52 1
16 47 1
38 51 1
52 6 1
58 3 1
27 56 -1
1 47 1
54 9 1
55 54 -1
1 39 -1
45 59 1
43 35 1
4 3 1
46 42 1
16 38 -1
21 53 1
55 4 1
16 1 1
12 36 1
19 23 1
16 48 1
63 16 1
1 25 1
44 26 1
44 19 1
18 57 1
20 22 1
11 54 1
30 58 -1
40 20 1
28 5 1
27 6 1
36 2 1
49 49 1
57 5 1
29 60 -1
40 40 1
18 27 1
2 46 1
15 37 1
47 30 1
11 23 1
23 49 1
59 23 1
43 57 1
38 56 1
59 33 1
10 53 1
21 14 1
26 30 -1
24 7 1
42 22 1
30 55 1
2 55 -1
32 60 1
4 17 1
61 48 -1
8 29 1
17 44 1
59 52 -1
57 54 -1
27 52 1
20 43 1
14 13 1
63 36 1
5 33 1
1 52 -1
26 15 1
53 20 1
32 53 1
9 19 1
3 44 1
59 22 1
5 61 1
