# column style format: id time x y z vx vy vz mass
# this file will be overwritten without any precaution 
# used integrator was euler_cromer
0;0.01;0.49995;0.005;0;-0.005;0.5;00.5
1;0.01;-0.49995;-0.005;0;0.005;-0.5;00.5
0;0.02;0.49985;0.0099995;0;-0.0100002;0.49995;00.5
1;0.02;-0.49985;-0.0099995;0;0.0100002;-0.49995;00.5
0;0.03;0.4997;0.014998;0;-0.0150002;0.49985;00.5
1;0.03;-0.4997;-0.014998;0;0.0150002;-0.49985;00.5
0;0.04;0.4995;0.019995;0;-0.0199995;0.4997;00.5
1;0.04;-0.4995;-0.019995;0;0.0199995;-0.4997;00.5
0;0.05;0.49925;0.02499;0;-0.0249975;0.4995;00.5
1;0.05;-0.49925;-0.02499;0;0.0249975;-0.4995;00.5
0;0.06;0.49895;0.0299825;0;-0.0299937;0.49925;00.5
1;0.06;-0.49895;-0.0299825;0;0.0299937;-0.49925;00.5
0;0.07;0.4986;0.034972;0;-0.0349877;0.49895;00.5
1;0.07;-0.4986;-0.034972;0;0.0349877;-0.49895;00.5
0;0.08;0.4982;0.039958;0;-0.039979;0.4986;00.5
1;0.08;-0.4982;-0.039958;0;0.039979;-0.4986;00.5
0;0.09;0.497751;0.04494;0;-0.0449669;0.4982;00.5
1;0.09;-0.497751;-0.04494;0;0.0449669;-0.4982;00.5
0;0.1;0.497251;0.0499175;0;-0.0499512;0.49775;00.5
1;0.1;-0.497251;-0.0499175;0;0.0499512;-0.49775;00.5
0;0.11;0.496702;0.05489;0;-0.0549311;0.49725;00.5
1;0.11;-0.496702;-0.05489;0;0.0549311;-0.49725;00.5
0;0.12;0.496103;0.059857;0;-0.0599063;0.4967;00.5
1;0.12;-0.496103;-0.059857;0;0.0599063;-0.4967;00.5
0;0.13;0.495454;0.064818;0;-0.0648763;0.4961;00.5
1;0.13;-0.495454;-0.064818;0;0.0648763;-0.4961;00.5
0;0.14;0.494756;0.0697725;0;-0.0698405;0.495451;00.5
1;0.14;-0.494756;-0.0697725;0;0.0698405;-0.495451;00.5
0;0.15;0.494008;0.07472;0;-0.0747984;0.494752;00.5
1;0.15;-0.494008;-0.07472;0;0.0747984;-0.494752;00.5
0;0.16;0.49321;0.07966;0;-0.0797496;0.494003;00.5
1;0.16;-0.49321;-0.07966;0;0.0797496;-0.494003;00.5
0;0.17;0.492363;0.0845921;0;-0.0846935;0.493204;00.5
1;0.17;-0.492363;-0.0845921;0;0.0846935;-0.493204;00.5
0;0.18;0.491467;0.0895156;0;-0.0896296;0.492356;00.5
1;0.18;-0.491467;-0.0895156;0;0.0896296;-0.492356;00.5
0;0.19;0.490521;0.0944302;0;-0.0945575;0.491458;00.5
1;0.19;-0.490521;-0.0944302;0;0.0945575;-0.491458;00.5
0;0.2;0.489527;0.0993353;0;-0.0994766;0.490512;00.5
1;0.2;-0.489527;-0.0993353;0;0.0994766;-0.490512;00.5
0;0.21;0.488483;0.10423;0;-0.104386;0.489515;00.5
1;0.21;-0.488483;-0.10423;0;0.104386;-0.489515;00.5
0;0.22;0.48739;0.109115;0;-0.109287;0.48847;00.5
1;0.22;-0.48739;-0.109115;0;0.109287;-0.48847;00.5
0;0.23;0.486248;0.113989;0;-0.114176;0.487375;00.5
1;0.23;-0.486248;-0.113989;0;0.114176;-0.487375;00.5
0;0.24;0.485058;0.118851;0;-0.119056;0.486231;00.5
1;0.24;-0.485058;-0.118851;0;0.119056;-0.486231;00.5
0;0.25;0.483818;0.123702;0;-0.123924;0.485038;00.5
1;0.25;-0.483818;-0.123702;0;0.123924;-0.485038;00.5
0;0.26;0.482531;0.12854;0;-0.12878;0.483797;00.5
1;0.26;-0.482531;-0.12854;0;0.12878;-0.483797;00.5
0;0.27;0.481194;0.133365;0;-0.133624;0.482506;00.5
1;0.27;-0.481194;-0.133365;0;0.133624;-0.482506;00.5
0;0.28;0.47981;0.138176;0;-0.138455;0.481167;00.5
1;0.28;-0.47981;-0.138176;0;0.138455;-0.481167;00.5
0;0.29;0.478377;0.142974;0;-0.143273;0.47978;00.5
1;0.29;-0.478377;-0.142974;0;0.143273;-0.47978;00.5
0;0.3;0.476896;0.147758;0;-0.148077;0.478344;00.5
1;0.3;-0.476896;-0.147758;0;0.148077;-0.478344;00.5
0;0.31;0.475368;0.152526;0;-0.152867;0.47686;00.5
1;0.31;-0.475368;-0.152526;0;0.152867;-0.47686;00.5
0;0.32;0.473791;0.157279;0;-0.157643;0.475328;00.5
1;0.32;-0.473791;-0.157279;0;0.157643;-0.475328;00.5
0;0.33;0.472167;0.162017;0;-0.162403;0.473747;00.5
1;0.33;-0.472167;-0.162017;0;0.162403;-0.473747;00.5
0;0.34;0.470496;0.166738;0;-0.167148;0.472119;00.5
1;0.34;-0.470496;-0.166738;0;0.167148;-0.472119;00.5
0;0.35;0.468777;0.171443;0;-0.171876;0.470444;00.5
1;0.35;-0.468777;-0.171443;0;0.171876;-0.470444;00.5
0;0.36;0.467011;0.17613;0;-0.176588;0.46872;00.5
1;0.36;-0.467011;-0.17613;0;0.176588;-0.46872;00.5
0;0.37;0.465198;0.180799;0;-0.181283;0.46695;00.5
1;0.37;-0.465198;-0.180799;0;0.181283;-0.46695;00.5
0;0.38;0.463339;0.185451;0;-0.18596;0.465132;00.5
1;0.38;-0.463339;-0.185451;0;0.18596;-0.465132;00.5
0;0.39;0.461432;0.190083;0;-0.19062;0.463267;00.5
1;0.39;-0.461432;-0.190083;0;0.19062;-0.463267;00.5
0;0.4;0.45948;0.194697;0;-0.19526;0.461355;00.5
1;0.4;-0.45948;-0.194697;0;0.19526;-0.461355;00.5
0;0.41;0.457481;0.199291;0;-0.199882;0.459397;00.5
1;0.41;-0.457481;-0.199291;0;0.199882;-0.459397;00.5
0;0.42;0.455436;0.203865;0;-0.204484;0.457392;00.5
1;0.42;-0.455436;-0.203865;0;0.204484;-0.457392;00.5
0;0.43;0.453345;0.208418;0;-0.209067;0.455341;00.5
1;0.43;-0.453345;-0.208418;0;0.209067;-0.455341;00.5
0;0.44;0.451209;0.212951;0;-0.213629;0.453244;00.5
1;0.44;-0.451209;-0.212951;0;0.213629;-0.453244;00.5
0;0.45;0.449027;0.217462;0;-0.21817;0.451101;00.5
1;0.45;-0.449027;-0.217462;0;0.21817;-0.451101;00.5
0;0.46;0.446801;0.221951;0;-0.222689;0.448912;00.5
1;0.46;-0.446801;-0.221951;0;0.222689;-0.448912;00.5
0;0.47;0.444529;0.226417;0;-0.227187;0.446677;00.5
1;0.47;-0.444529;-0.226417;0;0.227187;-0.446677;00.5
0;0.48;0.442212;0.230861;0;-0.231663;0.444398;00.5
1;0.48;-0.442212;-0.230861;0;0.231663;-0.444398;00.5
0;0.49;0.439851;0.235282;0;-0.236116;0.442073;00.5
1;0.49;-0.439851;-0.235282;0;0.236116;-0.442073;00.5
0;0.5;0.437445;0.239679;0;-0.240545;0.439704;00.5
1;0.5;-0.437445;-0.239679;0;0.240545;-0.439704;00.5
0;0.51;0.434996;0.244052;0;-0.244951;0.437289;00.5
1;0.51;-0.434996;-0.244052;0;0.244951;-0.437289;00.5
0;0.52;0.432503;0.2484;0;-0.249333;0.434831;00.5
1;0.52;-0.432503;-0.2484;0;0.249333;-0.434831;00.5
0;0.53;0.429966;0.252724;0;-0.25369;0.432328;00.5
1;0.53;-0.429966;-0.252724;0;0.25369;-0.432328;00.5
0;0.54;0.427385;0.257021;0;-0.258023;0.429782;00.5
1;0.54;-0.427385;-0.257021;0;0.258023;-0.429782;00.5
0;0.55;0.424762;0.261293;0;-0.26233;0.427192;00.5
1;0.55;-0.424762;-0.261293;0;0.26233;-0.427192;00.5
0;0.56;0.422096;0.265539;0;-0.266611;0.424558;00.5
1;0.56;-0.422096;-0.265539;0;0.266611;-0.424558;00.5
0;0.57;0.419387;0.269758;0;-0.270866;0.421882;00.5
1;0.57;-0.419387;-0.269758;0;0.270866;-0.421882;00.5
0;0.58;0.416636;0.273949;0;-0.275093;0.419162;00.5
1;0.58;-0.416636;-0.273949;0;0.275093;-0.419162;00.5
0;0.59;0.413844;0.278113;0;-0.279294;0.4164;00.5
1;0.59;-0.413844;-0.278113;0;0.279294;-0.4164;00.5
0;0.6;0.411009;0.282249;0;-0.283467;0.413596;00.5
1;0.6;-0.411009;-0.282249;0;0.283467;-0.413596;00.5
0;0.61;0.408133;0.286357;0;-0.287612;0.410749;00.5
1;0.61;-0.408133;-0.286357;0;0.287612;-0.410749;00.5
0;0.62;0.405215;0.290435;0;-0.291729;0.407861;00.5
1;0.62;-0.405215;-0.290435;0;0.291729;-0.407861;00.5
0;0.63;0.402257;0.294485;0;-0.295817;0.404931;00.5
1;0.63;-0.402257;-0.294485;0;0.295817;-0.404931;00.5
0;0.64;0.399259;0.298504;0;-0.299875;0.40196;00.5
1;0.64;-0.399259;-0.298504;0;0.299875;-0.40196;00.5
0;0.65;0.39622;0.302494;0;-0.303903;0.398948;00.5
1;0.65;-0.39622;-0.302494;0;0.303903;-0.398948;00.5
0;0.66;0.393141;0.306453;0;-0.307902;0.395896;00.5
1;0.66;-0.393141;-0.306453;0;0.307902;-0.395896;00.5
0;0.67;0.390022;0.310381;0;-0.311869;0.392803;00.5
1;0.67;-0.390022;-0.310381;0;0.311869;-0.392803;00.5
0;0.68;0.386864;0.314278;0;-0.315806;0.38967;00.5
1;0.68;-0.386864;-0.314278;0;0.315806;-0.38967;00.5
0;0.69;0.383667;0.318143;0;-0.319711;0.386498;00.5
1;0.69;-0.383667;-0.318143;0;0.319711;-0.386498;00.5
0;0.7;0.380431;0.321975;0;-0.323585;0.383286;00.5
1;0.7;-0.380431;-0.321975;0;0.323585;-0.383286;00.5
0;0.71;0.377157;0.325776;0;-0.327426;0.380035;00.5
1;0.71;-0.377157;-0.325776;0;0.327426;-0.380035;00.5
0;0.72;0.373844;0.329543;0;-0.331235;0.376745;00.5
1;0.72;-0.373844;-0.329543;0;0.331235;-0.376745;00.5
0;0.73;0.370494;0.333277;0;-0.33501;0.373417;00.5
1;0.73;-0.370494;-0.333277;0;0.33501;-0.373417;00.5
0;0.74;0.367107;0.336978;0;-0.338752;0.370051;00.5
1;0.74;-0.367107;-0.336978;0;0.338752;-0.370051;00.5
0;0.75;0.363682;0.340644;0;-0.342461;0.366647;00.5
1;0.75;-0.363682;-0.340644;0;0.342461;-0.366647;00.5
0;0.76;0.360221;0.344276;0;-0.346135;0.363205;00.5
1;0.76;-0.360221;-0.344276;0;0.346135;-0.363205;00.5
0;0.77;0.356723;0.347874;0;-0.349774;0.359727;00.5
1;0.77;-0.356723;-0.347874;0;0.349774;-0.359727;00.5
0;0.78;0.353189;0.351436;0;-0.353379;0.356211;00.5
1;0.78;-0.353189;-0.351436;0;0.353379;-0.356211;00.5
0;0.79;0.34962;0.354962;0;-0.356948;0.35266;00.5
1;0.79;-0.34962;-0.354962;0;0.356948;-0.35266;00.5
0;0.8;0.346015;0.358453;0;-0.360482;0.349072;00.5
1;0.8;-0.346015;-0.358453;0;0.360482;-0.349072;00.5
0;0.81;0.342375;0.361908;0;-0.363979;0.345449;00.5
1;0.81;-0.342375;-0.361908;0;0.363979;-0.345449;00.5
0;0.82;0.338701;0.365325;0;-0.367441;0.34179;00.5
1;0.82;-0.338701;-0.365325;0;0.367441;-0.34179;00.5
0;0.83;0.334992;0.368706;0;-0.370865;0.338097;00.5
1;0.83;-0.334992;-0.368706;0;0.370865;-0.338097;00.5
0;0.84;0.331249;0.37205;0;-0.374252;0.334369;00.5
1;0.84;-0.331249;-0.37205;0;0.374252;-0.334369;00.5
0;0.85;0.327473;0.375356;0;-0.377602;0.330607;00.5
1;0.85;-0.327473;-0.375356;0;0.377602;-0.330607;00.5
0;0.86;0.323664;0.378624;0;-0.380913;0.326811;00.5
1;0.86;-0.323664;-0.378624;0;0.380913;-0.326811;00.5
0;0.87;0.319822;0.381854;0;-0.384187;0.322981;00.5
1;0.87;-0.319822;-0.381854;0;0.384187;-0.322981;00.5
0;0.88;0.315948;0.385045;0;-0.387422;0.319119;00.5
1;0.88;-0.315948;-0.385045;0;0.387422;-0.319119;00.5
0;0.89;0.312042;0.388198;0;-0.390618;0.315223;00.5
1;0.89;-0.312042;-0.388198;0;0.390618;-0.315223;00.5
0;0.9;0.308104;0.39131;0;-0.393775;0.311296;00.5
1;0.9;-0.308104;-0.39131;0;0.393775;-0.311296;00.5
0;0.91;0.304135;0.394384;0;-0.396893;0.307337;00.5
1;0.91;-0.304135;-0.394384;0;0.396893;-0.307337;00.5
0;0.92;0.300136;0.397417;0;-0.39997;0.303346;00.5
1;0.92;-0.300136;-0.397417;0;0.39997;-0.303346;00.5
0;0.93;0.296106;0.400411;0;-0.403008;0.299324;00.5
1;0.93;-0.296106;-0.400411;0;0.403008;-0.299324;00.5
0;0.94;0.292045;0.403363;0;-0.406004;0.295272;00.5
1;0.94;-0.292045;-0.403363;0;0.406004;-0.295272;00.5
0;0.95;0.287956;0.406275;0;-0.40896;0.291189;00.5
1;0.95;-0.287956;-0.406275;0;0.40896;-0.291189;00.5
0;0.96;0.283837;0.409146;0;-0.411875;0.287076;00.5
1;0.96;-0.283837;-0.409146;0;0.411875;-0.287076;00.5
0;0.97;0.27969;0.411975;0;-0.414749;0.282934;00.5
1;0.97;-0.27969;-0.411975;0;0.414749;-0.282934;00.5
0;0.98;0.275514;0.414763;0;-0.41758;0.278763;00.5
1;0.98;-0.275514;-0.414763;0;0.41758;-0.278763;00.5
0;0.99;0.27131;0.417509;0;-0.42037;0.274564;00.5
1;0.99;-0.27131;-0.417509;0;0.42037;-0.274564;00.5
0;1;0.267079;0.420212;0;-0.423117;0.270336;00.5
1;1;-0.267079;-0.420212;0;0.423117;-0.270336;00.5
0;1.01;0.262821;0.422873;0;-0.425822;0.266081;00.5
1;1.01;-0.262821;-0.422873;0;0.425822;-0.266081;00.5
0;1.02;0.258536;0.425491;0;-0.428484;0.261798;00.5
1;1.02;-0.258536;-0.425491;0;0.428484;-0.261798;00.5
0;1.03;0.254225;0.428066;0;-0.431102;0.257489;00.5
1;1.03;-0.254225;-0.428066;0;0.431102;-0.257489;00.5
0;1.04;0.249888;0.430597;0;-0.433677;0.253153;00.5
1;1.04;-0.249888;-0.430597;0;0.433677;-0.253153;00.5
0;1.05;0.245526;0.433085;0;-0.436208;0.248791;00.5
1;1.05;-0.245526;-0.433085;0;0.436208;-0.248791;00.5
0;1.06;0.241139;0.435529;0;-0.438696;0.244403;00.5
1;1.06;-0.241139;-0.435529;0;0.438696;-0.244403;00.5
0;1.07;0.236728;0.437929;0;-0.441139;0.239991;00.5
1;1.07;-0.236728;-0.437929;0;0.441139;-0.239991;00.5
0;1.08;0.232292;0.440285;0;-0.443537;0.235554;00.5
1;1.08;-0.232292;-0.440285;0;0.443537;-0.235554;00.5
0;1.09;0.227833;0.442595;0;-0.445891;0.231092;00.5
1;1.09;-0.227833;-0.442595;0;0.445891;-0.231092;00.5
0;1.1;0.223351;0.444862;0;-0.4482;0.226607;00.5
1;1.1;-0.223351;-0.444862;0;0.4482;-0.226607;00.5
0;1.11;0.218847;0.447082;0;-0.450464;0.222099;00.5
1;1.11;-0.218847;-0.447082;0;0.450464;-0.222099;00.5
0;1.12;0.21432;0.449258;0;-0.452681;0.217568;00.5
1;1.12;-0.21432;-0.449258;0;0.452681;-0.217568;00.5
0;1.13;0.209771;0.451388;0;-0.454854;0.213014;00.5
1;1.13;-0.209771;-0.451388;0;0.454854;-0.213014;00.5
0;1.14;0.205202;0.453473;0;-0.45698;0.208439;00.5
1;1.14;-0.205202;-0.453473;0;0.45698;-0.208439;00.5
0;1.15;0.200611;0.455511;0;-0.45906;0.203842;00.5
1;1.15;-0.200611;-0.455511;0;0.45906;-0.203842;00.5
0;1.16;0.196;0.457503;0;-0.461094;0.199225;00.5
1;1.16;-0.196;-0.457503;0;0.461094;-0.199225;00.5
0;1.17;0.191369;0.459449;0;-0.463081;0.194586;00.5
1;1.17;-0.191369;-0.459449;0;0.463081;-0.194586;00.5
0;1.18;0.186719;0.461349;0;-0.465021;0.189928;00.5
1;1.18;-0.186719;-0.461349;0;0.465021;-0.189928;00.5
0;1.19;0.18205;0.463201;0;-0.466914;0.18525;00.5
1;1.19;-0.18205;-0.463201;0;0.466914;-0.18525;00.5
0;1.2;0.177362;0.465007;0;-0.46876;0.180554;00.5
1;1.2;-0.177362;-0.465007;0;0.46876;-0.180554;00.5
0;1.21;0.172657;0.466765;0;-0.470559;0.175838;00.5
1;1.21;-0.172657;-0.466765;0;0.470559;-0.175838;00.5
0;1.22;0.167934;0.468476;0;-0.47231;0.171105;00.5
1;1.22;-0.167934;-0.468476;0;0.47231;-0.171105;00.5
0;1.23;0.163194;0.47014;0;-0.474013;0.166354;00.5
1;1.23;-0.163194;-0.47014;0;0.474013;-0.166354;00.5
0;1.24;0.158437;0.471755;0;-0.475668;0.161586;00.5
1;1.24;-0.158437;-0.471755;0;0.475668;-0.161586;00.5
0;1.25;0.153664;0.473323;0;-0.477275;0.156801;00.5
1;1.25;-0.153664;-0.473323;0;0.477275;-0.156801;00.5
0;1.26;0.148876;0.474843;0;-0.478833;0.152;00.5
1;1.26;-0.148876;-0.474843;0;0.478833;-0.152;00.5
0;1.27;0.144072;0.476315;0;-0.480343;0.147184;00.5
1;1.27;-0.144072;-0.476315;0;0.480343;-0.147184;00.5
0;1.28;0.139254;0.477739;0;-0.481805;0.142352;00.5
1;1.28;-0.139254;-0.477739;0;0.481805;-0.142352;00.5
0;1.29;0.134422;0.479114;0;-0.483217;0.137506;00.5
1;1.29;-0.134422;-0.479114;0;0.483217;-0.137506;00.5
0;1.3;0.129576;0.48044;0;-0.484581;0.132646;00.5
1;1.3;-0.129576;-0.48044;0;0.484581;-0.132646;00.5
0;1.31;0.124717;0.481718;0;-0.485896;0.127772;00.5
1;1.31;-0.124717;-0.481718;0;0.485896;-0.127772;00.5
0;1.32;0.119846;0.482947;0;-0.487161;0.122884;00.5
1;1.32;-0.119846;-0.482947;0;0.487161;-0.122884;00.5
0;1.33;0.114962;0.484127;0;-0.488377;0.117985;00.5
1;1.33;-0.114962;-0.484127;0;0.488377;-0.117985;00.5
0;1.34;0.110067;0.485257;0;-0.489543;0.113073;00.5
1;1.34;-0.110067;-0.485257;0;0.489543;-0.113073;00.5
0;1.35;0.10516;0.486339;0;-0.49066;0.108149;00.5
1;1.35;-0.10516;-0.486339;0;0.49066;-0.108149;00.5
0;1.36;0.100243;0.487371;0;-0.491727;0.103214;00.5
1;1.36;-0.100243;-0.487371;0;0.491727;-0.103214;00.5
0;1.37;0.0953152;0.488354;0;-0.492744;0.0982689;00.5
1;1.37;-0.0953152;-0.488354;0;0.492744;-0.0982689;00.5
0;1.38;0.0903781;0.489287;0;-0.493711;0.0933134;00.5
1;1.38;-0.0903781;-0.489287;0;0.493711;-0.0933134;00.5
0;1.39;0.0854318;0.49017;0;-0.494629;0.0883483;00.5
1;1.39;-0.0854318;-0.49017;0;0.494629;-0.0883483;00.5
0;1.4;0.0804768;0.491004;0;-0.495495;0.0833741;00.5
1;1.4;-0.0804768;-0.491004;0;0.495495;-0.0833741;00.5
0;1.41;0.0755137;0.491788;0;-0.496312;0.0783914;00.5
1;1.41;-0.0755137;-0.491788;0;0.496312;-0.0783914;00.5
0;1.42;0.0705429;0.492522;0;-0.497079;0.0734005;00.5
1;1.42;-0.0705429;-0.492522;0;0.497079;-0.0734005;00.5
0;1.43;0.065565;0.493206;0;-0.497794;0.0684021;00.5
1;1.43;-0.065565;-0.493206;0;0.497794;-0.0684021;00.5
0;1.44;0.0605804;0.49384;0;-0.49846;0.0633967;00.5
1;1.44;-0.0605804;-0.49384;0;0.49846;-0.0633967;00.5
0;1.45;0.0555896;0.494424;0;-0.499075;0.0583848;00.5
1;1.45;-0.0555896;-0.494424;0;0.499075;-0.0583848;00.5
0;1.46;0.0505933;0.494958;0;-0.499639;0.0533668;00.5
1;1.46;-0.0505933;-0.494958;0;0.499639;-0.0533668;00.5
0;1.47;0.0455917;0.495441;0;-0.500152;0.0483433;00.5
1;1.47;-0.0455917;-0.495441;0;0.500152;-0.0483433;00.5
0;1.48;0.0405856;0.495874;0;-0.500615;0.0433149;00.5
1;1.48;-0.0405856;-0.495874;0;0.500615;-0.0433149;00.5
0;1.49;0.0355753;0.496257;0;-0.501027;0.038282;00.5
1;1.49;-0.0355753;-0.496257;0;0.501027;-0.038282;00.5
0;1.5;0.0305614;0.496589;0;-0.501388;0.0332452;00.5
1;1.5;-0.0305614;-0.496589;0;0.501388;-0.0332452;00.5
0;1.51;0.0255445;0.496871;0;-0.501698;0.0282049;00.5
1;1.51;-0.0255445;-0.496871;0;0.501698;-0.0282049;00.5
0;1.52;0.0205249;0.497103;0;-0.501958;0.0231618;00.5
1;1.52;-0.0205249;-0.497103;0;0.501958;-0.0231618;00.5
0;1.53;0.0155032;0.497284;0;-0.502166;0.0181162;00.5
1;1.53;-0.0155032;-0.497284;0;0.502166;-0.0181162;00.5
0;1.54;0.01048;0.497415;0;-0.502323;0.0130688;00.5
1;1.54;-0.01048;-0.497415;0;0.502323;-0.0130688;00.5
0;1.55;0.00545569;0.497495;0;-0.50243;0.00802007;00.5
1;1.55;-0.00545569;-0.497495;0;0.50243;-0.00802007;00.5
0;1.56;0.000430843;0.497525;0;-0.502485;0.00297051;00.5
1;1.56;-0.000430843;-0.497525;0;0.502485;-0.00297051;00.5
0;1.57;-0.00459405;0.497504;0;-0.502489;-0.00207936;00.5
1;1.57;0.00459405;-0.497504;0;0.502489;0.00207936;00.5
0;1.58;-0.00961848;0.497433;0;-0.502443;-0.00712901;00.5
1;1.58;0.00961848;-0.497433;0;0.502443;0.00712901;00.5
0;1.59;-0.0146419;0.497311;0;-0.502345;-0.0121779;00.5
1;1.59;0.0146419;-0.497311;0;0.502345;0.0121779;00.5
0;1.6;-0.0196639;0.497139;0;-0.502196;-0.0172256;00.5
1;1.6;0.0196639;-0.497139;0;0.502196;0.0172256;00.5
0;1.61;-0.0246839;0.496916;0;-0.501997;-0.0222715;00.5
1;1.61;0.0246839;-0.496916;0;0.501997;0.0222715;00.5
0;1.62;-0.0297013;0.496643;0;-0.501746;-0.027315;00.5
1;1.62;0.0297013;-0.496643;0;0.501746;0.027315;00.5
0;1.63;-0.0347158;0.496319;0;-0.501445;-0.0323558;00.5
1;1.63;0.0347158;-0.496319;0;0.501445;0.0323558;00.5
0;1.64;-0.0397267;0.495945;0;-0.501093;-0.0373932;00.5
1;1.64;0.0397267;-0.495945;0;0.501093;0.0373932;00.5
0;1.65;-0.0447336;0.495521;0;-0.500689;-0.0424268;00.5
1;1.65;0.0447336;-0.495521;0;0.500689;0.0424268;00.5
0;1.66;-0.0497359;0.495047;0;-0.500235;-0.047456;00.5
1;1.66;0.0497359;-0.495047;0;0.500235;0.047456;00.5
0;1.67;-0.0547332;0.494522;0;-0.499731;-0.0524803;00.5
1;1.67;0.0547332;-0.494522;0;0.499731;0.0524803;00.5
0;1.68;-0.059725;0.493947;0;-0.499175;-0.0574992;00.5
1;1.68;0.059725;-0.493947;0;0.499175;0.0574992;00.5
0;1.69;-0.0647107;0.493322;0;-0.498569;-0.0625121;00.5
1;1.69;0.0647107;-0.493322;0;0.498569;0.0625121;00.5
0;1.7;-0.0696898;0.492646;0;-0.497912;-0.0675186;00.5
1;1.7;0.0696898;-0.492646;0;0.497912;0.0675186;00.5
0;1.71;-0.0746619;0.491921;0;-0.497205;-0.0725182;00.5
1;1.71;0.0746619;-0.491921;0;0.497205;0.0725182;00.5
0;1.72;-0.0796263;0.491146;0;-0.496447;-0.0775103;00.5
1;1.72;0.0796263;-0.491146;0;0.496447;0.0775103;00.5
0;1.73;-0.0845827;0.490321;0;-0.495639;-0.0824944;00.5
1;1.73;0.0845827;-0.490321;0;0.495639;0.0824944;00.5
0;1.74;-0.0895305;0.489446;0;-0.494781;-0.08747;00.5
1;1.74;0.0895305;-0.489446;0;0.494781;0.08747;00.5
0;1.75;-0.0944693;0.488522;0;-0.493872;-0.0924366;00.5
1;1.75;0.0944693;-0.488522;0;0.493872;0.0924366;00.5
0;1.76;-0.0993984;0.487548;0;-0.492914;-0.0973937;00.5
1;1.76;0.0993984;-0.487548;0;0.492914;0.0973937;00.5
0;1.77;-0.104317;0.486525;0;-0.491905;-0.102341;00.5
1;1.77;0.104317;-0.486525;0;0.491905;0.102341;00.5
0;1.78;-0.109226;0.485452;0;-0.490847;-0.107277;00.5
1;1.78;0.109226;-0.485452;0;0.490847;0.107277;00.5
0;1.79;-0.114123;0.48433;0;-0.489739;-0.112203;00.5
1;1.79;0.114123;-0.48433;0;0.489739;0.112203;00.5
0;1.8;-0.119009;0.483159;0;-0.488581;-0.117117;00.5
1;1.8;0.119009;-0.483159;0;0.488581;0.117117;00.5
0;1.81;-0.123883;0.481939;0;-0.487373;-0.122018;00.5
1;1.81;0.123883;-0.481939;0;0.487373;0.122018;00.5
0;1.82;-0.128744;0.48067;0;-0.486117;-0.126908;00.5
1;1.82;0.128744;-0.48067;0;0.486117;0.126908;00.5
0;1.83;-0.133592;0.479352;0;-0.48481;-0.131784;00.5
1;1.83;0.133592;-0.479352;0;0.48481;0.131784;00.5
0;1.84;-0.138427;0.477985;0;-0.483455;-0.136647;00.5
1;1.84;0.138427;-0.477985;0;0.483455;0.136647;00.5
0;1.85;-0.143247;0.47657;0;-0.482051;-0.141495;00.5
1;1.85;0.143247;-0.47657;0;0.482051;0.141495;00.5
0;1.86;-0.148053;0.475107;0;-0.480598;-0.146329;00.5
1;1.86;0.148053;-0.475107;0;0.480598;0.146329;00.5
0;1.87;-0.152844;0.473596;0;-0.479096;-0.151148;00.5
1;1.87;0.152844;-0.473596;0;0.479096;0.151148;00.5
0;1.88;-0.15762;0.472036;0;-0.477546;-0.155952;00.5
1;1.88;0.15762;-0.472036;0;0.477546;0.155952;00.5
0;1.89;-0.162379;0.470429;0;-0.475948;-0.160739;00.5
1;1.89;0.162379;-0.470429;0;0.475948;0.160739;00.5
0;1.9;-0.167122;0.468774;0;-0.474301;-0.16551;00.5
1;1.9;0.167122;-0.468774;0;0.474301;0.16551;00.5
0;1.91;-0.171848;0.467071;0;-0.472606;-0.170264;00.5
1;1.91;0.171848;-0.467071;0;0.472606;0.170264;00.5
0;1.92;-0.176557;0.465321;0;-0.470863;-0.175;00.5
1;1.92;0.176557;-0.465321;0;0.470863;0.175;00.5
0;1.93;-0.181247;0.463524;0;-0.469073;-0.179718;00.5
1;1.93;0.181247;-0.463524;0;0.469073;0.179718;00.5
0;1.94;-0.18592;0.46168;0;-0.467235;-0.184418;00.5
1;1.94;0.18592;-0.46168;0;0.467235;0.184418;00.5
0;1.95;-0.190573;0.459789;0;-0.46535;-0.189099;00.5
1;1.95;0.190573;-0.459789;0;0.46535;0.189099;00.5
0;1.96;-0.195208;0.457851;0;-0.463418;-0.19376;00.5
1;1.96;0.195208;-0.457851;0;0.463418;0.19376;00.5
0;1.97;-0.199822;0.455867;0;-0.46144;-0.198402;00.5
1;1.97;0.199822;-0.455867;0;0.46144;0.198402;00.5
0;1.98;-0.204416;0.453837;0;-0.459414;-0.203023;00.5
1;1.98;0.204416;-0.453837;0;0.459414;0.203023;00.5
0;1.99;-0.208989;0.45176;0;-0.457342;-0.207623;00.5
1;1.99;0.208989;-0.45176;0;0.457342;0.207623;00.5
0;2;-0.213542;0.449638;0;-0.455224;-0.212202;00.5
1;2;0.213542;-0.449638;0;0.455224;0.212202;00.5
0;2.01;-0.218072;0.447471;0;-0.453059;-0.216759;00.5
1;2.01;0.218072;-0.447471;0;0.453059;0.216759;00.5
0;2.02;-0.222581;0.445258;0;-0.450849;-0.221294;00.5
1;2.02;0.222581;-0.445258;0;0.450849;0.221294;00.5
0;2.03;-0.227067;0.443;0;-0.448594;-0.225806;00.5
1;2.03;0.227067;-0.443;0;0.448594;0.225806;00.5
0;2.04;-0.23153;0.440697;0;-0.446293;-0.230295;00.5
1;2.04;0.23153;-0.440697;0;0.446293;0.230295;00.5
0;2.05;-0.235969;0.438349;0;-0.443947;-0.23476;00.5
1;2.05;0.235969;-0.438349;0;0.443947;0.23476;00.5
0;2.06;-0.240385;0.435957;0;-0.441556;-0.239201;00.5
1;2.06;0.240385;-0.435957;0;0.441556;0.239201;00.5
0;2.07;-0.244776;0.433521;0;-0.439121;-0.243618;00.5
1;2.07;0.244776;-0.433521;0;0.439121;0.243618;00.5
0;2.08;-0.249142;0.431041;0;-0.436641;-0.248009;00.5
1;2.08;0.249142;-0.431041;0;0.436641;0.248009;00.5
0;2.09;-0.253484;0.428517;0;-0.434118;-0.252375;00.5
1;2.09;0.253484;-0.428517;0;0.434118;0.252375;00.5
0;2.1;-0.257799;0.42595;0;-0.43155;-0.256716;00.5
1;2.1;0.257799;-0.42595;0;0.43155;0.256716;00.5
0;2.11;-0.262088;0.42334;0;-0.428939;-0.26103;00.5
1;2.11;0.262088;-0.42334;0;0.428939;0.26103;00.5
0;2.12;-0.266351;0.420687;0;-0.426285;-0.265317;00.5
1;2.12;0.266351;-0.420687;0;0.426285;0.265317;00.5
0;2.13;-0.270587;0.417991;0;-0.423588;-0.269577;00.5
1;2.13;0.270587;-0.417991;0;0.423588;0.269577;00.5
0;2.14;-0.274796;0.415253;0;-0.420848;-0.273809;00.5
1;2.14;0.274796;-0.415253;0;0.420848;0.273809;00.5
0;2.15;-0.278976;0.412473;0;-0.418066;-0.278013;00.5
1;2.15;0.278976;-0.412473;0;0.418066;0.278013;00.5
0;2.16;-0.283129;0.409651;0;-0.415242;-0.282189;00.5
1;2.16;0.283129;-0.409651;0;0.415242;0.282189;00.5
0;2.17;-0.287252;0.406787;0;-0.412376;-0.286336;00.5
1;2.17;0.287252;-0.406787;0;0.412376;0.286336;00.5
0;2.18;-0.291347;0.403883;0;-0.409469;-0.290453;00.5
1;2.18;0.291347;-0.403883;0;0.409469;0.290453;00.5
0;2.19;-0.295412;0.400937;0;-0.40652;-0.294541;00.5
1;2.19;0.295412;-0.400937;0;0.40652;0.294541;00.5
0;2.2;-0.299448;0.397951;0;-0.40353;-0.298598;00.5
1;2.2;0.299448;-0.397951;0;0.40353;0.298598;00.5
0;2.21;-0.303453;0.394925;0;-0.4005;-0.302625;00.5
1;2.21;0.303453;-0.394925;0;0.4005;0.302625;00.5
0;2.22;-0.307427;0.391859;0;-0.39743;-0.306621;00.5
1;2.22;0.307427;-0.391859;0;0.39743;0.306621;00.5
0;2.23;-0.31137;0.388753;0;-0.394319;-0.310586;00.5
1;2.23;0.31137;-0.388753;0;0.394319;0.310586;00.5
0;2.24;-0.315282;0.385608;0;-0.391169;-0.314518;00.5
1;2.24;0.315282;-0.385608;0;0.391169;0.314518;00.5
0;2.25;-0.319162;0.382424;0;-0.38798;-0.318419;00.5
1;2.25;0.319162;-0.382424;0;0.38798;0.318419;00.5
0;2.26;-0.323009;0.379201;0;-0.384752;-0.322287;00.5
1;2.26;0.323009;-0.379201;0;0.384752;0.322287;00.5
0;2.27;-0.326824;0.37594;0;-0.381485;-0.326122;00.5
1;2.27;0.326824;-0.37594;0;0.381485;0.326122;00.5
0;2.28;-0.330606;0.37264;0;-0.378181;-0.329923;00.5
1;2.28;0.330606;-0.37264;0;0.378181;0.329923;00.5
0;2.29;-0.334354;0.369304;0;-0.374838;-0.333691;00.5
1;2.29;0.334354;-0.369304;0;0.374838;0.333691;00.5
0;2.3;-0.338069;0.365929;0;-0.371457;-0.337425;00.5
1;2.3;0.338069;-0.365929;0;0.371457;0.337425;00.5
0;2.31;-0.341749;0.362518;0;-0.36804;-0.341124;00.5
1;2.31;0.341749;-0.362518;0;0.36804;0.341124;00.5
0;2.32;-0.345395;0.35907;0;-0.364585;-0.344789;00.5
1;2.32;0.345395;-0.35907;0;0.364585;0.344789;00.5
0;2.33;-0.349006;0.355586;0;-0.361094;-0.348418;00.5
1;2.33;0.349006;-0.355586;0;0.361094;0.348418;00.5
0;2.34;-0.352582;0.352066;0;-0.357567;-0.352012;00.5
1;2.34;0.352582;-0.352066;0;0.357567;0.352012;00.5
0;2.35;-0.356122;0.34851;0;-0.354004;-0.355569;00.5
1;2.35;0.356122;-0.34851;0;0.354004;0.355569;00.5
0;2.36;-0.359626;0.344919;0;-0.350406;-0.359091;00.5
1;2.36;0.359626;-0.344919;0;0.350406;0.359091;00.5
0;2.37;-0.363093;0.341294;0;-0.346773;-0.362575;00.5
1;2.37;0.363093;-0.341294;0;0.346773;0.362575;00.5
0;2.38;-0.366525;0.337633;0;-0.343105;-0.366023;00.5
1;2.38;0.366525;-0.337633;0;0.343105;0.366023;00.5
0;2.39;-0.369919;0.333939;0;-0.339403;-0.369433;00.5
1;2.39;0.369919;-0.333939;0;0.339403;0.369433;00.5
0;2.4;-0.373275;0.330211;0;-0.335667;-0.372806;00.5
1;2.4;0.373275;-0.330211;0;0.335667;0.372806;00.5
0;2.41;-0.376594;0.326449;0;-0.331897;-0.376141;00.5
1;2.41;0.376594;-0.326449;0;0.331897;0.376141;00.5
0;2.42;-0.379875;0.322655;0;-0.328095;-0.379437;00.5
1;2.42;0.379875;-0.322655;0;0.328095;0.379437;00.5
0;2.43;-0.383118;0.318828;0;-0.324259;-0.382694;00.5
1;2.43;0.383118;-0.318828;0;0.324259;0.382694;00.5
0;2.44;-0.386322;0.314969;0;-0.320392;-0.385913;00.5
1;2.44;0.386322;-0.314969;0;0.320392;0.385913;00.5
0;2.45;-0.389487;0.311078;0;-0.316492;-0.389092;00.5
1;2.45;0.389487;-0.311078;0;0.316492;0.389092;00.5
0;2.46;-0.392612;0.307156;0;-0.312561;-0.392232;00.5
1;2.46;0.392612;-0.307156;0;0.312561;0.392232;00.5
0;2.47;-0.395698;0.303203;0;-0.308599;-0.395331;00.5
1;2.47;0.395698;-0.303203;0;0.308599;0.395331;00.5
0;2.48;-0.398744;0.299219;0;-0.304607;-0.398391;00.5
1;2.48;0.398744;-0.299219;0;0.304607;0.398391;00.5
0;2.49;-0.40175;0.295205;0;-0.300584;-0.401409;00.5
1;2.49;0.40175;-0.295205;0;0.300584;0.401409;00.5
0;2.5;-0.404715;0.291161;0;-0.296531;-0.404387;00.5
1;2.5;0.404715;-0.291161;0;0.296531;0.404387;00.5
0;2.51;-0.40764;0.287087;0;-0.292449;-0.407324;00.5
1;2.51;0.40764;-0.287087;0;0.292449;0.407324;00.5
0;2.52;-0.410523;0.282985;0;-0.288338;-0.410219;00.5
1;2.52;0.410523;-0.282985;0;0.288338;0.410219;00.5
0;2.53;-0.413365;0.278854;0;-0.284198;-0.413073;00.5
1;2.53;0.413365;-0.278854;0;0.284198;0.413073;00.5
0;2.54;-0.416166;0.274696;0;-0.28003;-0.415885;00.5
1;2.54;0.416166;-0.274696;0;0.28003;0.415885;00.5
0;2.55;-0.418924;0.270509;0;-0.275835;-0.418654;00.5
1;2.55;0.418924;-0.270509;0;0.275835;0.418654;00.5
0;2.56;-0.42164;0.266295;0;-0.271612;-0.421381;00.5
1;2.56;0.42164;-0.266295;0;0.271612;0.421381;00.5
0;2.57;-0.424314;0.262055;0;-0.267362;-0.424065;00.5
1;2.57;0.424314;-0.262055;0;0.267362;0.424065;00.5
0;2.58;-0.426945;0.257788;0;-0.263086;-0.426706;00.5
1;2.58;0.426945;-0.257788;0;0.263086;0.426706;00.5
0;2.59;-0.429532;0.253495;0;-0.258784;-0.429303;00.5
1;2.59;0.429532;-0.253495;0;0.258784;0.429303;00.5
0;2.6;-0.432077;0.249176;0;-0.254457;-0.431857;00.5
1;2.6;0.432077;-0.249176;0;0.254457;0.431857;00.5
0;2.61;-0.434578;0.244832;0;-0.250104;-0.434367;00.5
1;2.61;0.434578;-0.244832;0;0.250104;0.434367;00.5
0;2.62;-0.437035;0.240464;0;-0.245727;-0.436833;00.5
1;2.62;0.437035;-0.240464;0;0.245727;0.436833;00.5
0;2.63;-0.439448;0.236071;0;-0.241325;-0.439255;00.5
1;2.63;0.439448;-0.236071;0;0.241325;0.439255;00.5
0;2.64;-0.441817;0.231655;0;-0.2369;-0.441632;00.5
1;2.64;0.441817;-0.231655;0;0.2369;0.441632;00.5
0;2.65;-0.444142;0.227215;0;-0.232452;-0.443965;00.5
1;2.65;0.444142;-0.227215;0;0.232452;0.443965;00.5
0;2.66;-0.446422;0.222753;0;-0.227981;-0.446252;00.5
1;2.66;0.446422;-0.222753;0;0.227981;0.446252;00.5
0;2.67;-0.448657;0.218268;0;-0.223487;-0.448494;00.5
1;2.67;0.448657;-0.218268;0;0.223487;0.448494;00.5
0;2.68;-0.450846;0.213761;0;-0.218972;-0.450691;00.5
1;2.68;0.450846;-0.213761;0;0.218972;0.450691;00.5
0;2.69;-0.452991;0.209233;0;-0.214435;-0.452842;00.5
1;2.69;0.452991;-0.209233;0;0.214435;0.452842;00.5
0;2.7;-0.45509;0.204683;0;-0.209877;-0.454947;00.5
1;2.7;0.45509;-0.204683;0;0.209877;0.454947;00.5
0;2.71;-0.457143;0.200113;0;-0.205299;-0.457006;00.5
1;2.71;0.457143;-0.200113;0;0.205299;0.457006;00.5
0;2.72;-0.45915;0.195523;0;-0.2007;-0.459019;00.5
1;2.72;0.45915;-0.195523;0;0.2007;0.459019;00.5
0;2.73;-0.46111;0.190913;0;-0.196083;-0.460986;00.5
1;2.73;0.46111;-0.190913;0;0.196083;0.460986;00.5
0;2.74;-0.463025;0.186284;0;-0.191446;-0.462906;00.5
1;2.74;0.463025;-0.186284;0;0.191446;0.462906;00.5
0;2.75;-0.464893;0.181636;0;-0.18679;-0.464779;00.5
1;2.75;0.464893;-0.181636;0;0.18679;0.464779;00.5
0;2.76;-0.466714;0.17697;0;-0.182116;-0.466605;00.5
1;2.76;0.466714;-0.17697;0;0.182116;0.466605;00.5
0;2.77;-0.468488;0.172286;0;-0.177425;-0.468383;00.5
1;2.77;0.468488;-0.172286;0;0.177425;0.468383;00.5
0;2.78;-0.470215;0.167585;0;-0.172717;-0.470115;00.5
1;2.78;0.470215;-0.167585;0;0.172717;0.470115;00.5
0;2.79;-0.471895;0.162867;0;-0.167991;-0.471799;00.5
1;2.79;0.471895;-0.162867;0;0.167991;0.471799;00.5
0;2.8;-0.473528;0.158133;0;-0.16325;-0.473435;00.5
1;2.8;0.473528;-0.158133;0;0.16325;0.473435;00.5
0;2.81;-0.475113;0.153383;0;-0.158493;-0.475024;00.5
1;2.81;0.475113;-0.153383;0;0.158493;0.475024;00.5
0;2.82;-0.47665;0.148617;0;-0.153721;-0.476565;00.5
1;2.82;0.47665;-0.148617;0;0.153721;0.476565;00.5
0;2.83;-0.478139;0.143836;0;-0.148934;-0.478057;00.5
1;2.83;0.478139;-0.143836;0;0.148934;0.478057;00.5
0;2.84;-0.47958;0.139041;0;-0.144132;-0.479502;00.5
1;2.84;0.47958;-0.139041;0;0.144132;0.479502;00.5
0;2.85;-0.480974;0.134232;0;-0.139317;-0.480898;00.5
1;2.85;0.480974;-0.134232;0;0.139317;0.480898;00.5
0;2.86;-0.482319;0.12941;0;-0.134489;-0.482245;00.5
1;2.86;0.482319;-0.12941;0;0.134489;0.482245;00.5
0;2.87;-0.483615;0.124574;0;-0.129647;-0.483544;00.5
1;2.87;0.483615;-0.124574;0;0.129647;0.483544;00.5
0;2.88;-0.484863;0.119727;0;-0.124794;-0.484794;00.5
1;2.88;0.484863;-0.119727;0;0.124794;0.484794;00.5
0;2.89;-0.486062;0.114867;0;-0.119928;-0.485996;00.5
1;2.89;0.486062;-0.114867;0;0.119928;0.485996;00.5
0;2.9;-0.487213;0.109995;0;-0.115052;-0.487148;00.5
1;2.9;0.487213;-0.109995;0;0.115052;0.487148;00.5
0;2.91;-0.488314;0.105113;0;-0.110164;-0.488252;00.5
1;2.91;0.488314;-0.105113;0;0.110164;0.488252;00.5
0;2.92;-0.489367;0.10022;0;-0.105266;-0.489306;00.5
1;2.92;0.489367;-0.10022;0;0.105266;0.489306;00.5
0;2.93;-0.490371;0.0953164;0;-0.100359;-0.490311;00.5
1;2.93;0.490371;-0.0953164;0;0.100359;0.490311;00.5
0;2.94;-0.491325;0.0904037;0;-0.0954417;-0.491267;00.5
1;2.94;0.491325;-0.0904037;0;0.0954417;0.491267;00.5
0;2.95;-0.49223;0.085482;0;-0.0905158;-0.492173;00.5
1;2.95;0.49223;-0.085482;0;0.0905158;0.492173;00.5
0;2.96;-0.493086;0.0805517;0;-0.0855816;-0.49303;00.5
1;2.96;0.493086;-0.0805517;0;0.0855816;0.49303;00.5
0;2.97;-0.493892;0.0756133;0;-0.0806396;-0.493837;00.5
1;2.97;0.493892;-0.0756133;0;0.0806396;0.493837;00.5
0;2.98;-0.494649;0.0706674;0;-0.0756902;-0.494595;00.5
1;2.98;0.494649;-0.0706674;0;0.0756902;0.494595;00.5
0;2.99;-0.495357;0.0657144;0;-0.0707339;-0.495303;00.5
1;2.99;0.495357;-0.0657144;0;0.0707339;0.495303;00.5
0;3;-0.496014;0.0607547;0;-0.0657713;-0.495962;00.5
1;3;0.496014;-0.0607547;0;0.0657713;0.495962;00.5
0;3.01;-0.496622;0.055789;0;-0.0608029;-0.49657;00.5
1;3.01;0.496622;-0.055789;0;0.0608029;0.49657;00.5
0;3.02;-0.497181;0.0508178;0;-0.0558291;-0.497129;00.5
1;3.02;0.497181;-0.0508178;0;0.0558291;0.497129;00.5
0;3.03;-0.497689;0.0458414;0;-0.0508504;-0.497638;00.5
1;3.03;0.497689;-0.0458414;0;0.0508504;0.497638;00.5
0;3.04;-0.498148;0.0408604;0;-0.0458674;-0.498097;00.5
1;3.04;0.498148;-0.0408604;0;0.0458674;0.498097;00.5
0;3.05;-0.498557;0.0358753;0;-0.0408806;-0.498506;00.5
1;3.05;0.498557;-0.0358753;0;0.0408806;0.498506;00.5
0;3.06;-0.498916;0.0308867;0;-0.0358904;-0.498865;00.5
1;3.06;0.498916;-0.0308867;0;0.0358904;0.498865;00.5
0;3.07;-0.499225;0.025895;0;-0.0308974;-0.499174;00.5
1;3.07;0.499225;-0.025895;0;0.0308974;0.499174;00.5
0;3.08;-0.499484;0.0209006;0;-0.025902;-0.499433;00.5
1;3.08;0.499484;-0.0209006;0;0.025902;0.499433;00.5
0;3.09;-0.499693;0.0159042;0;-0.0209048;-0.499642;00.5
1;3.09;0.499693;-0.0159042;0;0.0209048;0.499642;00.5
0;3.1;-0.499852;0.0109062;0;-0.0159063;-0.499801;00.5
1;3.1;0.499852;-0.0109062;0;0.0159063;0.499801;00.5
0;3.11;-0.499961;0.00590709;0;-0.0109069;-0.49991;00.5
1;3.11;0.499961;-0.00590709;0;0.0109069;0.49991;00.5
0;3.12;-0.50002;0.000907396;0;-0.00590712;-0.499969;00.5
1;3.12;0.50002;-0.000907396;0;0.00590712;0.499969;00.5
0;3.13;-0.500029;-0.00409239;0;-0.000907546;-0.499979;00.5
1;3.13;0.500029;0.00409239;0;0.000907546;0.499979;00.5
0;3.14;-0.499988;-0.00909177;0;0.00409137;-0.499938;00.5
1;3.14;0.499988;0.00909177;0;-0.00409137;0.499938;00.5
0;3.15;-0.499897;-0.0140902;0;0.00908913;-0.499847;00.5
1;3.15;0.499897;0.0140902;0;-0.00908913;0.499847;00.5
0;3.16;-0.499756;-0.0190873;0;0.0140852;-0.499706;00.5
1;3.16;0.499756;0.0190873;0;-0.0140852;0.499706;00.5
0;3.17;-0.499565;-0.0240824;0;0.0190792;-0.499515;00.5
1;3.17;0.499565;0.0240824;0;-0.0190792;0.499515;00.5
0;3.18;-0.499325;-0.0290752;0;0.0240705;-0.499275;00.5
1;3.18;0.499325;0.0290752;0;-0.0240705;0.499275;00.5
0;3.19;-0.499034;-0.034065;0;0.0290586;-0.498984;00.5
1;3.19;0.499034;0.034065;0;-0.0290586;0.498984;00.5
0;3.2;-0.498694;-0.0390515;0;0.0340431;-0.498644;00.5
1;3.2;0.498694;0.0390515;0;-0.0340431;0.498644;00.5
0;3.21;-0.498304;-0.044034;0;0.0390235;-0.498254;00.5
1;3.21;0.498304;0.044034;0;-0.0390235;0.498254;00.5
0;3.22;-0.497864;-0.0490121;0;0.0439992;-0.497814;00.5
1;3.22;0.497864;0.0490121;0;-0.0439992;0.497814;00.5
0;3.23;-0.497374;-0.0539854;0;0.0489697;-0.497325;00.5
1;3.23;0.497374;0.0539854;0;-0.0489697;0.497325;00.5
0;3.24;-0.496834;-0.0589533;0;0.0539347;-0.496786;00.5
1;3.24;0.496834;0.0589533;0;-0.0539347;0.496786;00.5
0;3.25;-0.496246;-0.0639152;0;0.0588935;-0.496198;00.5
1;3.25;0.496246;0.0639152;0;-0.0588935;0.496198;00.5
0;3.26;-0.495607;-0.0688708;0;0.0638457;-0.49556;00.5
1;3.26;0.495607;0.0688708;0;-0.0638457;0.49556;00.5
0;3.27;-0.494919;-0.0738196;0;0.0687908;-0.494873;00.5
1;3.27;0.494919;0.0738196;0;-0.0687908;0.494873;00.5
0;3.28;-0.494182;-0.0787609;0;0.0737283;-0.494136;00.5
1;3.28;0.494182;0.0787609;0;-0.0737283;0.494136;00.5
0;3.29;-0.493395;-0.0836944;0;0.0786577;-0.49335;00.5
1;3.29;0.493395;0.0836944;0;-0.0786577;0.49335;00.5
0;3.3;-0.49256;-0.0886196;0;0.0835786;-0.492516;00.5
1;3.3;0.49256;0.0886196;0;-0.0835786;0.492516;00.5
0;3.31;-0.491675;-0.0935359;0;0.0884904;-0.491632;00.5
1;3.31;0.491675;0.0935359;0;-0.0884904;0.491632;00.5
0;3.32;-0.490741;-0.0984429;0;0.0933926;-0.490699;00.5
1;3.32;0.490741;0.0984429;0;-0.0933926;0.490699;00.5
0;3.33;-0.489758;-0.10334;0;0.0982848;-0.489718;00.5
1;3.33;0.489758;0.10334;0;-0.0982848;0.489718;00.5
0;3.34;-0.488726;-0.108227;0;0.103167;-0.488688;00.5
1;3.34;0.488726;0.108227;0;-0.103167;0.488688;00.5
0;3.35;-0.487646;-0.113103;0;0.108037;-0.487609;00.5
1;3.35;0.487646;0.113103;0;-0.108037;0.487609;00.5
0;3.36;-0.486517;-0.117968;0;0.112896;-0.486482;00.5
1;3.36;0.486517;0.117968;0;-0.112896;0.486482;00.5
0;3.37;-0.485339;-0.122821;0;0.117744;-0.485307;00.5
1;3.37;0.485339;0.122821;0;-0.117744;0.485307;00.5
0;3.38;-0.484114;-0.127662;0;0.122579;-0.484083;00.5
1;3.38;0.484114;0.127662;0;-0.122579;0.484083;00.5
0;3.39;-0.48284;-0.13249;0;0.1274;-0.482812;00.5
1;3.39;0.48284;0.13249;0;-0.1274;0.482812;00.5
0;3.4;-0.481518;-0.137305;0;0.132209;-0.481492;00.5
1;3.4;0.481518;0.137305;0;-0.132209;0.481492;00.5
0;3.41;-0.480147;-0.142106;0;0.137004;-0.480125;00.5
1;3.41;0.480147;0.142106;0;-0.137004;0.480125;00.5
0;3.42;-0.47873;-0.146893;0;0.141784;-0.47871;00.5
1;3.42;0.47873;0.146893;0;-0.141784;0.47871;00.5
0;3.43;-0.477264;-0.151666;0;0.14655;-0.477248;00.5
1;3.43;0.477264;0.151666;0;-0.14655;0.477248;00.5
0;3.44;-0.475751;-0.156423;0;0.1513;-0.475739;00.5
1;3.44;0.475751;0.156423;0;-0.1513;0.475739;00.5
0;3.45;-0.474191;-0.161165;0;0.156034;-0.474182;00.5
1;3.45;0.474191;0.161165;0;-0.156034;0.474182;00.5
0;3.46;-0.472583;-0.165891;0;0.160753;-0.472578;00.5
1;3.46;0.472583;0.165891;0;-0.160753;0.472578;00.5
0;3.47;-0.470929;-0.1706;0;0.165455;-0.470928;00.5
1;3.47;0.470929;0.1706;0;-0.165455;0.470928;00.5
0;3.48;-0.469227;-0.175292;0;0.170139;-0.469231;00.5
1;3.48;0.469227;0.175292;0;-0.170139;0.469231;00.5
0;3.49;-0.467479;-0.179967;0;0.174806;-0.467487;00.5
1;3.49;0.467479;0.179967;0;-0.174806;0.467487;00.5
0;3.5;-0.465685;-0.184624;0;0.179455;-0.465698;00.5
1;3.5;0.465685;0.184624;0;-0.179455;0.465698;00.5
0;3.51;-0.463844;-0.189263;0;0.184086;-0.463862;00.5
1;3.51;0.463844;0.189263;0;-0.184086;0.463862;00.5
0;3.52;-0.461957;-0.193882;0;0.188697;-0.46198;00.5
1;3.52;0.461957;0.193882;0;-0.188697;0.46198;00.5
0;3.53;-0.460024;-0.198483;0;0.193289;-0.460053;00.5
1;3.53;0.460024;0.198483;0;-0.193289;0.460053;00.5
0;3.54;-0.458045;-0.203064;0;0.197862;-0.45808;00.5
1;3.54;0.458045;0.203064;0;-0.197862;0.45808;00.5
0;3.55;-0.456021;-0.207624;0;0.202414;-0.456062;00.5
1;3.55;0.456021;0.207624;0;-0.202414;0.456062;00.5
0;3.56;-0.453952;-0.212164;0;0.206945;-0.453999;00.5
1;3.56;0.453952;0.212164;0;-0.206945;0.453999;00.5
0;3.57;-0.451837;-0.216683;0;0.211455;-0.451891;00.5
1;3.57;0.451837;0.216683;0;-0.211455;0.451891;00.5
0;3.58;-0.449678;-0.221181;0;0.215943;-0.449739;00.5
1;3.58;0.449678;0.221181;0;-0.215943;0.449739;00.5
0;3.59;-0.447474;-0.225656;0;0.22041;-0.447542;00.5
1;3.59;0.447474;0.225656;0;-0.22041;0.447542;00.5
0;3.6;-0.445225;-0.230109;0;0.224854;-0.445301;00.5
1;3.6;0.445225;0.230109;0;-0.224854;0.445301;00.5
0;3.61;-0.442932;-0.234539;0;0.229275;-0.443016;00.5
1;3.61;0.442932;0.234539;0;-0.229275;0.443016;00.5
0;3.62;-0.440596;-0.238946;0;0.233672;-0.440687;00.5
1;3.62;0.440596;0.238946;0;-0.233672;0.440687;00.5
0;3.63;-0.438215;-0.243329;0;0.238046;-0.438315;00.5
1;3.63;0.438215;0.243329;0;-0.238046;0.438315;00.5
0;3.64;-0.435791;-0.247688;0;0.242396;-0.4359;00.5
1;3.64;0.435791;0.247688;0;-0.242396;0.4359;00.5
0;3.65;-0.433324;-0.252023;0;0.246721;-0.433442;00.5
1;3.65;0.433324;0.252023;0;-0.246721;0.433442;00.5
0;3.66;-0.430814;-0.256332;0;0.251021;-0.430941;00.5
1;3.66;0.430814;0.256332;0;-0.251021;0.430941;00.5
0;3.67;-0.428261;-0.260616;0;0.255296;-0.428397;00.5
1;3.67;0.428261;0.260616;0;-0.255296;0.428397;00.5
0;3.68;-0.425665;-0.264874;0;0.259544;-0.425812;00.5
1;3.68;0.425665;0.264874;0;-0.259544;0.425812;00.5
0;3.69;-0.423028;-0.269106;0;0.263767;-0.423184;00.5
1;3.69;0.423028;0.269106;0;-0.263767;0.423184;00.5
0;3.7;-0.420348;-0.273311;0;0.267963;-0.420515;00.5
1;3.7;0.420348;0.273311;0;-0.267963;0.420515;00.5
0;3.71;-0.417627;-0.277489;0;0.272131;-0.417805;00.5
1;3.71;0.417627;0.277489;0;-0.272131;0.417805;00.5
0;3.72;-0.414864;-0.28164;0;0.276272;-0.415053;00.5
1;3.72;0.414864;0.28164;0;-0.276272;0.415053;00.5
0;3.73;-0.41206;-0.285762;0;0.280386;-0.412261;00.5
1;3.73;0.41206;0.285762;0;-0.280386;0.412261;00.5
0;3.74;-0.409216;-0.289857;0;0.284471;-0.409428;00.5
1;3.74;0.409216;0.289857;0;-0.284471;0.409428;00.5
0;3.75;-0.40633;-0.293922;0;0.288527;-0.406555;00.5
1;3.75;0.40633;0.293922;0;-0.288527;0.406555;00.5
0;3.76;-0.403405;-0.297959;0;0.292554;-0.403642;00.5
1;3.76;0.403405;0.297959;0;-0.292554;0.403642;00.5
0;3.77;-0.400439;-0.301966;0;0.296552;-0.400689;00.5
1;3.77;0.400439;0.301966;0;-0.296552;0.400689;00.5
0;3.78;-0.397434;-0.305943;0;0.300519;-0.397697;00.5
1;3.78;0.397434;0.305943;0;-0.300519;0.397697;00.5
0;3.79;-0.394389;-0.309889;0;0.304457;-0.394666;00.5
1;3.79;0.394389;0.309889;0;-0.304457;0.394666;00.5
0;3.8;-0.391306;-0.313805;0;0.308364;-0.391596;00.5
1;3.8;0.391306;0.313805;0;-0.308364;0.391596;00.5
0;3.81;-0.388183;-0.31769;0;0.31224;-0.388488;00.5
1;3.81;0.388183;0.31769;0;-0.31224;0.388488;00.5
0;3.82;-0.385023;-0.321543;0;0.316084;-0.385341;00.5
1;3.82;0.385023;0.321543;0;-0.316084;0.385341;00.5
0;3.83;-0.381824;-0.325365;0;0.319897;-0.382157;00.5
1;3.83;0.381824;0.325365;0;-0.319897;0.382157;00.5
0;3.84;-0.378587;-0.329154;0;0.323678;-0.378936;00.5
1;3.84;0.378587;0.329154;0;-0.323678;0.378936;00.5
0;3.85;-0.375313;-0.332911;0;0.327426;-0.375677;00.5
1;3.85;0.375313;0.332911;0;-0.327426;0.375677;00.5
0;3.86;-0.372001;-0.336635;0;0.331141;-0.372381;00.5
1;3.86;0.372001;0.336635;0;-0.331141;0.372381;00.5
0;3.87;-0.368653;-0.340325;0;0.334824;-0.369049;00.5
1;3.87;0.368653;0.340325;0;-0.334824;0.369049;00.5
0;3.88;-0.365268;-0.343982;0;0.338472;-0.365681;00.5
1;3.88;0.365268;0.343982;0;-0.338472;0.365681;00.5
0;3.89;-0.361847;-0.347605;0;0.342087;-0.362277;00.5
1;3.89;0.361847;0.347605;0;-0.342087;0.362277;00.5
0;3.9;-0.358391;-0.351193;0;0.345668;-0.358837;00.5
1;3.9;0.358391;0.351193;0;-0.345668;0.358837;00.5
0;3.91;-0.354899;-0.354747;0;0.349214;-0.355362;00.5
1;3.91;0.354899;0.354747;0;-0.349214;0.355362;00.5
0;3.92;-0.351371;-0.358266;0;0.352725;-0.351853;00.5
1;3.92;0.351371;0.358266;0;-0.352725;0.351853;00.5
0;3.93;-0.347809;-0.361749;0;0.3562;-0.348309;00.5
1;3.93;0.347809;0.361749;0;-0.3562;0.348309;00.5
0;3.94;-0.344213;-0.365196;0;0.359641;-0.344731;00.5
1;3.94;0.344213;0.365196;0;-0.359641;0.344731;00.5
0;3.95;-0.340582;-0.368607;0;0.363045;-0.341119;00.5
1;3.95;0.340582;0.368607;0;-0.363045;0.341119;00.5
0;3.96;-0.336918;-0.371982;0;0.366413;-0.337474;00.5
1;3.96;0.336918;0.371982;0;-0.366413;0.337474;00.5
0;3.97;-0.333221;-0.37532;0;0.369744;-0.333796;00.5
1;3.97;0.333221;0.37532;0;-0.369744;0.333796;00.5
0;3.98;-0.32949;-0.378621;0;0.373039;-0.330085;00.5
1;3.98;0.32949;0.378621;0;-0.373039;0.330085;00.5
0;3.99;-0.325728;-0.381884;0;0.376296;-0.326342;00.5
1;3.99;0.325728;0.381884;0;-0.376296;0.326342;00.5
0;4;-0.321932;-0.38511;0;0.379516;-0.322567;00.5
1;4;0.321932;0.38511;0;-0.379516;0.322567;00.5
0;4.01;-0.318105;-0.388297;0;0.382698;-0.31876;00.5
1;4.01;0.318105;0.388297;0;-0.382698;0.31876;00.5
0;4.02;-0.314247;-0.391447;0;0.385842;-0.314923;00.5
1;4.02;0.314247;0.391447;0;-0.385842;0.314923;00.5
0;4.03;-0.310357;-0.394557;0;0.388947;-0.311054;00.5
1;4.03;0.310357;0.394557;0;-0.388947;0.311054;00.5
0;4.04;-0.306437;-0.397629;0;0.392014;-0.307155;00.5
1;4.04;0.306437;0.397629;0;-0.392014;0.307155;00.5
0;4.05;-0.302487;-0.400661;0;0.395042;-0.303227;00.5
1;4.05;0.302487;0.400661;0;-0.395042;0.303227;00.5
0;4.06;-0.298507;-0.403654;0;0.39803;-0.299268;00.5
1;4.06;0.298507;0.403654;0;-0.39803;0.299268;00.5
0;4.07;-0.294497;-0.406606;0;0.400979;-0.295281;00.5
1;4.07;0.294497;0.406606;0;-0.400979;0.295281;00.5
0;4.08;-0.290458;-0.409519;0;0.403888;-0.291264;00.5
1;4.08;0.290458;0.409519;0;-0.403888;0.291264;00.5
0;4.09;-0.28639;-0.412391;0;0.406757;-0.28722;00.5
1;4.09;0.28639;0.412391;0;-0.406757;0.28722;00.5
0;4.1;-0.282295;-0.415223;0;0.409586;-0.283147;00.5
1;4.1;0.282295;0.415223;0;-0.409586;0.283147;00.5
0;4.11;-0.278171;-0.418013;0;0.412373;-0.279046;00.5
1;4.11;0.278171;0.418013;0;-0.412373;0.279046;00.5
0;4.12;-0.27402;-0.420762;0;0.41512;-0.274919;00.5
1;4.12;0.27402;0.420762;0;-0.41512;0.274919;00.5
0;4.13;-0.269841;-0.42347;0;0.417826;-0.270764;00.5
1;4.13;0.269841;0.42347;0;-0.417826;0.270764;00.5
0;4.14;-0.265636;-0.426136;0;0.42049;-0.266583;00.5
1;4.14;0.265636;0.426136;0;-0.42049;0.266583;00.5
0;4.15;-0.261405;-0.42876;0;0.423112;-0.262376;00.5
1;4.15;0.261405;0.42876;0;-0.423112;0.262376;00.5
0;4.16;-0.257148;-0.431341;0;0.425693;-0.258144;00.5
1;4.16;0.257148;0.431341;0;-0.425693;0.258144;00.5
0;4.17;-0.252866;-0.43388;0;0.428231;-0.253886;00.5
1;4.17;0.252866;0.43388;0;-0.428231;0.253886;00.5
0;4.18;-0.248559;-0.436376;0;0.430727;-0.249604;00.5
1;4.18;0.248559;0.436376;0;-0.430727;0.249604;00.5
0;4.19;-0.244227;-0.438829;0;0.43318;-0.245297;00.5
1;4.19;0.244227;0.438829;0;-0.43318;0.245297;00.5
0;4.2;-0.239871;-0.441239;0;0.43559;-0.240967;00.5
1;4.2;0.239871;0.441239;0;-0.43559;0.240967;00.5
0;4.21;-0.235492;-0.443605;0;0.437957;-0.236613;00.5
1;4.21;0.235492;0.443605;0;-0.437957;0.236613;00.5
0;4.22;-0.231089;-0.445927;0;0.44028;-0.232236;00.5
1;4.22;0.231089;0.445927;0;-0.44028;0.232236;00.5
0;4.23;-0.226663;-0.448205;0;0.44256;-0.227836;00.5
1;4.23;0.226663;0.448205;0;-0.44256;0.227836;00.5
0;4.24;-0.222215;-0.45044;0;0.444796;-0.223414;00.5
1;4.24;0.222215;0.45044;0;-0.444796;0.223414;00.5
0;4.25;-0.217745;-0.452629;0;0.446989;-0.218971;00.5
1;4.25;0.217745;0.452629;0;-0.446989;0.218971;00.5
0;4.26;-0.213254;-0.454774;0;0.449137;-0.214506;00.5
1;4.26;0.213254;0.454774;0;-0.449137;0.214506;00.5
0;4.27;-0.208742;-0.456875;0;0.45124;-0.21002;00.5
1;4.27;0.208742;0.456875;0;-0.45124;0.21002;00.5
0;4.28;-0.204209;-0.45893;0;0.453299;-0.205514;00.5
1;4.28;0.204209;0.45893;0;-0.453299;0.205514;00.5
0;4.29;-0.199655;-0.46094;0;0.455313;-0.200988;00.5
1;4.29;0.199655;0.46094;0;-0.455313;0.200988;00.5
0;4.3;-0.195083;-0.462904;0;0.457282;-0.196442;00.5
1;4.3;0.195083;0.462904;0;-0.457282;0.196442;00.5
0;4.31;-0.190491;-0.464823;0;0.459206;-0.191877;00.5
1;4.31;0.190491;0.464823;0;-0.459206;0.191877;00.5
0;4.32;-0.18588;-0.466696;0;0.461084;-0.187293;00.5
1;4.32;0.18588;0.466696;0;-0.461084;0.187293;00.5
0;4.33;-0.181251;-0.468523;0;0.462917;-0.182692;00.5
1;4.33;0.181251;0.468523;0;-0.462917;0.182692;00.5
0;4.34;-0.176603;-0.470303;0;0.464704;-0.178072;00.5
1;4.34;0.176603;0.470303;0;-0.464704;0.178072;00.5
0;4.35;-0.171939;-0.472038;0;0.466445;-0.173435;00.5
1;4.35;0.171939;0.472038;0;-0.466445;0.173435;00.5
0;4.36;-0.167258;-0.473726;0;0.46814;-0.168782;00.5
1;4.36;0.167258;0.473726;0;-0.46814;0.168782;00.5
0;4.37;-0.16256;-0.475367;0;0.469789;-0.164112;00.5
1;4.37;0.16256;0.475367;0;-0.469789;0.164112;00.5
0;4.38;-0.157846;-0.476961;0;0.471392;-0.159426;00.5
1;4.38;0.157846;0.476961;0;-0.471392;0.159426;00.5
0;4.39;-0.153116;-0.478508;0;0.472948;-0.154724;00.5
1;4.39;0.153116;0.478508;0;-0.472948;0.154724;00.5
0;4.4;-0.148372;-0.480008;0;0.474457;-0.150007;00.5
1;4.4;0.148372;0.480008;0;-0.474457;0.150007;00.5
0;4.41;-0.143613;-0.481461;0;0.475919;-0.145276;00.5
1;4.41;0.143613;0.481461;0;-0.475919;0.145276;00.5
0;4.42;-0.138839;-0.482866;0;0.477335;-0.140531;00.5
1;4.42;0.138839;0.482866;0;-0.477335;0.140531;00.5
0;4.43;-0.134052;-0.484224;0;0.478703;-0.135772;00.5
1;4.43;0.134052;0.484224;0;-0.478703;0.135772;00.5
0;4.44;-0.129252;-0.485534;0;0.480024;-0.131;00.5
1;4.44;0.129252;0.485534;0;-0.480024;0.131;00.5
0;4.45;-0.124439;-0.486796;0;0.481298;-0.126215;00.5
1;4.45;0.124439;0.486796;0;-0.481298;0.126215;00.5
0;4.46;-0.119614;-0.48801;0;0.482524;-0.121418;00.5
1;4.46;0.119614;0.48801;0;-0.482524;0.121418;00.5
0;4.47;-0.114777;-0.489176;0;0.483703;-0.116609;00.5
1;4.47;0.114777;0.489176;0;-0.483703;0.116609;00.5
0;4.48;-0.109928;-0.490294;0;0.484834;-0.111789;00.5
1;4.48;0.109928;0.490294;0;-0.484834;0.111789;00.5
0;4.49;-0.105069;-0.491364;0;0.485917;-0.106958;00.5
1;4.49;0.105069;0.491364;0;-0.485917;0.106958;00.5
0;4.5;-0.1002;-0.492385;0;0.486952;-0.102116;00.5
1;4.5;0.1002;0.492385;0;-0.486952;0.102116;00.5
0;4.51;-0.0953203;-0.493358;0;0.487939;-0.0972648;00.5
1;4.51;0.0953203;0.493358;0;-0.487939;0.0972648;00.5
0;4.52;-0.0904315;-0.494282;0;0.488879;-0.092404;00.5
1;4.52;0.0904315;0.494282;0;-0.488879;0.092404;00.5
0;4.53;-0.0855338;-0.495157;0;0.48977;-0.0875342;00.5
1;4.53;0.0855338;0.495157;0;-0.48977;0.0875342;00.5
0;4.54;-0.0806277;-0.495984;0;0.490612;-0.0826559;00.5
1;4.54;0.0806277;0.495984;0;-0.490612;0.0826559;00.5
0;4.55;-0.0757136;-0.496761;0;0.491407;-0.0777695;00.5
1;4.55;0.0757136;0.496761;0;-0.491407;0.0777695;00.5
0;4.56;-0.0707921;-0.49749;0;0.492152;-0.0728756;00.5
1;4.56;0.0707921;0.49749;0;-0.492152;0.0728756;00.5
0;4.57;-0.0658636;-0.49817;0;0.49285;-0.0679747;00.5
1;4.57;0.0658636;0.49817;0;-0.49285;0.0679747;00.5
0;4.58;-0.0609286;-0.4988;0;0.493499;-0.0630671;00.5
1;4.58;0.0609286;0.4988;0;-0.493499;0.0630671;00.5
0;4.59;-0.0559876;-0.499382;0;0.494099;-0.0581534;00.5
1;4.59;0.0559876;0.499382;0;-0.494099;0.0581534;00.5
0;4.6;-0.0510411;-0.499914;0;0.49465;-0.0532341;00.5
1;4.6;0.0510411;0.499914;0;-0.49465;0.0532341;00.5
0;4.61;-0.0460896;-0.500397;0;0.495153;-0.0483095;00.5
1;4.61;0.0460896;0.500397;0;-0.495153;0.0483095;00.5
0;4.62;-0.0411335;-0.500831;0;0.495607;-0.0433803;00.5
1;4.62;0.0411335;0.500831;0;-0.495607;0.0433803;00.5
0;4.63;-0.0361734;-0.501216;0;0.496012;-0.0384469;00.5
1;4.63;0.0361734;0.501216;0;-0.496012;0.0384469;00.5
0;4.64;-0.0312097;-0.501551;0;0.496369;-0.0335098;00.5
1;4.64;0.0312097;0.501551;0;-0.496369;0.0335098;00.5
0;4.65;-0.0262429;-0.501837;0;0.496676;-0.0285694;00.5
1;4.65;0.0262429;0.501837;0;-0.496676;0.0285694;00.5
0;4.66;-0.0212736;-0.502073;0;0.496935;-0.0236262;00.5
1;4.66;0.0212736;0.502073;0;-0.496935;0.0236262;00.5
0;4.67;-0.0163021;-0.50226;0;0.497144;-0.0186807;00.5
1;4.67;0.0163021;0.50226;0;-0.497144;0.0186807;00.5
0;4.68;-0.0113291;-0.502397;0;0.497305;-0.0137334;00.5
1;4.68;0.0113291;0.502397;0;-0.497305;0.0137334;00.5
0;4.69;-0.00635493;-0.502485;0;0.497416;-0.00878479;00.5
1;4.69;0.00635493;0.502485;0;-0.497416;0.00878479;00.5
0;4.7;-0.00138014;-0.502523;0;0.497479;-0.00383531;00.5
1;4.7;0.00138014;0.502523;0;-0.497479;0.00383531;00.5
0;4.71;0.00359479;-0.502512;0;0.497493;0.00111456;00.5
1;4.71;-0.00359479;0.502512;0;-0.497493;-0.00111456;00.5
0;4.72;0.00856936;-0.502451;0;0.497457;0.00606431;00.5
1;4.72;-0.00856936;0.502451;0;-0.497457;-0.00606431;00.5
0;4.73;0.0135431;-0.502341;0;0.497373;0.0110135;00.5
1;4.73;-0.0135431;0.502341;0;-0.497373;-0.0110135;00.5
0;4.74;0.0185155;-0.502182;0;0.497239;0.0159616;00.5
1;4.74;-0.0185155;0.502182;0;-0.497239;-0.0159616;00.5
0;4.75;0.0234861;-0.501973;0;0.497057;0.0209082;00.5
1;4.75;-0.0234861;0.501973;0;-0.497057;-0.0209082;00.5
0;4.76;0.0284543;-0.501714;0;0.496826;0.0258527;00.5
1;4.76;-0.0284543;0.501714;0;-0.496826;-0.0258527;00.5
0;4.77;0.0334198;-0.501406;0;0.496545;0.0307947;00.5
1;4.77;-0.0334198;0.501406;0;-0.496545;-0.0307947;00.5
0;4.78;0.0383819;-0.501049;0;0.496216;0.0357338;00.5
1;4.78;-0.0383819;0.501049;0;-0.496216;-0.0357338;00.5
0;4.79;0.0433403;-0.500642;0;0.495838;0.0406694;00.5
1;4.79;-0.0433403;0.500642;0;-0.495838;-0.0406694;00.5
0;4.8;0.0482944;-0.500186;0;0.495411;0.045601;00.5
1;4.8;-0.0482944;0.500186;0;-0.495411;-0.045601;00.5
0;4.81;0.0532438;-0.499681;0;0.494935;0.0505282;00.5
1;4.81;-0.0532438;0.499681;0;-0.494935;-0.0505282;00.5
0;4.82;0.0581879;-0.499126;0;0.494411;0.0554505;00.5
1;4.82;-0.0581879;0.499126;0;-0.494411;-0.0554505;00.5
0;4.83;0.0631263;-0.498523;0;0.493838;0.0603675;00.5
1;4.83;-0.0631263;0.498523;0;-0.493838;-0.0603675;00.5
0;4.84;0.0680584;-0.49787;0;0.493216;0.0652786;00.5
1;4.84;-0.0680584;0.49787;0;-0.493216;-0.0652786;00.5
0;4.85;0.0729839;-0.497168;0;0.492545;0.0701833;00.5
1;4.85;-0.0729839;0.497168;0;-0.492545;-0.0701833;00.5
0;4.86;0.0779021;-0.496417;0;0.491826;0.0750813;00.5
1;4.86;-0.0779021;0.496417;0;-0.491826;-0.0750813;00.5
0;4.87;0.0828127;-0.495617;0;0.491059;0.079972;00.5
1;4.87;-0.0828127;0.495617;0;-0.491059;-0.079972;00.5
0;4.88;0.0877152;-0.494769;0;0.490243;0.0848549;00.5
1;4.88;-0.0877152;0.494769;0;-0.490243;-0.0848549;00.5
0;4.89;0.0926089;-0.493872;0;0.489379;0.0897295;00.5
1;4.89;-0.0926089;0.493872;0;-0.489379;-0.0897295;00.5
0;4.9;0.0974936;-0.492926;0;0.488466;0.0945955;00.5
1;4.9;-0.0974936;0.492926;0;-0.488466;-0.0945955;00.5
0;4.91;0.102369;-0.491931;0;0.487506;0.0994523;00.5
1;4.91;-0.102369;0.491931;0;-0.487506;-0.0994523;00.5
0;4.92;0.107234;-0.490888;0;0.486497;0.104299;00.5
1;4.92;-0.107234;0.490888;0;-0.486497;-0.104299;00.5
0;4.93;0.112088;-0.489797;0;0.48544;0.109136;00.5
1;4.93;-0.112088;0.489797;0;-0.48544;-0.109136;00.5
0;4.94;0.116931;-0.488657;0;0.484336;0.113963;00.5
1;4.94;-0.116931;0.488657;0;-0.484336;-0.113963;00.5
0;4.95;0.121763;-0.487469;0;0.483184;0.118778;00.5
1;4.95;-0.121763;0.487469;0;-0.483184;-0.118778;00.5
0;4.96;0.126583;-0.486233;0;0.481984;0.123582;00.5
1;4.96;-0.126583;0.486233;0;-0.481984;-0.123582;00.5
0;4.97;0.13139;-0.48495;0;0.480736;0.128374;00.5
1;4.97;-0.13139;0.48495;0;-0.480736;-0.128374;00.5
0;4.98;0.136185;-0.483618;0;0.479441;0.133153;00.5
1;4.98;-0.136185;0.483618;0;-0.479441;-0.133153;00.5
0;4.99;0.140966;-0.482239;0;0.478099;0.13792;00.5
1;4.99;-0.140966;0.482239;0;-0.478099;-0.13792;00.5
0;5;0.145733;-0.480812;0;0.47671;0.142673;00.5
1;5;-0.145733;0.480812;0;-0.47671;-0.142673;00.5
0;5.01;0.150486;-0.479338;0;0.475273;0.147412;00.5
1;5.01;-0.150486;0.479338;0;-0.475273;-0.147412;00.5
0;5.02;0.155224;-0.477817;0;0.47379;0.152137;00.5
1;5.02;-0.155224;0.477817;0;-0.47379;-0.152137;00.5
0;5.03;0.159946;-0.476248;0;0.47226;0.156847;00.5
1;5.03;-0.159946;0.476248;0;-0.47226;-0.156847;00.5
0;5.04;0.164653;-0.474633;0;0.470683;0.161542;00.5
1;5.04;-0.164653;0.474633;0;-0.470683;-0.161542;00.5
0;5.05;0.169344;-0.472971;0;0.46906;0.166221;00.5
1;5.05;-0.169344;0.472971;0;-0.46906;-0.166221;00.5
0;5.06;0.174017;-0.471262;0;0.46739;0.170884;00.5
1;5.06;-0.174017;0.471262;0;-0.46739;-0.170884;00.5
0;5.07;0.178674;-0.469507;0;0.465675;0.17553;00.5
1;5.07;-0.178674;0.469507;0;-0.465675;-0.17553;00.5
0;5.08;0.183313;-0.467705;0;0.463913;0.18016;00.5
1;5.08;-0.183313;0.467705;0;-0.463913;-0.18016;00.5
0;5.09;0.187934;-0.465857;0;0.462105;0.184771;00.5
1;5.09;-0.187934;0.465857;0;-0.462105;-0.184771;00.5
0;5.1;0.192537;-0.463964;0;0.460252;0.189365;00.5
1;5.1;-0.192537;0.463964;0;-0.460252;-0.189365;00.5
0;5.11;0.19712;-0.462024;0;0.458353;0.193941;00.5
1;5.11;-0.19712;0.462024;0;-0.458353;-0.193941;00.5
0;5.12;0.201685;-0.460039;0;0.456409;0.198497;00.5
1;5.12;-0.201685;0.460039;0;-0.456409;-0.198497;00.5
0;5.13;0.206229;-0.458009;0;0.45442;0.203035;00.5
1;5.13;-0.206229;0.458009;0;-0.45442;-0.203035;00.5
0;5.14;0.210753;-0.455933;0;0.452386;0.207552;00.5
1;5.14;-0.210753;0.455933;0;-0.452386;-0.207552;00.5
0;5.15;0.215256;-0.453813;0;0.450307;0.21205;00.5
1;5.15;-0.215256;0.453813;0;-0.450307;-0.21205;00.5
0;5.16;0.219738;-0.451648;0;0.448184;0.216526;00.5
1;5.16;-0.219738;0.451648;0;-0.448184;-0.216526;00.5
0;5.17;0.224198;-0.449438;0;0.446016;0.220982;00.5
1;5.17;-0.224198;0.449438;0;-0.446016;-0.220982;00.5
0;5.18;0.228636;-0.447184;0;0.443804;0.225416;00.5
1;5.18;-0.228636;0.447184;0;-0.443804;-0.225416;00.5
0;5.19;0.233051;-0.444885;0;0.441548;0.229828;00.5
1;5.19;-0.233051;0.444885;0;-0.441548;-0.229828;00.5
0;5.2;0.237444;-0.442543;0;0.439248;0.234218;00.5
1;5.2;-0.237444;0.442543;0;-0.439248;-0.234218;00.5
0;5.21;0.241813;-0.440157;0;0.436905;0.238585;00.5
1;5.21;-0.241813;0.440157;0;-0.436905;-0.238585;00.5
0;5.22;0.246158;-0.437728;0;0.434519;0.242929;00.5
1;5.22;-0.246158;0.437728;0;-0.434519;-0.242929;00.5
0;5.23;0.250479;-0.435256;0;0.43209;0.247249;00.5
1;5.23;-0.250479;0.435256;0;-0.43209;-0.247249;00.5
0;5.24;0.254775;-0.43274;0;0.429617;0.251545;00.5
1;5.24;-0.254775;0.43274;0;-0.429617;-0.251545;00.5
0;5.25;0.259046;-0.430182;0;0.427102;0.255817;00.5
1;5.25;-0.259046;0.430182;0;-0.427102;-0.255817;00.5
0;5.26;0.263291;-0.427581;0;0.424545;0.260063;00.5
1;5.26;-0.263291;0.427581;0;-0.424545;-0.260063;00.5
0;5.27;0.267511;-0.424938;0;0.421946;0.264285;00.5
1;5.27;-0.267511;0.424938;0;-0.421946;-0.264285;00.5
0;5.28;0.271704;-0.422254;0;0.419305;0.26848;00.5
1;5.28;-0.271704;0.422254;0;-0.419305;-0.26848;00.5
0;5.29;0.27587;-0.419527;0;0.416622;0.272649;00.5
1;5.29;-0.27587;0.419527;0;-0.416622;-0.272649;00.5
0;5.3;0.280009;-0.416759;0;0.413898;0.276792;00.5
1;5.3;-0.280009;0.416759;0;-0.413898;-0.276792;00.5
0;5.31;0.284121;-0.41395;0;0.411132;0.280908;00.5
1;5.31;-0.284121;0.41395;0;-0.411132;-0.280908;00.5
0;5.32;0.288204;-0.4111;0;0.408326;0.284996;00.5
1;5.32;-0.288204;0.4111;0;-0.408326;-0.284996;00.5
0;5.33;0.292259;-0.40821;0;0.40548;0.289057;00.5
1;5.33;-0.292259;0.40821;0;-0.40548;-0.289057;00.5
0;5.34;0.296284;-0.405279;0;0.402593;0.293089;00.5
1;5.34;-0.296284;0.405279;0;-0.402593;-0.293089;00.5
0;5.35;0.300281;-0.402308;0;0.399665;0.297093;00.5
1;5.35;-0.300281;0.402308;0;-0.399665;-0.297093;00.5
0;5.36;0.304248;-0.399297;0;0.396699;0.301068;00.5
1;5.36;-0.304248;0.399297;0;-0.396699;-0.301068;00.5
0;5.37;0.308185;-0.396247;0;0.393692;0.305013;00.5
1;5.37;-0.308185;0.396247;0;-0.393692;-0.305013;00.5
0;5.38;0.312092;-0.393158;0;0.390647;0.308929;00.5
1;5.38;-0.312092;0.393158;0;-0.390647;-0.308929;00.5
0;5.39;0.315967;-0.39003;0;0.387563;0.312814;00.5
1;5.39;-0.315967;0.39003;0;-0.387563;-0.312814;00.5
0;5.4;0.319812;-0.386863;0;0.38444;0.316669;00.5
1;5.4;-0.319812;0.386863;0;-0.38444;-0.316669;00.5
0;5.41;0.323624;-0.383658;0;0.381279;0.320493;00.5
1;5.41;-0.323624;0.383658;0;-0.381279;-0.320493;00.5
0;5.42;0.327405;-0.380415;0;0.378079;0.324286;00.5
1;5.42;-0.327405;0.380415;0;-0.378079;-0.324286;00.5
0;5.43;0.331154;-0.377135;0;0.374843;0.328047;00.5
1;5.43;-0.331154;0.377135;0;-0.374843;-0.328047;00.5
0;5.44;0.334869;-0.373817;0;0.371568;0.331776;00.5
1;5.44;-0.334869;0.373817;0;-0.371568;-0.331776;00.5
0;5.45;0.338552;-0.370462;0;0.368257;0.335472;00.5
1;5.45;-0.338552;0.370462;0;-0.368257;-0.335472;00.5
0;5.46;0.342201;-0.367071;0;0.364909;0.339136;00.5
1;5.46;-0.342201;0.367071;0;-0.364909;-0.339136;00.5
0;5.47;0.345816;-0.363643;0;0.361524;0.342767;00.5
1;5.47;-0.345816;0.363643;0;-0.361524;-0.342767;00.5
0;5.48;0.349397;-0.360179;0;0.358104;0.346364;00.5
1;5.48;-0.349397;0.360179;0;-0.358104;-0.346364;00.5
0;5.49;0.352944;-0.35668;0;0.354647;0.349927;00.5
1;5.49;-0.352944;0.35668;0;-0.354647;-0.349927;00.5
0;5.5;0.356455;-0.353146;0;0.351155;0.353455;00.5
1;5.5;-0.356455;0.353146;0;-0.351155;-0.353455;00.5
0;5.51;0.359931;-0.349576;0;0.347628;0.35695;00.5
1;5.51;-0.359931;0.349576;0;-0.347628;-0.35695;00.5
0;5.52;0.363372;-0.345972;0;0.344067;0.360409;00.5
1;5.52;-0.363372;0.345972;0;-0.344067;-0.360409;00.5
0;5.53;0.366777;-0.342334;0;0.34047;0.363833;00.5
1;5.53;-0.366777;0.342334;0;-0.34047;-0.363833;00.5
0;5.54;0.370145;-0.338661;0;0.33684;0.367221;00.5
1;5.54;-0.370145;0.338661;0;-0.33684;-0.367221;00.5
0;5.55;0.373477;-0.334956;0;0.333176;0.370574;00.5
1;5.55;-0.373477;0.334956;0;-0.333176;-0.370574;00.5
0;5.56;0.376772;-0.331217;0;0.329479;0.37389;00.5
1;5.56;-0.376772;0.331217;0;-0.329479;-0.37389;00.5
0;5.57;0.380029;-0.327445;0;0.325748;0.377169;00.5
1;5.57;-0.380029;0.327445;0;-0.325748;-0.377169;00.5
0;5.58;0.383249;-0.323641;0;0.321985;0.380412;00.5
1;5.58;-0.383249;0.323641;0;-0.321985;-0.380412;00.5
0;5.59;0.386431;-0.319805;0;0.31819;0.383617;00.5
1;5.59;-0.386431;0.319805;0;-0.31819;-0.383617;00.5
0;5.6;0.389575;-0.315937;0;0.314362;0.386784;00.5
1;5.6;-0.389575;0.315937;0;-0.314362;-0.386784;00.5
0;5.61;0.39268;-0.312038;0;0.310503;0.389914;00.5
1;5.61;-0.39268;0.312038;0;-0.310503;-0.389914;00.5
0;5.62;0.395746;-0.308108;0;0.306613;0.393005;00.5
1;5.62;-0.395746;0.308108;0;-0.306613;-0.393005;00.5
0;5.63;0.398773;-0.304147;0;0.302692;0.396058;00.5
1;5.63;-0.398773;0.304147;0;-0.302692;-0.396058;00.5
0;5.64;0.40176;-0.300157;0;0.29874;0.399072;00.5
1;5.64;-0.40176;0.300157;0;-0.29874;-0.399072;00.5
0;5.65;0.404708;-0.296136;0;0.294759;0.402046;00.5
1;5.65;-0.404708;0.296136;0;-0.294759;-0.402046;00.5
0;5.66;0.407615;-0.292086;0;0.290748;0.404982;00.5
1;5.66;-0.407615;0.292086;0;-0.290748;-0.404982;00.5
0;5.67;0.410482;-0.288007;0;0.286707;0.407877;00.5
1;5.67;-0.410482;0.288007;0;-0.286707;-0.407877;00.5
0;5.68;0.413309;-0.2839;0;0.282637;0.410732;00.5
1;5.68;-0.413309;0.2839;0;-0.282637;-0.410732;00.5
0;5.69;0.416094;-0.279765;0;0.278539;0.413547;00.5
1;5.69;-0.416094;0.279765;0;-0.278539;-0.413547;00.5
0;5.7;0.418838;-0.275601;0;0.274413;0.416321;00.5
1;5.7;-0.418838;0.275601;0;-0.274413;-0.416321;00.5
0;5.71;0.421541;-0.271411;0;0.270259;0.419055;00.5
1;5.71;-0.421541;0.271411;0;-0.270259;-0.419055;00.5
0;5.72;0.424202;-0.267193;0;0.266078;0.421747;00.5
1;5.72;-0.424202;0.267193;0;-0.266078;-0.421747;00.5
0;5.73;0.42682;-0.262949;0;0.26187;0.424398;00.5
1;5.73;-0.42682;0.262949;0;-0.26187;-0.424398;00.5
0;5.74;0.429397;-0.258679;0;0.257635;0.427006;00.5
1;5.74;-0.429397;0.258679;0;-0.257635;-0.427006;00.5
0;5.75;0.43193;-0.254384;0;0.253374;0.429573;00.5
1;5.75;-0.43193;0.254384;0;-0.253374;-0.429573;00.5
0;5.76;0.434421;-0.250063;0;0.249088;0.432098;00.5
1;5.76;-0.434421;0.250063;0;-0.249088;-0.432098;00.5
0;5.77;0.436869;-0.245717;0;0.244776;0.43458;00.5
1;5.77;-0.436869;0.245717;0;-0.244776;-0.43458;00.5
0;5.78;0.439273;-0.241347;0;0.24044;0.437019;00.5
1;5.78;-0.439273;0.241347;0;-0.24044;-0.437019;00.5
0;5.79;0.441634;-0.236953;0;0.236079;0.439415;00.5
1;5.79;-0.441634;0.236953;0;-0.236079;-0.439415;00.5
0;5.8;0.443951;-0.232535;0;0.231694;0.441768;00.5
1;5.8;-0.443951;0.232535;0;-0.231694;-0.441768;00.5
0;5.81;0.446224;-0.228094;0;0.227285;0.444077;00.5
1;5.81;-0.446224;0.228094;0;-0.227285;-0.444077;00.5
0;5.82;0.448452;-0.223631;0;0.222853;0.446342;00.5
1;5.82;-0.448452;0.223631;0;-0.222853;-0.446342;00.5
0;5.83;0.450636;-0.219145;0;0.218398;0.448563;00.5
1;5.83;-0.450636;0.219145;0;-0.218398;-0.448563;00.5
0;5.84;0.452776;-0.214638;0;0.213922;0.450741;00.5
1;5.84;-0.452776;0.214638;0;-0.213922;-0.450741;00.5
0;5.85;0.45487;-0.210109;0;0.209423;0.452873;00.5
1;5.85;-0.45487;0.210109;0;-0.209423;-0.452873;00.5
0;5.86;0.456919;-0.205559;0;0.204903;0.454961;00.5
1;5.86;-0.456919;0.205559;0;-0.204903;-0.454961;00.5
0;5.87;0.458923;-0.200989;0;0.200362;0.457004;00.5
1;5.87;-0.458923;0.200989;0;-0.200362;-0.457004;00.5
0;5.88;0.460881;-0.196399;0;0.1958;0.459002;00.5
1;5.88;-0.460881;0.196399;0;-0.1958;-0.459002;00.5
0;5.89;0.462793;-0.19179;0;0.191218;0.460954;00.5
1;5.89;-0.462793;0.19179;0;-0.191218;-0.460954;00.5
0;5.9;0.464659;-0.187161;0;0.186617;0.462861;00.5
1;5.9;-0.464659;0.187161;0;-0.186617;-0.462861;00.5
0;5.91;0.466479;-0.182514;0;0.181996;0.464722;00.5
1;5.91;-0.466479;0.182514;0;-0.181996;-0.464722;00.5
0;5.92;0.468252;-0.177848;0;0.177357;0.466537;00.5
1;5.92;-0.468252;0.177848;0;-0.177357;-0.466537;00.5
0;5.93;0.469979;-0.173165;0;0.172699;0.468307;00.5
1;5.93;-0.469979;0.173165;0;-0.172699;-0.468307;00.5
0;5.94;0.47166;-0.168465;0;0.168024;0.470029;00.5
1;5.94;-0.47166;0.168465;0;-0.168024;-0.470029;00.5
0;5.95;0.473293;-0.163748;0;0.163331;0.471705;00.5
1;5.95;-0.473293;0.163748;0;-0.163331;-0.471705;00.5
0;5.96;0.474879;-0.159015;0;0.158621;0.473335;00.5
1;5.96;-0.474879;0.159015;0;-0.158621;-0.473335;00.5
0;5.97;0.476418;-0.154266;0;0.153895;0.474917;00.5
1;5.97;-0.476418;0.154266;0;-0.153895;-0.474917;00.5
0;5.98;0.47791;-0.149501;0;0.149153;0.476453;00.5
1;5.98;-0.47791;0.149501;0;-0.149153;-0.476453;00.5
0;5.99;0.479354;-0.144722;0;0.144395;0.477941;00.5
1;5.99;-0.479354;0.144722;0;-0.144395;-0.477941;00.5
0;6;0.48075;-0.139928;0;0.139622;0.479382;00.5
1;6;-0.48075;0.139928;0;-0.139622;-0.479382;00.5
0;6.01;0.482098;-0.13512;0;0.134835;0.480776;00.5
1;6.01;-0.482098;0.13512;0;-0.134835;-0.480776;00.5
0;6.02;0.483399;-0.130299;0;0.130034;0.482121;00.5
1;6.02;-0.483399;0.130299;0;-0.130034;-0.482121;00.5
0;6.03;0.484651;-0.125465;0;0.125218;0.483419;00.5
1;6.03;-0.484651;0.125465;0;-0.125218;-0.483419;00.5
0;6.04;0.485855;-0.120618;0;0.12039;0.484669;00.5
1;6.04;-0.485855;0.120618;0;-0.12039;-0.484669;00.5
0;6.05;0.48701;-0.115759;0;0.115549;0.485871;00.5
1;6.05;-0.48701;0.115759;0;-0.115549;-0.485871;00.5
0;6.06;0.488117;-0.110889;0;0.110696;0.487025;00.5
1;6.06;-0.488117;0.110889;0;-0.110696;-0.487025;00.5
0;6.07;0.489175;-0.106008;0;0.105831;0.48813;00.5
1;6.07;-0.489175;0.106008;0;-0.105831;-0.48813;00.5
0;6.08;0.490185;-0.101116;0;0.100955;0.489187;00.5
1;6.08;-0.490185;0.101116;0;-0.100955;-0.489187;00.5
0;6.09;0.491146;-0.0962139;0;0.0960677;0.490195;00.5
1;6.09;-0.491146;0.0962139;0;-0.0960677;-0.490195;00.5
0;6.1;0.492057;-0.0913023;0;0.0911704;0.491154;00.5
1;6.1;-0.492057;0.0913023;0;-0.0911704;-0.491154;00.5
0;6.11;0.49292;-0.0863817;0;0.0862633;0.492065;00.5
1;6.11;-0.49292;0.0863817;0;-0.0862633;-0.492065;00.5
0;6.12;0.493733;-0.0814524;0;0.0813468;0.492926;00.5
1;6.12;-0.493733;0.0814524;0;-0.0813468;-0.492926;00.5
0;6.13;0.494498;-0.076515;0;0.0764215;0.493739;00.5
1;6.13;-0.494498;0.076515;0;-0.0764215;-0.493739;00.5
0;6.14;0.495213;-0.07157;0;0.0714879;0.494502;00.5
1;6.14;-0.495213;0.07157;0;-0.0714879;-0.494502;00.5
0;6.15;0.495878;-0.0666179;0;0.0665463;0.495216;00.5
1;6.15;-0.495878;0.0666179;0;-0.0665463;-0.495216;00.5
0;6.16;0.496494;-0.0616591;0;0.0615974;0.495881;00.5
1;6.16;-0.496494;0.0616591;0;-0.0615974;-0.495881;00.5
0;6.17;0.49706;-0.0566941;0;0.0566417;0.496497;00.5
1;6.17;-0.49706;0.0566941;0;-0.0566417;-0.496497;00.5
0;6.18;0.497577;-0.0517235;0;0.0516795;0.497063;00.5
1;6.18;-0.497577;0.0517235;0;-0.0516795;-0.497063;00.5
0;6.19;0.498044;-0.0467477;0;0.0467114;0.497579;00.5
1;6.19;-0.498044;0.0467477;0;-0.0467114;-0.497579;00.5
0;6.2;0.498462;-0.0417672;0;0.041738;0.498046;00.5
1;6.2;-0.498462;0.0417672;0;-0.041738;-0.498046;00.5
0;6.21;0.498829;-0.0367826;0;0.0367596;0.498463;00.5
1;6.21;-0.498829;0.0367826;0;-0.0367596;-0.498463;00.5
0;6.22;0.499147;-0.0317943;0;0.0317768;0.49883;00.5
1;6.22;-0.499147;0.0317943;0;-0.0317768;-0.49883;00.5
0;6.23;0.499415;-0.0268028;0;0.02679;0.499148;00.5
1;6.23;-0.499415;0.0268028;0;-0.02679;-0.499148;00.5
0;6.24;0.499633;-0.0218086;0;0.0217999;0.499416;00.5
1;6.24;-0.499633;0.0218086;0;-0.0217999;-0.499416;00.5
0;6.25;0.499801;-0.0168123;0;0.0168068;0.499634;00.5
1;6.25;-0.499801;0.0168123;0;-0.0168068;-0.499634;00.5
0;6.26;0.499919;-0.0118143;0;0.0118113;0.499802;00.5
1;6.26;-0.499919;0.0118143;0;-0.0118113;-0.499802;00.5
0;6.27;0.499987;-0.00681509;0;0.00681389;0.49992;00.5
1;6.27;-0.499987;0.00681509;0;-0.00681389;-0.49992;00.5
0;6.28;0.500005;-0.00181521;0;0.00181503;0.499988;00.5
1;6.28;-0.500005;0.00181521;0;-0.00181503;-0.499988;00.5
