# column style format: id time x y z vx vy vz mass
# this file will be overwritten without any precaution 
# used integrator was euler_cromer
0;0.1;0.495;0.05;0;-0.05;0.5;00.5
1;0.1;-0.495;-0.05;0;0.05;-0.5;00.5
0;0.2;0.484976;0.0994925;0;-0.100244;0.494925;00.5
1;0.2;-0.484976;-0.0994925;0;0.100244;-0.494925;00.5
0;0.3;0.469955;0.14796;0;-0.150203;0.484676;00.5
1;0.3;-0.469955;-0.14796;0;0.150203;-0.484676;00.5
0;0.4;0.450023;0.194881;0;-0.19932;0.469212;00.5
1;0.4;-0.450023;-0.194881;0;0.19932;-0.469212;00.5
0;0.5;0.425322;0.239737;0;-0.247015;0.448558;00.5
1;0.5;-0.425322;-0.239737;0;0.247015;-0.448558;00.5
0;0.6;0.396052;0.282018;0;-0.292697;0.422809;00.5
1;0.6;-0.396052;-0.282018;0;0.292697;-0.422809;00.5
0;0.7;0.362475;0.321232;0;-0.335771;0.392137;00.5
1;0.7;-0.362475;-0.321232;0;0.335771;-0.392137;00.5
0;0.8;0.32491;0.356911;0;-0.375651;0.356794;00.5
1;0.8;-0.32491;-0.356911;0;0.375651;-0.356794;00.5
0;0.9;0.283733;0.388622;0;-0.411773;0.317114;00.5
1;0.9;-0.283733;-0.388622;0;0.411773;-0.317114;00.5
0;1;0.239372;0.415974;0;-0.443608;0.273511;00.5
1;1;-0.239372;-0.415974;0;0.443608;-0.273511;00.5
0;1.1;0.192304;0.438621;0;-0.470676;0.226474;00.5
1;1.1;-0.192304;-0.438621;0;0.470676;-0.226474;00.5
0;1.2;0.143048;0.456277;0;-0.492558;0.176563;00.5
1;1.2;-0.143048;-0.456277;0;0.492558;-0.176563;00.5
0;1.3;0.0921572;0.468717;0;-0.508912;0.124398;00.5
1;1.3;-0.0921572;-0.468717;0;0.508912;-0.124398;00.5
0;1.4;0.0402091;0.475782;0;-0.51948;0.0706476;00.5
1;1.4;-0.0402091;-0.475782;0;0.51948;-0.0706476;00.5
0;1.5;-0.0122006;0.477383;0;-0.524098;0.0160142;00.5
1;1.5;0.0122006;-0.477383;0;0.524098;-0.0160142;00.5
0;1.6;-0.0644704;0.473505;0;-0.522697;-0.038782;00.5
1;1.6;0.0644704;-0.473505;0;0.522697;0.038782;00.5
0;1.7;-0.116002;0.464203;0;-0.515313;-0.0930189;00.5
1;1.7;0.116002;-0.464203;0;0.515313;0.0930189;00.5
0;1.8;-0.166209;0.449604;0;-0.502076;-0.145989;00.5
1;1.8;0.166209;-0.449604;0;0.502076;0.145989;00.5
0;1.9;-0.21453;0.429902;0;-0.483212;-0.197016;00.5
1;1.9;0.21453;-0.429902;0;0.483212;0.197016;00.5
0;2;-0.260434;0.405356;0;-0.459033;-0.245469;00.5
1;2;0.260434;-0.405356;0;0.459033;0.245469;00.5
0;2.1;-0.303426;0.376278;0;-0.429927;-0.290772;00.5
1;2.1;0.303426;-0.376278;0;0.429927;0.290772;00.5
0;2.2;-0.343061;0.343037;0;-0.396345;-0.332417;00.5
1;2.2;0.343061;-0.343037;0;0.396345;0.332417;00.5
0;2.3;-0.37894;0.30604;0;-0.35879;-0.369969;00.5
1;2.3;0.37894;-0.30604;0;0.35879;0.369969;00.5
0;2.4;-0.41072;0.265733;0;-0.317802;-0.403072;00.5
1;2.4;0.41072;-0.265733;0;0.317802;0.403072;00.5
0;2.5;-0.438115;0.222588;0;-0.273946;-0.431446;00.5
1;2.5;0.438115;-0.222588;0;0.273946;0.431446;00.5
0;2.6;-0.460895;0.177099;0;-0.227798;-0.454892;00.5
1;2.6;0.460895;-0.177099;0;0.227798;0.454892;00.5
0;2.7;-0.478888;0.129771;0;-0.179936;-0.473283;00.5
1;2.7;0.478888;-0.129771;0;0.179936;0.473283;00.5
0;2.8;-0.491981;0.0811143;0;-0.130927;-0.486564;00.5
1;2.8;0.491981;-0.0811143;0;0.130927;0.486564;00.5
0;2.9;-0.500113;0.03164;0;-0.0813198;-0.494742;00.5
1;2.9;0.500113;-0.03164;0;0.0813198;0.494742;00.5
0;3;-0.503277;-0.0181485;0;-0.0316409;-0.497885;00.5
1;3;0.503277;0.0181485;0;0.0316409;0.497885;00.5
0;3.1;-0.501515;-0.0677594;0;0.017614;-0.496109;00.5
1;3.1;0.501515;0.0677594;0;-0.017614;0.496109;00.5
0;3.2;-0.494917;-0.116717;0;0.0659818;-0.489574;00.5
1;3.2;0.494917;0.116717;0;-0.0659818;0.489574;00.5
0;3.3;-0.483614;-0.164565;0;0.113035;-0.478478;00.5
1;3.3;0.483614;0.164565;0;-0.113035;0.478478;00.5
0;3.4;-0.467776;-0.210869;0;0.158381;-0.463047;00.5
1;3.4;0.467776;0.210869;0;-0.158381;0.463047;00.5
0;3.5;-0.447609;-0.255223;0;0.201664;-0.443536;00.5
1;3.5;0.447609;0.255223;0;-0.201664;0.443536;00.5
0;3.6;-0.423353;-0.297244;0;0.242565;-0.420215;00.5
1;3.6;0.423353;0.297244;0;-0.242565;0.420215;00.5
0;3.7;-0.395273;-0.336582;0;0.280797;-0.393371;00.5
1;3.7;0.395273;0.336582;0;-0.280797;0.393371;00.5
0;3.8;-0.363663;-0.372912;0;0.316107;-0.363304;00.5
1;3.8;0.363663;0.372912;0;-0.316107;0.363304;00.5
0;3.9;-0.328835;-0.405944;0;0.348273;-0.330319;00.5
1;3.9;0.328835;0.405944;0;-0.348273;0.330319;00.5
0;4;-0.291125;-0.435417;0;0.377102;-0.29473;00.5
1;4;0.291125;0.435417;0;-0.377102;0.29473;00.5
0;4.1;-0.250882;-0.461102;0;0.402427;-0.256853;00.5
1;4.1;0.250882;0.461102;0;-0.402427;0.256853;00.5
0;4.2;-0.208472;-0.482803;0;0.424107;-0.217007;00.5
1;4.2;0.208472;0.482803;0;-0.424107;0.217007;00.5
0;4.3;-0.164269;-0.500354;0;0.442025;-0.175512;00.5
1;4.3;0.164269;0.500354;0;-0.442025;0.175512;00.5
0;4.4;-0.118661;-0.513623;0;0.456084;-0.132689;00.5
1;4.4;0.118661;0.513623;0;-0.456084;0.132689;00.5
0;4.5;-0.0720398;-0.522509;0;0.466209;-0.0888614;00.5
1;4.5;0.0720398;0.522509;0;-0.466209;0.0888614;00.5
0;4.6;-0.0248053;-0.526944;0;0.472346;-0.0443517;00.5
1;4.6;0.0248053;0.526944;0;-0.472346;0.0443517;00.5
0;4.7;0.0226405;-0.526893;0;0.474458;0.000516548;00.5
1;4.7;-0.0226405;0.526893;0;-0.474458;-0.000516548;00.5
0;4.8;0.0698933;-0.522351;0;0.472528;0.0454184;00.5
1;4.8;-0.0698933;0.522351;0;-0.472528;-0.0454184;00.5
0;4.9;0.116549;-0.513348;0;0.466559;0.0900277;00.5
1;4.9;-0.116549;0.513348;0;-0.466559;-0.0900277;00.5
0;5;0.162207;-0.499946;0;0.456572;0.134017;00.5
1;5;-0.162207;0.499946;0;-0.456572;-0.134017;00.5
0;5.1;0.206467;-0.482241;0;0.442608;0.177056;00.5
1;5.1;-0.206467;0.482241;0;-0.442608;-0.177056;00.5
0;5.2;0.24894;-0.460359;0;0.42473;0.218813;00.5
1;5.2;-0.24894;0.460359;0;-0.42473;-0.218813;00.5
0;5.3;0.289243;-0.434464;0;0.403022;0.258957;00.5
1;5.3;-0.289243;0.434464;0;-0.403022;-0.258957;00.5
0;5.4;0.327002;-0.404749;0;0.377594;0.297152;00.5
1;5.4;-0.327002;0.404749;0;-0.377594;-0.297152;00.5
0;5.5;0.36186;-0.371442;0;0.348581;0.333064;00.5
1;5.5;-0.36186;0.371442;0;-0.348581;-0.333064;00.5
0;5.6;0.393475;-0.334806;0;0.316144;0.366359;00.5
1;5.6;-0.393475;0.334806;0;-0.316144;-0.366359;00.5
0;5.7;0.421522;-0.295135;0;0.280477;0.396708;00.5
1;5.7;-0.421522;0.295135;0;-0.280477;-0.396708;00.5
0;5.8;0.445703;-0.252757;0;0.241806;0.423784;00.5
1;5.8;-0.445703;0.252757;0;-0.241806;-0.423784;00.5
0;5.9;0.465742;-0.20803;0;0.20039;0.447271;00.5
1;5.9;-0.465742;0.20803;0;-0.20039;-0.447271;00.5
0;6;0.481394;-0.161344;0;0.156526;0.466864;00.5
1;6;-0.481394;0.161344;0;-0.156526;-0.466864;00.5
0;6.1;0.492449;-0.113116;0;0.110547;0.482274;00.5
1;6.1;-0.492449;0.113116;0;-0.110547;-0.482274;00.5
0;6.2;0.498732;-0.0637927;0;0.0628278;0.493235;00.5
1;6.2;-0.498732;0.0637927;0;-0.0628278;-0.493235;00.5
