# column style format: id time x y z vx vy vz mass
# this file will be overwritten without any precaution 
# used integrator was euler
0;0.01;0.5;0.005;0;-0.005;0.5;0
1;0.01;-0.5;-0.005;0;0.005;-0.5;0
0;0.02;0.49995;0.01;0;-0.00999925;0.49995;0
1;0.02;-0.49995;-0.01;0;0.00999925;-0.49995;0
0;0.03;0.49985;0.0149995;0;-0.0149973;0.49985;0
1;0.03;-0.49985;-0.0149995;0;0.0149973;-0.49985;0
0;0.04;0.4997;0.019998;0;-0.0199935;0.4997;0
1;0.04;-0.4997;-0.019998;0;0.0199935;-0.4997;0
0;0.05;0.4995;0.024995;0;-0.0249875;0.4995;0
1;0.05;-0.4995;-0.024995;0;0.0249875;-0.4995;0
0;0.06;0.49925;0.02999;0;-0.0299788;0.49925;0
1;0.06;-0.49925;-0.02999;0;0.0299788;-0.49925;0
0;0.07;0.49895;0.0349825;0;-0.0349668;0.498951;0
1;0.07;-0.49895;-0.0349825;0;0.0349668;-0.498951;0
0;0.08;0.498601;0.039972;0;-0.039951;0.498601;0
1;0.08;-0.498601;-0.039972;0;0.039951;-0.498601;0
0;0.09;0.498201;0.044958;0;-0.044931;0.498202;0
1;0.09;-0.498201;-0.044958;0;0.044931;-0.498202;0
0;0.1;0.497752;0.0499401;0;-0.0499063;0.497753;0
1;0.1;-0.497752;-0.0499401;0;0.0499063;-0.497753;0
0;0.11;0.497253;0.0549176;0;-0.0548763;0.497255;0
1;0.11;-0.497253;-0.0549176;0;0.0548763;-0.497255;0
0;0.12;0.496704;0.0598901;0;-0.0598406;0.496706;0
1;0.12;-0.496704;-0.0598901;0;0.0598406;-0.496706;0
0;0.13;0.496106;0.0648572;0;-0.0647987;0.496108;0
1;0.13;-0.496106;-0.0648572;0;0.0647987;-0.496108;0
0;0.14;0.495458;0.0698183;0;-0.06975;0.495461;0
1;0.14;-0.495458;-0.0698183;0;0.06975;-0.495461;0
0;0.15;0.49476;0.0747729;0;-0.0746941;0.494764;0
1;0.15;-0.49476;-0.0747729;0;0.0746941;-0.494764;0
0;0.16;0.494013;0.0797205;0;-0.0796305;0.494018;0
1;0.16;-0.494013;-0.0797205;0;0.0796305;-0.494018;0
0;0.17;0.493217;0.0846607;0;-0.0845587;0.493223;0
1;0.17;-0.493217;-0.0846607;0;0.0845587;-0.493223;0
0;0.18;0.492371;0.0895929;0;-0.0894781;0.492379;0
1;0.18;-0.492371;-0.0895929;0;0.0894781;-0.492379;0
0;0.19;0.491477;0.0945167;0;-0.0943884;0.491485;0
1;0.19;-0.491477;-0.0945167;0;0.0943884;-0.491485;0
0;0.2;0.490533;0.0994316;0;-0.099289;0.490543;0
1;0.2;-0.490533;-0.0994316;0;0.099289;-0.490543;0
0;0.21;0.48954;0.104337;0;-0.104179;0.489552;0
1;0.21;-0.48954;-0.104337;0;0.104179;-0.489552;0
0;0.22;0.488498;0.109233;0;-0.109059;0.488511;0
1;0.22;-0.488498;-0.109233;0;0.109059;-0.488511;0
0;0.23;0.487407;0.114118;0;-0.113928;0.487423;0
1;0.23;-0.487407;-0.114118;0;0.113928;-0.487423;0
0;0.24;0.486268;0.118992;0;-0.118785;0.486286;0
1;0.24;-0.486268;-0.118992;0;0.118785;-0.486286;0
0;0.25;0.48508;0.123855;0;-0.123629;0.4851;0
1;0.25;-0.48508;-0.123855;0;0.123629;-0.4851;0
0;0.26;0.483844;0.128706;0;-0.128461;0.483866;0
1;0.26;-0.483844;-0.128706;0;0.128461;-0.483866;0
0;0.27;0.482559;0.133544;0;-0.13328;0.482584;0
1;0.27;-0.482559;-0.133544;0;0.13328;-0.482584;0
0;0.28;0.481227;0.13837;0;-0.138086;0.481255;0
1;0.28;-0.481227;-0.13837;0;0.138086;-0.481255;0
0;0.29;0.479846;0.143183;0;-0.142877;0.479877;0
1;0.29;-0.479846;-0.143183;0;0.142877;-0.479877;0
0;0.3;0.478417;0.147982;0;-0.147654;0.478451;0
1;0.3;-0.478417;-0.147982;0;0.147654;-0.478451;0
0;0.31;0.47694;0.152766;0;-0.152416;0.476979;0
1;0.31;-0.47694;-0.152766;0;0.152416;-0.476979;0
0;0.32;0.475416;0.157536;0;-0.157162;0.475458;0
1;0.32;-0.475416;-0.157536;0;0.157162;-0.475458;0
0;0.33;0.473845;0.16229;0;-0.161893;0.473891;0
1;0.33;-0.473845;-0.16229;0;0.161893;-0.473891;0
0;0.34;0.472226;0.167029;0;-0.166607;0.472276;0
1;0.34;-0.472226;-0.167029;0;0.166607;-0.472276;0
0;0.35;0.47056;0.171752;0;-0.171304;0.470615;0
1;0.35;-0.47056;-0.171752;0;0.171304;-0.470615;0
0;0.36;0.468847;0.176458;0;-0.175983;0.468907;0
1;0.36;-0.468847;-0.176458;0;0.175983;-0.468907;0
0;0.37;0.467087;0.181147;0;-0.180645;0.467152;0
1;0.37;-0.467087;-0.181147;0;0.180645;-0.467152;0
0;0.38;0.46528;0.185819;0;-0.185288;0.465352;0
1;0.38;-0.46528;-0.185819;0;0.185288;-0.465352;0
0;0.39;0.463427;0.190472;0;-0.189913;0.463505;0
1;0.39;-0.463427;-0.190472;0;0.189913;-0.463505;0
0;0.4;0.461528;0.195107;0;-0.194518;0.461612;0
1;0.4;-0.461528;-0.195107;0;0.194518;-0.461612;0
0;0.41;0.459583;0.199724;0;-0.199104;0.459673;0
1;0.41;-0.459583;-0.199724;0;0.199104;-0.459673;0
0;0.42;0.457592;0.20432;0;-0.20367;0.457689;0
1;0.42;-0.457592;-0.20432;0;0.20367;-0.457689;0
0;0.43;0.455555;0.208897;0;-0.208214;0.45566;0
1;0.43;-0.455555;-0.208897;0;0.208214;-0.45566;0
0;0.44;0.453473;0.213454;0;-0.212738;0.453585;0
1;0.44;-0.453473;-0.213454;0;0.212738;-0.453585;0
0;0.45;0.451346;0.21799;0;-0.21724;0.451466;0
1;0.45;-0.451346;-0.21799;0;0.21724;-0.451466;0
0;0.46;0.449173;0.222504;0;-0.221721;0.449302;0
1;0.46;-0.449173;-0.222504;0;0.221721;-0.449302;0
0;0.47;0.446956;0.226997;0;-0.226179;0.447094;0
1;0.47;-0.446956;-0.226997;0;0.226179;-0.447094;0
0;0.48;0.444694;0.231468;0;-0.230614;0.444842;0
1;0.48;-0.444694;-0.231468;0;0.230614;-0.444842;0
0;0.49;0.442388;0.235917;0;-0.235025;0.442545;0
1;0.49;-0.442388;-0.235917;0;0.235025;-0.442545;0
0;0.5;0.440038;0.240342;0;-0.239413;0.440205;0
1;0.5;-0.440038;-0.240342;0;0.239413;-0.440205;0
0;0.51;0.437644;0.244744;0;-0.243777;0.437822;0
1;0.51;-0.437644;-0.244744;0;0.243777;-0.437822;0
0;0.52;0.435206;0.249122;0;-0.248116;0.435395;0
1;0.52;-0.435206;-0.249122;0;0.248116;-0.435395;0
0;0.53;0.432725;0.253476;0;-0.25243;0.432926;0
1;0.53;-0.432725;-0.253476;0;0.25243;-0.432926;0
0;0.54;0.430201;0.257806;0;-0.256719;0.430414;0
1;0.54;-0.430201;-0.257806;0;0.256719;-0.430414;0
0;0.55;0.427634;0.26211;0;-0.260981;0.427859;0
1;0.55;-0.427634;-0.26211;0;0.260981;-0.427859;0
0;0.56;0.425024;0.266388;0;-0.265218;0.425263;0
1;0.56;-0.425024;-0.266388;0;0.265218;-0.425263;0
0;0.57;0.422372;0.270641;0;-0.269427;0.422624;0
1;0.57;-0.422372;-0.270641;0;0.269427;-0.422624;0
0;0.58;0.419677;0.274867;0;-0.27361;0.419944;0
1;0.58;-0.419677;-0.274867;0;0.27361;-0.419944;0
0;0.59;0.416941;0.279067;0;-0.277764;0.417223;0
1;0.59;-0.416941;-0.279067;0;0.277764;-0.417223;0
0;0.6;0.414164;0.283239;0;-0.281891;0.414461;0
1;0.6;-0.414164;-0.283239;0;0.281891;-0.414461;0
0;0.61;0.411345;0.287383;0;-0.28599;0.411658;0
1;0.61;-0.411345;-0.287383;0;0.28599;-0.411658;0
0;0.62;0.408485;0.2915;0;-0.290059;0.408815;0
1;0.62;-0.408485;-0.2915;0;0.290059;-0.408815;0
0;0.63;0.405584;0.295588;0;-0.294099;0.405932;0
1;0.63;-0.405584;-0.295588;0;0.294099;-0.405932;0
0;0.64;0.402643;0.299648;0;-0.29811;0.403009;0
1;0.64;-0.402643;-0.299648;0;0.29811;-0.403009;0
0;0.65;0.399662;0.303678;0;-0.302091;0.400046;0
1;0.65;-0.399662;-0.303678;0;0.302091;-0.400046;0
0;0.66;0.396641;0.307678;0;-0.306041;0.397045;0
1;0.66;-0.396641;-0.307678;0;0.306041;-0.397045;0
0;0.67;0.393581;0.311649;0;-0.309961;0.394004;0
1;0.67;-0.393581;-0.311649;0;0.309961;-0.394004;0
0;0.68;0.390481;0.315589;0;-0.313849;0.390926;0
1;0.68;-0.390481;-0.315589;0;0.313849;-0.390926;0
0;0.69;0.387343;0.319498;0;-0.317706;0.387809;0
1;0.69;-0.387343;-0.319498;0;0.317706;-0.387809;0
0;0.7;0.384166;0.323376;0;-0.321531;0.384654;0
1;0.7;-0.384166;-0.323376;0;0.321531;-0.384654;0
0;0.71;0.38095;0.327222;0;-0.325323;0.381461;0
1;0.71;-0.38095;-0.327222;0;0.325323;-0.381461;0
0;0.72;0.377697;0.331037;0;-0.329083;0.378232;0
1;0.72;-0.377697;-0.331037;0;0.329083;-0.378232;0
0;0.73;0.374406;0.334819;0;-0.33281;0.374965;0
1;0.73;-0.374406;-0.334819;0;0.33281;-0.374965;0
0;0.74;0.371078;0.338569;0;-0.336503;0.371662;0
1;0.74;-0.371078;-0.338569;0;0.336503;-0.371662;0
0;0.75;0.367713;0.342286;0;-0.340163;0.368324;0
1;0.75;-0.367713;-0.342286;0;0.340163;-0.368324;0
0;0.76;0.364311;0.345969;0;-0.343788;0.364949;0
1;0.76;-0.364311;-0.345969;0;0.343788;-0.364949;0
0;0.77;0.360874;0.349618;0;-0.347379;0.361539;0
1;0.77;-0.360874;-0.349618;0;0.347379;-0.361539;0
0;0.78;0.3574;0.353234;0;-0.350935;0.358094;0
1;0.78;-0.3574;-0.353234;0;0.350935;-0.358094;0
0;0.79;0.35389;0.356815;0;-0.354456;0.354614;0
1;0.79;-0.35389;-0.356815;0;0.354456;-0.354614;0
0;0.8;0.350346;0.360361;0;-0.357941;0.3511;0
1;0.8;-0.350346;-0.360361;0;0.357941;-0.3511;0
0;0.81;0.346766;0.363872;0;-0.361391;0.347552;0
1;0.81;-0.346766;-0.363872;0;0.361391;-0.347552;0
0;0.82;0.343153;0.367347;0;-0.364804;0.34397;0
1;0.82;-0.343153;-0.367347;0;0.364804;-0.34397;0
0;0.83;0.339505;0.370787;0;-0.368181;0.340355;0
1;0.83;-0.339505;-0.370787;0;0.368181;-0.340355;0
0;0.84;0.335823;0.374191;0;-0.37152;0.336708;0
1;0.84;-0.335823;-0.374191;0;0.37152;-0.336708;0
0;0.85;0.332108;0.377558;0;-0.374823;0.333028;0
1;0.85;-0.332108;-0.377558;0;0.374823;-0.333028;0
0;0.86;0.328359;0.380888;0;-0.378088;0.329315;0
1;0.86;-0.328359;-0.380888;0;0.378088;-0.329315;0
0;0.87;0.324578;0.384181;0;-0.381316;0.325572;0
1;0.87;-0.324578;-0.384181;0;0.381316;-0.325572;0
0;0.88;0.320765;0.387437;0;-0.384505;0.321797;0
1;0.88;-0.320765;-0.387437;0;0.384505;-0.321797;0
0;0.89;0.31692;0.390655;0;-0.387656;0.317991;0
1;0.89;-0.31692;-0.390655;0;0.387656;-0.317991;0
0;0.9;0.313044;0.393835;0;-0.390768;0.314155;0
1;0.9;-0.313044;-0.393835;0;0.390768;-0.314155;0
0;0.91;0.309136;0.396976;0;-0.393841;0.310289;0
1;0.91;-0.309136;-0.396976;0;0.393841;-0.310289;0
0;0.92;0.305198;0.400079;0;-0.396875;0.306393;0
1;0.92;-0.305198;-0.400079;0;0.396875;-0.306393;0
0;0.93;0.301229;0.403143;0;-0.399869;0.302468;0
1;0.93;-0.301229;-0.403143;0;0.399869;-0.302468;0
0;0.94;0.29723;0.406168;0;-0.402823;0.298514;0
1;0.94;-0.29723;-0.406168;0;0.402823;-0.298514;0
0;0.95;0.293202;0.409153;0;-0.405737;0.294532;0
1;0.95;-0.293202;-0.409153;0;0.405737;-0.294532;0
0;0.96;0.289145;0.412098;0;-0.408611;0.290522;0
1;0.96;-0.289145;-0.412098;0;0.408611;-0.290522;0
0;0.97;0.285058;0.415003;0;-0.411444;0.286485;0
1;0.97;-0.285058;-0.415003;0;0.411444;-0.286485;0
0;0.98;0.280944;0.417868;0;-0.414236;0.28242;0
1;0.98;-0.280944;-0.417868;0;0.414236;-0.28242;0
0;0.99;0.276802;0.420693;0;-0.416986;0.278328;0
1;0.99;-0.276802;-0.420693;0;0.416986;-0.278328;0
0;1;0.272632;0.423476;0;-0.419696;0.274211;0
1;1;-0.272632;-0.423476;0;0.419696;-0.274211;0
0;1.01;0.268435;0.426218;0;-0.422363;0.270067;0
1;1.01;-0.268435;-0.426218;0;0.422363;-0.270067;0
0;1.02;0.264211;0.428919;0;-0.424989;0.265899;0
1;1.02;-0.264211;-0.428919;0;0.424989;-0.265899;0
0;1.03;0.259961;0.431578;0;-0.427572;0.261705;0
1;1.03;-0.259961;-0.431578;0;0.427572;-0.261705;0
0;1.04;0.255686;0.434195;0;-0.430113;0.257487;0
1;1.04;-0.255686;-0.434195;0;0.430113;-0.257487;0
0;1.05;0.251384;0.436769;0;-0.432611;0.253244;0
1;1.05;-0.251384;-0.436769;0;0.432611;-0.253244;0
0;1.06;0.247058;0.439302;0;-0.435066;0.248978;0
1;1.06;-0.247058;-0.439302;0;0.435066;-0.248978;0
0;1.07;0.242708;0.441792;0;-0.437479;0.244689;0
1;1.07;-0.242708;-0.441792;0;0.437479;-0.244689;0
0;1.08;0.238333;0.444239;0;-0.439847;0.240378;0
1;1.08;-0.238333;-0.444239;0;0.439847;-0.240378;0
0;1.09;0.233934;0.446642;0;-0.442172;0.236044;0
1;1.09;-0.233934;-0.446642;0;0.442172;-0.236044;0
0;1.1;0.229513;0.449003;0;-0.444454;0.231688;0
1;1.1;-0.229513;-0.449003;0;0.444454;-0.231688;0
0;1.11;0.225068;0.45132;0;-0.446691;0.227311;0
1;1.11;-0.225068;-0.45132;0;0.446691;-0.227311;0
0;1.12;0.220601;0.453593;0;-0.448885;0.222913;0
1;1.12;-0.220601;-0.453593;0;0.448885;-0.222913;0
0;1.13;0.216112;0.455822;0;-0.451033;0.218494;0
1;1.13;-0.216112;-0.455822;0;0.451033;-0.218494;0
0;1.14;0.211602;0.458007;0;-0.453138;0.214056;0
1;1.14;-0.211602;-0.458007;0;0.453138;-0.214056;0
0;1.15;0.207071;0.460147;0;-0.455197;0.209598;0
1;1.15;-0.207071;-0.460147;0;0.455197;-0.209598;0
0;1.16;0.202519;0.462243;0;-0.457212;0.205121;0
1;1.16;-0.202519;-0.462243;0;0.457212;-0.205121;0
0;1.17;0.197947;0.464295;0;-0.459182;0.200625;0
1;1.17;-0.197947;-0.464295;0;0.459182;-0.200625;0
0;1.18;0.193355;0.466301;0;-0.461106;0.196112;0
1;1.18;-0.193355;-0.466301;0;0.461106;-0.196112;0
0;1.19;0.188744;0.468262;0;-0.462985;0.19158;0
1;1.19;-0.188744;-0.468262;0;0.462985;-0.19158;0
0;1.2;0.184114;0.470178;0;-0.464818;0.187032;0
1;1.2;-0.184114;-0.470178;0;0.464818;-0.187032;0
0;1.21;0.179466;0.472048;0;-0.466606;0.182467;0
1;1.21;-0.179466;-0.472048;0;0.466606;-0.182467;0
0;1.22;0.1748;0.473873;0;-0.468348;0.177885;0
1;1.22;-0.1748;-0.473873;0;0.468348;-0.177885;0
0;1.23;0.170116;0.475652;0;-0.470043;0.173288;0
1;1.23;-0.170116;-0.475652;0;0.470043;-0.173288;0
0;1.24;0.165416;0.477385;0;-0.471693;0.168676;0
1;1.24;-0.165416;-0.477385;0;0.471693;-0.168676;0
0;1.25;0.160699;0.479071;0;-0.473296;0.164049;0
1;1.25;-0.160699;-0.479071;0;0.473296;-0.164049;0
0;1.26;0.155966;0.480712;0;-0.474853;0.159408;0
1;1.26;-0.155966;-0.480712;0;0.474853;-0.159408;0
0;1.27;0.151217;0.482306;0;-0.476364;0.154752;0
1;1.27;-0.151217;-0.482306;0;0.476364;-0.154752;0
0;1.28;0.146454;0.483853;0;-0.477827;0.150084;0
1;1.28;-0.146454;-0.483853;0;0.477827;-0.150084;0
0;1.29;0.141675;0.485354;0;-0.479244;0.145402;0
1;1.29;-0.141675;-0.485354;0;0.479244;-0.145402;0
0;1.3;0.136883;0.486808;0;-0.480614;0.140709;0
1;1.3;-0.136883;-0.486808;0;0.480614;-0.140709;0
0;1.31;0.132077;0.488215;0;-0.481938;0.136003;0
1;1.31;-0.132077;-0.488215;0;0.481938;-0.136003;0
0;1.32;0.127257;0.489575;0;-0.483214;0.131286;0
1;1.32;-0.127257;-0.489575;0;0.483214;-0.131286;0
0;1.33;0.122425;0.490888;0;-0.484443;0.126558;0
1;1.33;-0.122425;-0.490888;0;0.484443;-0.126558;0
0;1.34;0.117581;0.492154;0;-0.485624;0.121819;0
1;1.34;-0.117581;-0.492154;0;0.485624;-0.121819;0
0;1.35;0.112725;0.493372;0;-0.486759;0.117071;0
1;1.35;-0.112725;-0.493372;0;0.486759;-0.117071;0
0;1.36;0.107857;0.494543;0;-0.487846;0.112313;0
1;1.36;-0.107857;-0.494543;0;0.487846;-0.112313;0
0;1.37;0.102979;0.495666;0;-0.488886;0.107546;0
1;1.37;-0.102979;-0.495666;0;0.488886;-0.107546;0
0;1.38;0.0980897;0.496741;0;-0.489878;0.102771;0
1;1.38;-0.0980897;-0.496741;0;0.489878;-0.102771;0
0;1.39;0.0931909;0.497769;0;-0.490822;0.0979876;0
1;1.39;-0.0931909;-0.497769;0;0.490822;-0.0979876;0
0;1.4;0.0882827;0.498749;0;-0.491719;0.0931968;0
1;1.4;-0.0882827;-0.498749;0;0.491719;-0.0931968;0
0;1.41;0.0833655;0.499681;0;-0.492568;0.0883989;0
1;1.41;-0.0833655;-0.499681;0;0.492568;-0.0883989;0
0;1.42;0.0784398;0.500565;0;-0.49337;0.0835945;0
1;1.42;-0.0784398;-0.500565;0;0.49337;-0.0835945;0
0;1.43;0.0735061;0.501401;0;-0.494124;0.078784;0
1;1.43;-0.0735061;-0.501401;0;0.494124;-0.078784;0
0;1.44;0.0685649;0.502189;0;-0.49483;0.073968;0
1;1.44;-0.0685649;-0.502189;0;0.49483;-0.073968;0
0;1.45;0.0636166;0.502928;0;-0.495488;0.0691469;0
1;1.45;-0.0636166;-0.502928;0;0.495488;-0.0691469;0
0;1.46;0.0586617;0.50362;0;-0.496098;0.0643213;0
1;1.46;-0.0586617;-0.50362;0;0.496098;-0.0643213;0
0;1.47;0.0537007;0.504263;0;-0.496661;0.0594915;0
1;1.47;-0.0537007;-0.504263;0;0.496661;-0.0594915;0
0;1.48;0.0487341;0.504858;0;-0.497176;0.0546581;0
1;1.48;-0.0487341;-0.504858;0;0.497176;-0.0546581;0
0;1.49;0.0437623;0.505404;0;-0.497643;0.0498217;0
1;1.49;-0.0437623;-0.505404;0;0.497643;-0.0498217;0
0;1.5;0.0387859;0.505903;0;-0.498062;0.0449825;0
1;1.5;-0.0387859;-0.505903;0;0.498062;-0.0449825;0
0;1.51;0.0338053;0.506352;0;-0.498433;0.0401413;0
1;1.51;-0.0338053;-0.506352;0;0.498433;-0.0401413;0
0;1.52;0.028821;0.506754;0;-0.498756;0.0352984;0
1;1.52;-0.028821;-0.506754;0;0.498756;-0.0352984;0
0;1.53;0.0238334;0.507107;0;-0.499032;0.0304543;0
1;1.53;-0.0238334;-0.507107;0;0.499032;-0.0304543;0
0;1.54;0.0188431;0.507411;0;-0.499259;0.0256095;0
1;1.54;-0.0188431;-0.507411;0;0.499259;-0.0256095;0
0;1.55;0.0138505;0.507668;0;-0.499439;0.0207645;0
1;1.55;-0.0138505;-0.507668;0;0.499439;-0.0207645;0
0;1.56;0.00885611;0.507875;0;-0.499571;0.0159198;0
1;1.56;-0.00885611;-0.507875;0;0.499571;-0.0159198;0
0;1.57;0.0038604;0.508034;0;-0.499656;0.0110759;0
1;1.57;-0.0038604;-0.508034;0;0.499656;-0.0110759;0
0;1.58;-0.00113616;0.508145;0;-0.499693;0.00623322;0
1;1.58;0.00113616;-0.508145;0;0.499693;-0.00623322;0
0;1.59;-0.00613308;0.508207;0;-0.499682;0.00139227;0
1;1.59;0.00613308;-0.508207;0;0.499682;-0.00139227;0
0;1.6;-0.0111299;0.508221;0;-0.499623;-0.00344648;0
1;1.6;0.0111299;-0.508221;0;0.499623;0.00344648;0
0;1.61;-0.0161261;0.508187;0;-0.499517;-0.00828254;0
1;1.61;0.0161261;-0.508187;0;0.499517;0.00828254;0
0;1.62;-0.0211213;0.508104;0;-0.499364;-0.0131154;0
1;1.62;0.0211213;-0.508104;0;0.499364;0.0131154;0
0;1.63;-0.026115;0.507973;0;-0.499163;-0.0179447;0
1;1.63;0.026115;-0.507973;0;0.499163;0.0179447;0
0;1.64;-0.0311066;0.507793;0;-0.498915;-0.0227698;0
1;1.64;0.0311066;-0.507793;0;0.498915;0.0227698;0
0;1.65;-0.0360957;0.507566;0;-0.49862;-0.0275904;0
1;1.65;0.0360957;-0.507566;0;0.49862;0.0275904;0
0;1.66;-0.0410819;0.50729;0;-0.498278;-0.0324058;0
1;1.66;0.0410819;-0.50729;0;0.498278;0.0324058;0
0;1.67;-0.0460647;0.506966;0;-0.497888;-0.0372158;0
1;1.67;0.0460647;-0.506966;0;0.497888;0.0372158;0
0;1.68;-0.0510436;0.506594;0;-0.497452;-0.0420197;0
1;1.68;0.0510436;-0.506594;0;0.497452;0.0420197;0
0;1.69;-0.0560181;0.506173;0;-0.496968;-0.0468171;0
1;1.69;0.0560181;-0.506173;0;0.496968;0.0468171;0
0;1.7;-0.0609878;0.505705;0;-0.496438;-0.0516076;0
1;1.7;0.0609878;-0.505705;0;0.496438;0.0516076;0
0;1.71;-0.0659522;0.505189;0;-0.495861;-0.0563907;0
1;1.71;0.0659522;-0.505189;0;0.495861;0.0563907;0
0;1.72;-0.0709108;0.504625;0;-0.495238;-0.061166;0
1;1.72;0.0709108;-0.504625;0;0.495238;0.061166;0
0;1.73;-0.0758632;0.504014;0;-0.494568;-0.0659328;0
1;1.73;0.0758632;-0.504014;0;0.494568;0.0659328;0
0;1.74;-0.0808088;0.503354;0;-0.493852;-0.0706909;0
1;1.74;0.0808088;-0.503354;0;0.493852;0.0706909;0
0;1.75;-0.0857474;0.502647;0;-0.493089;-0.0754397;0
1;1.75;0.0857474;-0.502647;0;0.493089;0.0754397;0
0;1.76;-0.0906783;0.501893;0;-0.492281;-0.0801788;0
1;1.76;0.0906783;-0.501893;0;0.492281;0.0801788;0
0;1.77;-0.0956011;0.501091;0;-0.491427;-0.0849077;0
1;1.77;0.0956011;-0.501091;0;0.491427;0.0849077;0
0;1.78;-0.100515;0.500242;0;-0.490526;-0.089626;0
1;1.78;0.100515;-0.500242;0;0.490526;0.089626;0
0;1.79;-0.105421;0.499346;0;-0.48958;-0.0943333;0
1;1.79;0.105421;-0.499346;0;0.48958;0.0943333;0
0;1.8;-0.110316;0.498403;0;-0.488589;-0.099029;0
1;1.8;0.110316;-0.498403;0;0.488589;0.099029;0
0;1.81;-0.115202;0.497412;0;-0.487552;-0.103713;0
1;1.81;0.115202;-0.497412;0;0.487552;0.103713;0
0;1.82;-0.120078;0.496375;0;-0.486471;-0.108384;0
1;1.82;0.120078;-0.496375;0;0.486471;0.108384;0
0;1.83;-0.124943;0.495291;0;-0.485344;-0.113042;0
1;1.83;0.124943;-0.495291;0;0.485344;0.113042;0
0;1.84;-0.129796;0.494161;0;-0.484172;-0.117688;0
1;1.84;0.129796;-0.494161;0;0.484172;0.117688;0
0;1.85;-0.134638;0.492984;0;-0.482955;-0.122319;0
1;1.85;0.134638;-0.492984;0;0.482955;0.122319;0
0;1.86;-0.139467;0.491761;0;-0.481694;-0.126936;0
1;1.86;0.139467;-0.491761;0;0.481694;0.126936;0
0;1.87;-0.144284;0.490491;0;-0.480389;-0.131539;0
1;1.87;0.144284;-0.490491;0;0.480389;0.131539;0
0;1.88;-0.149088;0.489176;0;-0.47904;-0.136126;0
1;1.88;0.149088;-0.489176;0;0.47904;0.136126;0
0;1.89;-0.153878;0.487815;0;-0.477646;-0.140699;0
1;1.89;0.153878;-0.487815;0;0.477646;0.140699;0
0;1.9;-0.158655;0.486408;0;-0.476209;-0.145255;0
1;1.9;0.158655;-0.486408;0;0.476209;0.145255;0
0;1.91;-0.163417;0.484955;0;-0.474728;-0.149795;0
1;1.91;0.163417;-0.484955;0;0.474728;0.149795;0
0;1.92;-0.168164;0.483457;0;-0.473204;-0.154318;0
1;1.92;0.168164;-0.483457;0;0.473204;0.154318;0
0;1.93;-0.172896;0.481914;0;-0.471637;-0.158824;0
1;1.93;0.172896;-0.481914;0;0.471637;0.158824;0
0;1.94;-0.177613;0.480326;0;-0.470026;-0.163312;0
1;1.94;0.177613;-0.480326;0;0.470026;0.163312;0
0;1.95;-0.182313;0.478693;0;-0.468373;-0.167783;0
1;1.95;0.182313;-0.478693;0;0.468373;0.167783;0
0;1.96;-0.186997;0.477015;0;-0.466678;-0.172235;0
1;1.96;0.186997;-0.477015;0;0.466678;0.172235;0
0;1.97;-0.191663;0.475293;0;-0.46494;-0.176668;0
1;1.97;0.191663;-0.475293;0;0.46494;0.176668;0
0;1.98;-0.196313;0.473526;0;-0.46316;-0.181082;0
1;1.98;0.196313;-0.473526;0;0.46316;0.181082;0
0;1.99;-0.200944;0.471715;0;-0.461338;-0.185476;0
1;1.99;0.200944;-0.471715;0;0.461338;0.185476;0
0;2;-0.205558;0.46986;0;-0.459474;-0.189851;0
1;2;0.205558;-0.46986;0;0.459474;0.189851;0
0;2.01;-0.210153;0.467962;0;-0.45757;-0.194205;0
1;2.01;0.210153;-0.467962;0;0.45757;0.194205;0
0;2.02;-0.214728;0.46602;0;-0.455624;-0.198538;0
1;2.02;0.214728;-0.46602;0;0.455624;0.198538;0
0;2.03;-0.219285;0.464034;0;-0.453637;-0.20285;0
1;2.03;0.219285;-0.464034;0;0.453637;0.20285;0
0;2.04;-0.223821;0.462006;0;-0.451609;-0.20714;0
1;2.04;0.223821;-0.462006;0;0.451609;0.20714;0
0;2.05;-0.228337;0.459935;0;-0.449541;-0.211409;0
1;2.05;0.228337;-0.459935;0;0.449541;0.211409;0
0;2.06;-0.232832;0.45782;0;-0.447433;-0.215655;0
1;2.06;0.232832;-0.45782;0;0.447433;0.215655;0
0;2.07;-0.237307;0.455664;0;-0.445285;-0.219879;0
1;2.07;0.237307;-0.455664;0;0.445285;0.219879;0
0;2.08;-0.24176;0.453465;0;-0.443098;-0.224079;0
1;2.08;0.24176;-0.453465;0;0.443098;0.224079;0
0;2.09;-0.246191;0.451224;0;-0.440871;-0.228256;0
1;2.09;0.246191;-0.451224;0;0.440871;0.228256;0
0;2.1;-0.250599;0.448942;0;-0.438605;-0.232409;0
1;2.1;0.250599;-0.448942;0;0.438605;0.232409;0
0;2.11;-0.254985;0.446618;0;-0.4363;-0.236538;0
1;2.11;0.254985;-0.446618;0;0.4363;0.236538;0
0;2.12;-0.259348;0.444252;0;-0.433957;-0.240642;0
1;2.12;0.259348;-0.444252;0;0.433957;0.240642;0
0;2.13;-0.263688;0.441846;0;-0.431576;-0.244722;0
1;2.13;0.263688;-0.441846;0;0.431576;0.244722;0
0;2.14;-0.268004;0.439399;0;-0.429156;-0.248776;0
1;2.14;0.268004;-0.439399;0;0.429156;0.248776;0
0;2.15;-0.272295;0.436911;0;-0.426699;-0.252804;0
1;2.15;0.272295;-0.436911;0;0.426699;0.252804;0
0;2.16;-0.276562;0.434383;0;-0.424204;-0.256807;0
1;2.16;0.276562;-0.434383;0;0.424204;0.256807;0
0;2.17;-0.280804;0.431815;0;-0.421673;-0.260783;0
1;2.17;0.280804;-0.431815;0;0.421673;0.260783;0
0;2.18;-0.285021;0.429207;0;-0.419104;-0.264733;0
1;2.18;0.285021;-0.429207;0;0.419104;0.264733;0
0;2.19;-0.289212;0.42656;0;-0.416499;-0.268656;0
1;2.19;0.289212;-0.42656;0;0.416499;0.268656;0
0;2.2;-0.293377;0.423873;0;-0.413858;-0.272551;0
1;2.2;0.293377;-0.423873;0;0.413858;0.272551;0
0;2.21;-0.297516;0.421148;0;-0.411181;-0.276419;0
1;2.21;0.297516;-0.421148;0;0.411181;0.276419;0
0;2.22;-0.301627;0.418383;0;-0.408469;-0.280259;0
1;2.22;0.301627;-0.418383;0;0.408469;0.280259;0
0;2.23;-0.305712;0.415581;0;-0.405721;-0.28407;0
1;2.23;0.305712;-0.415581;0;0.405721;0.28407;0
0;2.24;-0.309769;0.41274;0;-0.402938;-0.287853;0
1;2.24;0.309769;-0.41274;0;0.402938;0.287853;0
0;2.25;-0.313799;0.409862;0;-0.40012;-0.291608;0
1;2.25;0.313799;-0.409862;0;0.40012;0.291608;0
0;2.26;-0.3178;0.406945;0;-0.397268;-0.295332;0
1;2.26;0.3178;-0.406945;0;0.397268;0.295332;0
0;2.27;-0.321773;0.403992;0;-0.394383;-0.299028;0
1;2.27;0.321773;-0.403992;0;0.394383;0.299028;0
0;2.28;-0.325716;0.401002;0;-0.391463;-0.302693;0
1;2.28;0.325716;-0.401002;0;0.391463;0.302693;0
0;2.29;-0.329631;0.397975;0;-0.38851;-0.306329;0
1;2.29;0.329631;-0.397975;0;0.38851;0.306329;0
0;2.3;-0.333516;0.394912;0;-0.385524;-0.309934;0
1;2.3;0.333516;-0.394912;0;0.385524;0.309934;0
0;2.31;-0.337371;0.391812;0;-0.382506;-0.313508;0
1;2.31;0.337371;-0.391812;0;0.382506;0.313508;0
0;2.32;-0.341196;0.388677;0;-0.379455;-0.317051;0
1;2.32;0.341196;-0.388677;0;0.379455;0.317051;0
0;2.33;-0.344991;0.385507;0;-0.376372;-0.320563;0
1;2.33;0.344991;-0.385507;0;0.376372;0.320563;0
0;2.34;-0.348755;0.382301;0;-0.373257;-0.324043;0
1;2.34;0.348755;-0.382301;0;0.373257;0.324043;0
0;2.35;-0.352487;0.379061;0;-0.370111;-0.327492;0
1;2.35;0.352487;-0.379061;0;0.370111;0.327492;0
0;2.36;-0.356188;0.375786;0;-0.366934;-0.330908;0
1;2.36;0.356188;-0.375786;0;0.366934;0.330908;0
0;2.37;-0.359858;0.372477;0;-0.363727;-0.334292;0
1;2.37;0.359858;-0.372477;0;0.363727;0.334292;0
0;2.38;-0.363495;0.369134;0;-0.360489;-0.337644;0
1;2.38;0.363495;-0.369134;0;0.360489;0.337644;0
0;2.39;-0.3671;0.365757;0;-0.357221;-0.340962;0
1;2.39;0.3671;-0.365757;0;0.357221;0.340962;0
0;2.4;-0.370672;0.362348;0;-0.353924;-0.344248;0
1;2.4;0.370672;-0.362348;0;0.353924;0.344248;0
0;2.41;-0.374211;0.358905;0;-0.350597;-0.3475;0
1;2.41;0.374211;-0.358905;0;0.350597;0.3475;0
0;2.42;-0.377717;0.35543;0;-0.347241;-0.350718;0
1;2.42;0.377717;-0.35543;0;0.347241;0.350718;0
0;2.43;-0.38119;0.351923;0;-0.343857;-0.353903;0
1;2.43;0.38119;-0.351923;0;0.343857;0.353903;0
0;2.44;-0.384628;0.348384;0;-0.340445;-0.357053;0
1;2.44;0.384628;-0.348384;0;0.340445;0.357053;0
0;2.45;-0.388033;0.344813;0;-0.337005;-0.360169;0
1;2.45;0.388033;-0.344813;0;0.337005;0.360169;0
0;2.46;-0.391403;0.341212;0;-0.333537;-0.36325;0
1;2.46;0.391403;-0.341212;0;0.333537;0.36325;0
0;2.47;-0.394738;0.337579;0;-0.330043;-0.366297;0
1;2.47;0.394738;-0.337579;0;0.330043;0.366297;0
0;2.48;-0.398039;0.333916;0;-0.326521;-0.369308;0
1;2.48;0.398039;-0.333916;0;0.326521;0.369308;0
0;2.49;-0.401304;0.330223;0;-0.322974;-0.372284;0
1;2.49;0.401304;-0.330223;0;0.322974;0.372284;0
0;2.5;-0.404534;0.3265;0;-0.3194;-0.375225;0
1;2.5;0.404534;-0.3265;0;0.3194;0.375225;0
0;2.51;-0.407728;0.322748;0;-0.315801;-0.37813;0
1;2.51;0.407728;-0.322748;0;0.315801;0.37813;0
0;2.52;-0.410886;0.318967;0;-0.312176;-0.380999;0
1;2.52;0.410886;-0.318967;0;0.312176;0.380999;0
0;2.53;-0.414007;0.315157;0;-0.308527;-0.383832;0
1;2.53;0.414007;-0.315157;0;0.308527;0.383832;0
0;2.54;-0.417093;0.311318;0;-0.304853;-0.386629;0
1;2.54;0.417093;-0.311318;0;0.304853;0.386629;0
0;2.55;-0.420141;0.307452;0;-0.301155;-0.389389;0
1;2.55;0.420141;-0.307452;0;0.301155;0.389389;0
0;2.56;-0.423153;0.303558;0;-0.297433;-0.392112;0
1;2.56;0.423153;-0.303558;0;0.297433;0.392112;0
0;2.57;-0.426127;0.299637;0;-0.293688;-0.394799;0
1;2.57;0.426127;-0.299637;0;0.293688;0.394799;0
0;2.58;-0.429064;0.295689;0;-0.28992;-0.397449;0
1;2.58;0.429064;-0.295689;0;0.28992;0.397449;0
0;2.59;-0.431963;0.291715;0;-0.286129;-0.400061;0
1;2.59;0.431963;-0.291715;0;0.286129;0.400061;0
0;2.6;-0.434824;0.287714;0;-0.282317;-0.402636;0
1;2.6;0.434824;-0.287714;0;0.282317;0.402636;0
0;2.61;-0.437647;0.283688;0;-0.278482;-0.405173;0
1;2.61;0.437647;-0.283688;0;0.278482;0.405173;0
0;2.62;-0.440432;0.279636;0;-0.274626;-0.407673;0
1;2.62;0.440432;-0.279636;0;0.274626;0.407673;0
0;2.63;-0.443179;0.275559;0;-0.270749;-0.410134;0
1;2.63;0.443179;-0.275559;0;0.270749;0.410134;0
0;2.64;-0.445886;0.271458;0;-0.266851;-0.412558;0
1;2.64;0.445886;-0.271458;0;0.266851;0.412558;0
0;2.65;-0.448555;0.267332;0;-0.262933;-0.414943;0
1;2.65;0.448555;-0.267332;0;0.262933;0.414943;0
0;2.66;-0.451184;0.263183;0;-0.258995;-0.41729;0
1;2.66;0.451184;-0.263183;0;0.258995;0.41729;0
0;2.67;-0.453774;0.25901;0;-0.255037;-0.419599;0
1;2.67;0.453774;-0.25901;0;0.255037;0.419599;0
0;2.68;-0.456324;0.254814;0;-0.251061;-0.421869;0
1;2.68;0.456324;-0.254814;0;0.251061;0.421869;0
0;2.69;-0.458835;0.250595;0;-0.247065;-0.4241;0
1;2.69;0.458835;-0.250595;0;0.247065;0.4241;0
0;2.7;-0.461305;0.246354;0;-0.243052;-0.426292;0
1;2.7;0.461305;-0.246354;0;0.243052;0.426292;0
0;2.71;-0.463736;0.242091;0;-0.23902;-0.428445;0
1;2.71;0.463736;-0.242091;0;0.23902;0.428445;0
0;2.72;-0.466126;0.237807;0;-0.234971;-0.430559;0
1;2.72;0.466126;-0.237807;0;0.234971;0.430559;0
0;2.73;-0.468476;0.233501;0;-0.230905;-0.432633;0
1;2.73;0.468476;-0.233501;0;0.230905;0.432633;0
0;2.74;-0.470785;0.229175;0;-0.226821;-0.434668;0
1;2.74;0.470785;-0.229175;0;0.226821;0.434668;0
0;2.75;-0.473053;0.224828;0;-0.222722;-0.436664;0
1;2.75;0.473053;-0.224828;0;0.222722;0.436664;0
0;2.76;-0.47528;0.220462;0;-0.218607;-0.43862;0
1;2.76;0.47528;-0.220462;0;0.218607;0.43862;0
0;2.77;-0.477466;0.216076;0;-0.214476;-0.440536;0
1;2.77;0.477466;-0.216076;0;0.214476;0.440536;0
0;2.78;-0.479611;0.21167;0;-0.210329;-0.442412;0
1;2.78;0.479611;-0.21167;0;0.210329;0.442412;0
0;2.79;-0.481714;0.207246;0;-0.206168;-0.444249;0
1;2.79;0.481714;-0.207246;0;0.206168;0.444249;0
0;2.8;-0.483776;0.202804;0;-0.201993;-0.446045;0
1;2.8;0.483776;-0.202804;0;0.201993;0.446045;0
0;2.81;-0.485796;0.198343;0;-0.197803;-0.447801;0
1;2.81;0.485796;-0.198343;0;0.197803;0.447801;0
0;2.82;-0.487774;0.193865;0;-0.1936;-0.449517;0
1;2.82;0.487774;-0.193865;0;0.1936;0.449517;0
0;2.83;-0.48971;0.18937;0;-0.189384;-0.451193;0
1;2.83;0.48971;-0.18937;0;0.189384;0.451193;0
0;2.84;-0.491604;0.184858;0;-0.185155;-0.452829;0
1;2.84;0.491604;-0.184858;0;0.185155;0.452829;0
0;2.85;-0.493456;0.18033;0;-0.180913;-0.454424;0
1;2.85;0.493456;-0.18033;0;0.180913;0.454424;0
0;2.86;-0.495265;0.175785;0;-0.17666;-0.455978;0
1;2.86;0.495265;-0.175785;0;0.17666;0.455978;0
0;2.87;-0.497031;0.171226;0;-0.172395;-0.457492;0
1;2.87;0.497031;-0.171226;0;0.172395;0.457492;0
0;2.88;-0.498755;0.166651;0;-0.168118;-0.458965;0
1;2.88;0.498755;-0.166651;0;0.168118;0.458965;0
0;2.89;-0.500436;0.162061;0;-0.163831;-0.460398;0
1;2.89;0.500436;-0.162061;0;0.163831;0.460398;0
0;2.9;-0.502075;0.157457;0;-0.159533;-0.461789;0
1;2.9;0.502075;-0.157457;0;0.159533;0.461789;0
0;2.91;-0.50367;0.152839;0;-0.155225;-0.46314;0
1;2.91;0.50367;-0.152839;0;0.155225;0.46314;0
0;2.92;-0.505222;0.148208;0;-0.150908;-0.464451;0
1;2.92;0.505222;-0.148208;0;0.150908;0.464451;0
0;2.93;-0.506731;0.143563;0;-0.146581;-0.46572;0
1;2.93;0.506731;-0.143563;0;0.146581;0.46572;0
0;2.94;-0.508197;0.138906;0;-0.142245;-0.466948;0
1;2.94;0.508197;-0.138906;0;0.142245;0.466948;0
0;2.95;-0.50962;0.134237;0;-0.137901;-0.468136;0
1;2.95;0.50962;-0.134237;0;0.137901;0.468136;0
0;2.96;-0.510999;0.129555;0;-0.133549;-0.469282;0
1;2.96;0.510999;-0.129555;0;0.133549;0.469282;0
0;2.97;-0.512334;0.124862;0;-0.129189;-0.470387;0
1;2.97;0.512334;-0.124862;0;0.129189;0.470387;0
0;2.98;-0.513626;0.120159;0;-0.124821;-0.471452;0
1;2.98;0.513626;-0.120159;0;0.124821;0.471452;0
0;2.99;-0.514874;0.115444;0;-0.120447;-0.472475;0
1;2.99;0.514874;-0.115444;0;0.120447;0.472475;0
0;3;-0.516079;0.110719;0;-0.116066;-0.473457;0
1;3;0.516079;-0.110719;0;0.116066;0.473457;0
0;3.01;-0.517239;0.105985;0;-0.111679;-0.474399;0
1;3.01;0.517239;-0.105985;0;0.111679;0.474399;0
0;3.02;-0.518356;0.101241;0;-0.107287;-0.475299;0
1;3.02;0.518356;-0.101241;0;0.107287;0.475299;0
0;3.03;-0.519429;0.0964878;0;-0.102889;-0.476158;0
1;3.03;0.519429;-0.0964878;0;0.102889;0.476158;0
0;3.04;-0.520458;0.0917262;0;-0.0984854;-0.476976;0
1;3.04;0.520458;-0.0917262;0;0.0984854;0.476976;0
0;3.05;-0.521443;0.0869565;0;-0.0940777;-0.477752;0
1;3.05;0.521443;-0.0869565;0;0.0940777;0.477752;0
0;3.06;-0.522384;0.082179;0;-0.0896658;-0.478488;0
1;3.06;0.522384;-0.082179;0;0.0896658;0.478488;0
0;3.07;-0.52328;0.0773941;0;-0.08525;-0.479183;0
1;3.07;0.52328;-0.0773941;0;0.08525;0.479183;0
0;3.08;-0.524133;0.0726022;0;-0.0808308;-0.479836;0
1;3.08;0.524133;-0.0726022;0;0.0808308;0.479836;0
0;3.09;-0.524941;0.0678039;0;-0.0764085;-0.480449;0
1;3.09;0.524941;-0.0678039;0;0.0764085;0.480449;0
0;3.1;-0.525705;0.0629994;0;-0.0719836;-0.48102;0
1;3.1;0.525705;-0.0629994;0;0.0719836;0.48102;0
0;3.11;-0.526425;0.0581892;0;-0.0675563;-0.481551;0
1;3.11;0.526425;-0.0581892;0;0.0675563;0.481551;0
0;3.12;-0.5271;0.0533737;0;-0.0631271;-0.482041;0
1;3.12;0.5271;-0.0533737;0;0.0631271;0.482041;0
0;3.13;-0.527732;0.0485533;0;-0.0586963;-0.482489;0
1;3.13;0.527732;-0.0485533;0;0.0586963;0.482489;0
0;3.14;-0.528319;0.0437284;0;-0.0542644;-0.482897;0
1;3.14;0.528319;-0.0437284;0;0.0542644;0.482897;0
0;3.15;-0.528861;0.0388994;0;-0.0498317;-0.483264;0
1;3.15;0.528861;-0.0388994;0;0.0498317;0.483264;0
0;3.16;-0.52936;0.0340668;0;-0.0453985;-0.48359;0
1;3.16;0.52936;-0.0340668;0;0.0453985;0.48359;0
0;3.17;-0.529814;0.0292309;0;-0.0409654;-0.483875;0
1;3.17;0.529814;-0.0292309;0;0.0409654;0.483875;0
0;3.18;-0.530223;0.0243921;0;-0.0365325;-0.48412;0
1;3.18;0.530223;-0.0243921;0;0.0365325;0.48412;0
0;3.19;-0.530589;0.0195509;0;-0.0321003;-0.484324;0
1;3.19;0.530589;-0.0195509;0;0.0321003;0.484324;0
0;3.2;-0.53091;0.0147077;0;-0.0276693;-0.484487;0
1;3.2;0.53091;-0.0147077;0;0.0276693;0.484487;0
0;3.21;-0.531186;0.00986281;0;-0.0232396;-0.48461;0
1;3.21;0.531186;-0.00986281;0;0.0232396;0.48461;0
0;3.22;-0.531419;0.00501672;0;-0.0188118;-0.484692;0
1;3.22;0.531419;-0.00501672;0;0.0188118;0.484692;0
0;3.23;-0.531607;0.000169797;0;-0.0143861;-0.484734;0
1;3.23;0.531607;-0.000169797;0;0.0143861;0.484734;0
0;3.24;-0.531751;-0.00467754;0;-0.00996299;-0.484735;0
1;3.24;0.531751;0.00467754;0;0.00996299;0.484735;0
0;3.25;-0.53185;-0.00952489;0;-0.00554277;-0.484696;0
1;3.25;0.53185;0.00952489;0;0.00554277;0.484696;0
0;3.26;-0.531906;-0.0143719;0;-0.00112582;-0.484617;0
1;3.26;0.531906;0.0143719;0;0.00112582;0.484617;0
0;3.27;-0.531917;-0.019218;0;0.00328749;-0.484498;0
1;3.27;0.531917;0.019218;0;-0.00328749;0.484498;0
0;3.28;-0.531884;-0.024063;0;0.00769682;-0.484339;0
1;3.28;0.531884;0.024063;0;-0.00769682;0.484339;0
0;3.29;-0.531807;-0.0289064;0;0.0121018;-0.484139;0
1;3.29;0.531807;0.0289064;0;-0.0121018;0.484139;0
0;3.3;-0.531686;-0.0337478;0;0.0165021;-0.4839;0
1;3.3;0.531686;0.0337478;0;-0.0165021;0.4839;0
0;3.31;-0.531521;-0.0385868;0;0.0208973;-0.483621;0
1;3.31;0.531521;0.0385868;0;-0.0208973;0.483621;0
0;3.32;-0.531312;-0.043423;0;0.0252871;-0.483302;0
1;3.32;0.531312;0.043423;0;-0.0252871;0.483302;0
0;3.33;-0.531059;-0.048256;0;0.0296711;-0.482944;0
1;3.33;0.531059;0.048256;0;-0.0296711;0.482944;0
0;3.34;-0.530763;-0.0530855;0;0.034049;-0.482546;0
1;3.34;0.530763;0.0530855;0;-0.034049;0.482546;0
0;3.35;-0.530422;-0.0579109;0;0.0384205;-0.482109;0
1;3.35;0.530422;0.0579109;0;-0.0384205;0.482109;0
0;3.36;-0.530038;-0.062732;0;0.0427851;-0.481633;0
1;3.36;0.530038;0.062732;0;-0.0427851;0.481633;0
0;3.37;-0.52961;-0.0675483;0;0.0471426;-0.481117;0
1;3.37;0.52961;0.0675483;0;-0.0471426;0.481117;0
0;3.38;-0.529139;-0.0723595;0;0.0514925;-0.480562;0
1;3.38;0.529139;0.0723595;0;-0.0514925;0.480562;0
0;3.39;-0.528624;-0.0771651;0;0.0558347;-0.479968;0
1;3.39;0.528624;0.0771651;0;-0.0558347;0.479968;0
0;3.4;-0.528065;-0.0819648;0;0.0601686;-0.479336;0
1;3.4;0.528065;0.0819648;0;-0.0601686;0.479336;0
0;3.41;-0.527464;-0.0867582;0;0.064494;-0.478664;0
1;3.41;0.527464;0.0867582;0;-0.064494;0.478664;0
0;3.42;-0.526819;-0.0915448;0;0.0688105;-0.477954;0
1;3.42;0.526819;0.0915448;0;-0.0688105;0.477954;0
0;3.43;-0.526131;-0.0963244;0;0.0731178;-0.477206;0
1;3.43;0.526131;0.0963244;0;-0.0731178;0.477206;0
0;3.44;-0.525399;-0.101096;0;0.0774156;-0.476419;0
1;3.44;0.525399;0.101096;0;-0.0774156;0.476419;0
0;3.45;-0.524625;-0.105861;0;0.0817036;-0.475594;0
1;3.45;0.524625;0.105861;0;-0.0817036;0.475594;0
0;3.46;-0.523808;-0.110617;0;0.0859813;-0.474731;0
1;3.46;0.523808;0.110617;0;-0.0859813;0.474731;0
0;3.47;-0.522948;-0.115364;0;0.0902485;-0.47383;0
1;3.47;0.522948;0.115364;0;-0.0902485;0.47383;0
0;3.48;-0.522046;-0.120102;0;0.0945048;-0.472891;0
1;3.48;0.522046;0.120102;0;-0.0945048;0.472891;0
0;3.49;-0.521101;-0.124831;0;0.09875;-0.471914;0
1;3.49;0.521101;0.124831;0;-0.09875;0.471914;0
0;3.5;-0.520113;-0.12955;0;0.102984;-0.4709;0
1;3.5;0.520113;0.12955;0;-0.102984;0.4709;0
0;3.51;-0.519084;-0.134259;0;0.107206;-0.469848;0
1;3.51;0.519084;0.134259;0;-0.107206;0.469848;0
0;3.52;-0.518011;-0.138958;0;0.111415;-0.468759;0
1;3.52;0.518011;0.138958;0;-0.111415;0.468759;0
0;3.53;-0.516897;-0.143645;0;0.115612;-0.467633;0
1;3.53;0.516897;0.143645;0;-0.115612;0.467633;0
0;3.54;-0.515741;-0.148322;0;0.119797;-0.466471;0
1;3.54;0.515741;0.148322;0;-0.119797;0.466471;0
0;3.55;-0.514543;-0.152986;0;0.123968;-0.465271;0
1;3.55;0.514543;0.152986;0;-0.123968;0.465271;0
0;3.56;-0.513304;-0.157639;0;0.128126;-0.464035;0
1;3.56;0.513304;0.157639;0;-0.128126;0.464035;0
0;3.57;-0.512022;-0.162279;0;0.132271;-0.462762;0
1;3.57;0.512022;0.162279;0;-0.132271;0.462762;0
0;3.58;-0.5107;-0.166907;0;0.136401;-0.461453;0
1;3.58;0.5107;0.166907;0;-0.136401;0.461453;0
0;3.59;-0.509336;-0.171522;0;0.140517;-0.460108;0
1;3.59;0.509336;0.171522;0;-0.140517;0.460108;0
0;3.6;-0.50793;-0.176123;0;0.144618;-0.458727;0
1;3.6;0.50793;0.176123;0;-0.144618;0.458727;0
0;3.61;-0.506484;-0.18071;0;0.148704;-0.45731;0
1;3.61;0.506484;0.18071;0;-0.148704;0.45731;0
0;3.62;-0.504997;-0.185283;0;0.152776;-0.455857;0
1;3.62;0.504997;0.185283;0;-0.152776;0.455857;0
0;3.63;-0.503469;-0.189842;0;0.156831;-0.454369;0
1;3.63;0.503469;0.189842;0;-0.156831;0.454369;0
0;3.64;-0.501901;-0.194385;0;0.160871;-0.452846;0
1;3.64;0.501901;0.194385;0;-0.160871;0.452846;0
0;3.65;-0.500292;-0.198914;0;0.164895;-0.451287;0
1;3.65;0.500292;0.198914;0;-0.164895;0.451287;0
0;3.66;-0.498643;-0.203427;0;0.168902;-0.449694;0
1;3.66;0.498643;0.203427;0;-0.168902;0.449694;0
0;3.67;-0.496954;-0.207923;0;0.172893;-0.448066;0
1;3.67;0.496954;0.207923;0;-0.172893;0.448066;0
0;3.68;-0.495226;-0.212404;0;0.176866;-0.446404;0
1;3.68;0.495226;0.212404;0;-0.176866;0.446404;0
0;3.69;-0.493457;-0.216868;0;0.180823;-0.444707;0
1;3.69;0.493457;0.216868;0;-0.180823;0.444707;0
0;3.7;-0.491649;-0.221315;0;0.184762;-0.442976;0
1;3.7;0.491649;0.221315;0;-0.184762;0.442976;0
0;3.71;-0.489801;-0.225745;0;0.188683;-0.441211;0
1;3.71;0.489801;0.225745;0;-0.188683;0.441211;0
0;3.72;-0.487914;-0.230157;0;0.192586;-0.439412;0
1;3.72;0.487914;0.230157;0;-0.192586;0.439412;0
0;3.73;-0.485988;-0.234551;0;0.19647;-0.437579;0
1;3.73;0.485988;0.234551;0;-0.19647;0.437579;0
0;3.74;-0.484024;-0.238927;0;0.200336;-0.435714;0
1;3.74;0.484024;0.238927;0;-0.200336;0.435714;0
0;3.75;-0.48202;-0.243284;0;0.204183;-0.433815;0
1;3.75;0.48202;0.243284;0;-0.204183;0.433815;0
0;3.76;-0.479978;-0.247622;0;0.208011;-0.431883;0
1;3.76;0.479978;0.247622;0;-0.208011;0.431883;0
0;3.77;-0.477898;-0.251941;0;0.211819;-0.429918;0
1;3.77;0.477898;0.251941;0;-0.211819;0.429918;0
0;3.78;-0.47578;-0.25624;0;0.215608;-0.427921;0
1;3.78;0.47578;0.25624;0;-0.215608;0.427921;0
0;3.79;-0.473624;-0.26052;0;0.219376;-0.425891;0
1;3.79;0.473624;0.26052;0;-0.219376;0.425891;0
0;3.8;-0.47143;-0.264778;0;0.223125;-0.423829;0
1;3.8;0.47143;0.264778;0;-0.223125;0.423829;0
0;3.81;-0.469199;-0.269017;0;0.226853;-0.421735;0
1;3.81;0.469199;0.269017;0;-0.226853;0.421735;0
0;3.82;-0.466931;-0.273234;0;0.23056;-0.41961;0
1;3.82;0.466931;0.273234;0;-0.23056;0.41961;0
0;3.83;-0.464625;-0.27743;0;0.234246;-0.417453;0
1;3.83;0.464625;0.27743;0;-0.234246;0.417453;0
0;3.84;-0.462282;-0.281605;0;0.237911;-0.415264;0
1;3.84;0.462282;0.281605;0;-0.237911;0.415264;0
0;3.85;-0.459903;-0.285757;0;0.241554;-0.413045;0
1;3.85;0.459903;0.285757;0;-0.241554;0.413045;0
0;3.86;-0.457488;-0.289888;0;0.245176;-0.410795;0
1;3.86;0.457488;0.289888;0;-0.245176;0.410795;0
0;3.87;-0.455036;-0.293996;0;0.248775;-0.408514;0
1;3.87;0.455036;0.293996;0;-0.248775;0.408514;0
0;3.88;-0.452548;-0.298081;0;0.252353;-0.406203;0
1;3.88;0.452548;0.298081;0;-0.252353;0.406203;0
0;3.89;-0.450025;-0.302143;0;0.255908;-0.403861;0
1;3.89;0.450025;0.302143;0;-0.255908;0.403861;0
0;3.9;-0.447466;-0.306182;0;0.25944;-0.40149;0
1;3.9;0.447466;0.306182;0;-0.25944;0.40149;0
0;3.91;-0.444871;-0.310196;0;0.262949;-0.399088;0
1;3.91;0.444871;0.310196;0;-0.262949;0.399088;0
0;3.92;-0.442242;-0.314187;0;0.266435;-0.396658;0
1;3.92;0.442242;0.314187;0;-0.266435;0.396658;0
0;3.93;-0.439577;-0.318154;0;0.269898;-0.394198;0
1;3.93;0.439577;0.318154;0;-0.269898;0.394198;0
0;3.94;-0.436878;-0.322096;0;0.273337;-0.391709;0
1;3.94;0.436878;0.322096;0;-0.273337;0.391709;0
0;3.95;-0.434145;-0.326013;0;0.276752;-0.389191;0
1;3.95;0.434145;0.326013;0;-0.276752;0.389191;0
0;3.96;-0.431378;-0.329905;0;0.280143;-0.386644;0
1;3.96;0.431378;0.329905;0;-0.280143;0.386644;0
0;3.97;-0.428576;-0.333771;0;0.283509;-0.38407;0
1;3.97;0.428576;0.333771;0;-0.283509;0.38407;0
0;3.98;-0.425741;-0.337612;0;0.286852;-0.381467;0
1;3.98;0.425741;0.337612;0;-0.286852;0.381467;0
0;3.99;-0.422873;-0.341427;0;0.290169;-0.378836;0
1;3.99;0.422873;0.341427;0;-0.290169;0.378836;0
0;4;-0.419971;-0.345215;0;0.293461;-0.376178;0
1;4;0.419971;0.345215;0;-0.293461;0.376178;0
0;4.01;-0.417036;-0.348977;0;0.296729;-0.373492;0
1;4.01;0.417036;0.348977;0;-0.296729;0.373492;0
0;4.02;-0.414069;-0.352712;0;0.299971;-0.370779;0
1;4.02;0.414069;0.352712;0;-0.299971;0.370779;0
0;4.03;-0.411069;-0.35642;0;0.303187;-0.36804;0
1;4.03;0.411069;0.35642;0;-0.303187;0.36804;0
0;4.04;-0.408037;-0.3601;0;0.306377;-0.365273;0
1;4.04;0.408037;0.3601;0;-0.306377;0.365273;0
0;4.05;-0.404974;-0.363753;0;0.309542;-0.362481;0
1;4.05;0.404974;0.363753;0;-0.309542;0.362481;0
0;4.06;-0.401878;-0.367377;0;0.31268;-0.359662;0
1;4.06;0.401878;0.367377;0;-0.31268;0.359662;0
0;4.07;-0.398751;-0.370974;0;0.315792;-0.356817;0
1;4.07;0.398751;0.370974;0;-0.315792;0.356817;0
0;4.08;-0.395593;-0.374542;0;0.318877;-0.353947;0
1;4.08;0.395593;0.374542;0;-0.318877;0.353947;0
0;4.09;-0.392405;-0.378082;0;0.321936;-0.351051;0
1;4.09;0.392405;0.378082;0;-0.321936;0.351051;0
0;4.1;-0.389185;-0.381592;0;0.324968;-0.34813;0
1;4.1;0.389185;0.381592;0;-0.324968;0.34813;0
0;4.11;-0.385936;-0.385074;0;0.327972;-0.345184;0
1;4.11;0.385936;0.385074;0;-0.327972;0.345184;0
0;4.12;-0.382656;-0.388525;0;0.330949;-0.342214;0
1;4.12;0.382656;0.388525;0;-0.330949;0.342214;0
0;4.13;-0.379346;-0.391947;0;0.333899;-0.339219;0
1;4.13;0.379346;0.391947;0;-0.333899;0.339219;0
0;4.14;-0.376007;-0.39534;0;0.33682;-0.3362;0
1;4.14;0.376007;0.39534;0;-0.33682;0.3362;0
0;4.15;-0.372639;-0.398702;0;0.339714;-0.333157;0
1;4.15;0.372639;0.398702;0;-0.339714;0.333157;0
0;4.16;-0.369242;-0.402033;0;0.34258;-0.330091;0
1;4.16;0.369242;0.402033;0;-0.34258;0.330091;0
0;4.17;-0.365816;-0.405334;0;0.345418;-0.327001;0
1;4.17;0.365816;0.405334;0;-0.345418;0.327001;0
0;4.18;-0.362362;-0.408604;0;0.348227;-0.323888;0
1;4.18;0.362362;0.408604;0;-0.348227;0.323888;0
0;4.19;-0.35888;-0.411843;0;0.351008;-0.320753;0
1;4.19;0.35888;0.411843;0;-0.351008;0.320753;0
0;4.2;-0.35537;-0.415051;0;0.35376;-0.317595;0
1;4.2;0.35537;0.415051;0;-0.35376;0.317595;0
0;4.21;-0.351832;-0.418227;0;0.356483;-0.314414;0
1;4.21;0.351832;0.418227;0;-0.356483;0.314414;0
0;4.22;-0.348267;-0.421371;0;0.359177;-0.311212;0
1;4.22;0.348267;0.421371;0;-0.359177;0.311212;0
0;4.23;-0.344676;-0.424483;0;0.361842;-0.307988;0
1;4.23;0.344676;0.424483;0;-0.361842;0.307988;0
0;4.24;-0.341057;-0.427563;0;0.364477;-0.304742;0
1;4.24;0.341057;0.427563;0;-0.364477;0.304742;0
0;4.25;-0.337412;-0.43061;0;0.367083;-0.301476;0
1;4.25;0.337412;0.43061;0;-0.367083;0.301476;0
0;4.26;-0.333742;-0.433625;0;0.369659;-0.298188;0
1;4.26;0.333742;0.433625;0;-0.369659;0.298188;0
0;4.27;-0.330045;-0.436607;0;0.372205;-0.29488;0
1;4.27;0.330045;0.436607;0;-0.372205;0.29488;0
0;4.28;-0.326323;-0.439556;0;0.374722;-0.291551;0
1;4.28;0.326323;0.439556;0;-0.374722;0.291551;0
0;4.29;-0.322576;-0.442471;0;0.377208;-0.288202;0
1;4.29;0.322576;0.442471;0;-0.377208;0.288202;0
0;4.3;-0.318804;-0.445353;0;0.379664;-0.284833;0
1;4.3;0.318804;0.445353;0;-0.379664;0.284833;0
0;4.31;-0.315007;-0.448201;0;0.382089;-0.281445;0
1;4.31;0.315007;0.448201;0;-0.382089;0.281445;0
0;4.32;-0.311186;-0.451016;0;0.384484;-0.278037;0
1;4.32;0.311186;0.451016;0;-0.384484;0.278037;0
0;4.33;-0.307341;-0.453796;0;0.386849;-0.27461;0
1;4.33;0.307341;0.453796;0;-0.386849;0.27461;0
0;4.34;-0.303473;-0.456542;0;0.389182;-0.271165;0
1;4.34;0.303473;0.456542;0;-0.389182;0.271165;0
0;4.35;-0.299581;-0.459254;0;0.391485;-0.267701;0
1;4.35;0.299581;0.459254;0;-0.391485;0.267701;0
0;4.36;-0.295666;-0.461931;0;0.393756;-0.264219;0
1;4.36;0.295666;0.461931;0;-0.393756;0.264219;0
0;4.37;-0.291729;-0.464573;0;0.395996;-0.260719;0
1;4.37;0.291729;0.464573;0;-0.395996;0.260719;0
0;4.38;-0.287769;-0.46718;0;0.398205;-0.257201;0
1;4.38;0.287769;0.46718;0;-0.398205;0.257201;0
0;4.39;-0.283787;-0.469752;0;0.400383;-0.253666;0
1;4.39;0.283787;0.469752;0;-0.400383;0.253666;0
0;4.4;-0.279783;-0.472289;0;0.402529;-0.250114;0
1;4.4;0.279783;0.472289;0;-0.402529;0.250114;0
0;4.41;-0.275757;-0.47479;0;0.404643;-0.246545;0
1;4.41;0.275757;0.47479;0;-0.404643;0.246545;0
0;4.42;-0.271711;-0.477256;0;0.406725;-0.24296;0
1;4.42;0.271711;0.477256;0;-0.406725;0.24296;0
0;4.43;-0.267644;-0.479685;0;0.408776;-0.239358;0
1;4.43;0.267644;0.479685;0;-0.408776;0.239358;0
0;4.44;-0.263556;-0.482079;0;0.410794;-0.23574;0
1;4.44;0.263556;0.482079;0;-0.410794;0.23574;0
0;4.45;-0.259448;-0.484436;0;0.412781;-0.232107;0
1;4.45;0.259448;0.484436;0;-0.412781;0.232107;0
0;4.46;-0.25532;-0.486757;0;0.414735;-0.228458;0
1;4.46;0.25532;0.486757;0;-0.414735;0.228458;0
0;4.47;-0.251173;-0.489042;0;0.416657;-0.224794;0
1;4.47;0.251173;0.489042;0;-0.416657;0.224794;0
0;4.48;-0.247006;-0.49129;0;0.418546;-0.221115;0
1;4.48;0.247006;0.49129;0;-0.418546;0.221115;0
0;4.49;-0.242821;-0.493501;0;0.420403;-0.217422;0
1;4.49;0.242821;0.493501;0;-0.420403;0.217422;0
0;4.5;-0.238617;-0.495675;0;0.422228;-0.213714;0
1;4.5;0.238617;0.495675;0;-0.422228;0.213714;0
0;4.51;-0.234395;-0.497812;0;0.424019;-0.209992;0
1;4.51;0.234395;0.497812;0;-0.424019;0.209992;0
0;4.52;-0.230154;-0.499912;0;0.425778;-0.206257;0
1;4.52;0.230154;0.499912;0;-0.425778;0.206257;0
0;4.53;-0.225897;-0.501975;0;0.427504;-0.202508;0
1;4.53;0.225897;0.501975;0;-0.427504;0.202508;0
0;4.54;-0.221622;-0.504;0;0.429197;-0.198746;0
1;4.54;0.221622;0.504;0;-0.429197;0.198746;0
0;4.55;-0.21733;-0.505987;0;0.430857;-0.194971;0
1;4.55;0.21733;0.505987;0;-0.430857;0.194971;0
0;4.56;-0.213021;-0.507937;0;0.432483;-0.191184;0
1;4.56;0.213021;0.507937;0;-0.432483;0.191184;0
0;4.57;-0.208696;-0.509849;0;0.434077;-0.187384;0
1;4.57;0.208696;0.509849;0;-0.434077;0.187384;0
0;4.58;-0.204355;-0.511723;0;0.435637;-0.183573;0
1;4.58;0.204355;0.511723;0;-0.435637;0.183573;0
0;4.59;-0.199999;-0.513558;0;0.437164;-0.179749;0
1;4.59;0.199999;0.513558;0;-0.437164;0.179749;0
0;4.6;-0.195627;-0.515356;0;0.438657;-0.175915;0
1;4.6;0.195627;0.515356;0;-0.438657;0.175915;0
0;4.61;-0.191241;-0.517115;0;0.440117;-0.172069;0
1;4.61;0.191241;0.517115;0;-0.440117;0.172069;0
0;4.62;-0.18684;-0.518836;0;0.441544;-0.168212;0
1;4.62;0.18684;0.518836;0;-0.441544;0.168212;0
0;4.63;-0.182424;-0.520518;0;0.442936;-0.164345;0
1;4.63;0.182424;0.520518;0;-0.442936;0.164345;0
0;4.64;-0.177995;-0.522161;0;0.444295;-0.160467;0
1;4.64;0.177995;0.522161;0;-0.444295;0.160467;0
0;4.65;-0.173552;-0.523766;0;0.445621;-0.156579;0
1;4.65;0.173552;0.523766;0;-0.445621;0.156579;0
0;4.66;-0.169096;-0.525332;0;0.446912;-0.152682;0
1;4.66;0.169096;0.525332;0;-0.446912;0.152682;0
0;4.67;-0.164627;-0.526859;0;0.44817;-0.148775;0
1;4.67;0.164627;0.526859;0;-0.44817;0.148775;0
0;4.68;-0.160145;-0.528346;0;0.449393;-0.144859;0
1;4.68;0.160145;0.528346;0;-0.449393;0.144859;0
0;4.69;-0.155651;-0.529795;0;0.450583;-0.140934;0
1;4.69;0.155651;0.529795;0;-0.450583;0.140934;0
0;4.7;-0.151145;-0.531204;0;0.451738;-0.137001;0
1;4.7;0.151145;0.531204;0;-0.451738;0.137001;0
0;4.71;-0.146628;-0.532574;0;0.45286;-0.133059;0
1;4.71;0.146628;0.532574;0;-0.45286;0.133059;0
0;4.72;-0.142099;-0.533905;0;0.453947;-0.12911;0
1;4.72;0.142099;0.533905;0;-0.453947;0.12911;0
0;4.73;-0.13756;-0.535196;0;0.455;-0.125153;0
1;4.73;0.13756;0.535196;0;-0.455;0.125153;0
0;4.74;-0.13301;-0.536448;0;0.45602;-0.121188;0
1;4.74;0.13301;0.536448;0;-0.45602;0.121188;0
0;4.75;-0.128449;-0.537659;0;0.457004;-0.117216;0
1;4.75;0.128449;0.537659;0;-0.457004;0.117216;0
0;4.76;-0.123879;-0.538832;0;0.457955;-0.113237;0
1;4.76;0.123879;0.538832;0;-0.457955;0.113237;0
0;4.77;-0.1193;-0.539964;0;0.458871;-0.109252;0
1;4.77;0.1193;0.539964;0;-0.458871;0.109252;0
0;4.78;-0.114711;-0.541056;0;0.459753;-0.105261;0
1;4.78;0.114711;0.541056;0;-0.459753;0.105261;0
0;4.79;-0.110114;-0.542109;0;0.4606;-0.101263;0
1;4.79;0.110114;0.542109;0;-0.4606;0.101263;0
0;4.8;-0.105508;-0.543122;0;0.461414;-0.0972601;0
1;4.8;0.105508;0.543122;0;-0.461414;0.0972601;0
0;4.81;-0.100893;-0.544094;0;0.462192;-0.0932516;0
1;4.81;0.100893;0.544094;0;-0.462192;0.0932516;0
0;4.82;-0.0962715;-0.545027;0;0.462937;-0.089238;0
1;4.82;0.0962715;0.545027;0;-0.462937;0.089238;0
0;4.83;-0.0916422;-0.545919;0;0.463646;-0.0852195;0
1;4.83;0.0916422;0.545919;0;-0.463646;0.0852195;0
0;4.84;-0.0870057;-0.546771;0;0.464322;-0.0811965;0
1;4.84;0.0870057;0.546771;0;-0.464322;0.0811965;0
0;4.85;-0.0823625;-0.547583;0;0.464962;-0.0771693;0
1;4.85;0.0823625;0.547583;0;-0.464962;0.0771693;0
0;4.86;-0.0777129;-0.548355;0;0.465569;-0.0731381;0
1;4.86;0.0777129;0.548355;0;-0.465569;0.0731381;0
0;4.87;-0.0730572;-0.549086;0;0.466141;-0.0691032;0
1;4.87;0.0730572;0.549086;0;-0.466141;0.0691032;0
0;4.88;-0.0683958;-0.549777;0;0.466678;-0.0650649;0
1;4.88;0.0683958;0.549777;0;-0.466678;0.0650649;0
0;4.89;-0.063729;-0.550428;0;0.467181;-0.0610235;0
1;4.89;0.063729;0.550428;0;-0.467181;0.0610235;0
0;4.9;-0.0590572;-0.551038;0;0.467649;-0.0569793;0
1;4.9;0.0590572;0.551038;0;-0.467649;0.0569793;0
0;4.91;-0.0543807;-0.551608;0;0.468083;-0.0529325;0
1;4.91;0.0543807;0.551608;0;-0.468083;0.0529325;0
0;4.92;-0.0496999;-0.552137;0;0.468482;-0.0488835;0
1;4.92;0.0496999;0.552137;0;-0.468482;0.0488835;0
0;4.93;-0.0450151;-0.552626;0;0.468847;-0.0448326;0
1;4.93;0.0450151;0.552626;0;-0.468847;0.0448326;0
0;4.94;-0.0403266;-0.553075;0;0.469177;-0.0407799;0
1;4.94;0.0403266;0.553075;0;-0.469177;0.0407799;0
0;4.95;-0.0356348;-0.553482;0;0.469472;-0.0367259;0
1;4.95;0.0356348;0.553482;0;-0.469472;0.0367259;0
0;4.96;-0.0309401;-0.55385;0;0.469733;-0.0326707;0
1;4.96;0.0309401;0.55385;0;-0.469733;0.0326707;0
0;4.97;-0.0262428;-0.554176;0;0.46996;-0.0286147;0
1;4.97;0.0262428;0.554176;0;-0.46996;0.0286147;0
0;4.98;-0.0215432;-0.554463;0;0.470152;-0.0245582;0
1;4.98;0.0215432;0.554463;0;-0.470152;0.0245582;0
0;4.99;-0.0168417;-0.554708;0;0.47031;-0.0205014;0
1;4.99;0.0168417;0.554708;0;-0.47031;0.0205014;0
0;5;-0.0121386;-0.554913;0;0.470433;-0.0164446;0
1;5;0.0121386;0.554913;0;-0.470433;0.0164446;0
0;5.01;-0.00743423;-0.555078;0;0.470522;-0.0123882;0
1;5.01;0.00743423;0.555078;0;-0.470522;0.0123882;0
0;5.02;-0.00272902;-0.555201;0;0.470576;-0.00833227;0
1;5.02;0.00272902;0.555201;0;-0.470576;0.00833227;0
0;5.03;0.00197674;-0.555285;0;0.470596;-0.00427725;0
1;5.03;-0.00197674;0.555285;0;-0.470596;0.00427725;0
0;5.04;0.0066827;-0.555328;0;0.470581;-0.000223373;0
1;5.04;-0.0066827;0.555328;0;-0.470581;0.000223373;0
0;5.05;0.0113885;-0.55533;0;0.470533;0.00382907;0
1;5.05;-0.0113885;0.55533;0;-0.470533;-0.00382907;0
0;5.06;0.0160938;-0.555291;0;0.470449;0.00787981;0
1;5.06;-0.0160938;0.555291;0;-0.470449;-0.00787981;0
0;5.07;0.0207983;-0.555213;0;0.470332;0.0119286;0
1;5.07;-0.0207983;0.555213;0;-0.470332;-0.0119286;0
0;5.08;0.0255017;-0.555093;0;0.470181;0.015975;0
1;5.08;-0.0255017;0.555093;0;-0.470181;-0.015975;0
0;5.09;0.0302035;-0.554934;0;0.469995;0.020019;0
1;5.09;-0.0302035;0.554934;0;-0.469995;-0.020019;0
0;5.1;0.0349034;-0.554733;0;0.469775;0.0240601;0
1;5.1;-0.0349034;0.554733;0;-0.469775;-0.0240601;0
0;5.11;0.0396012;-0.554493;0;0.469521;0.0280981;0
1;5.11;-0.0396012;0.554493;0;-0.469521;-0.0280981;0
0;5.12;0.0442964;-0.554212;0;0.469233;0.0321327;0
1;5.12;-0.0442964;0.554212;0;-0.469233;-0.0321327;0
0;5.13;0.0489887;-0.553891;0;0.46891;0.0361637;0
1;5.13;-0.0489887;0.553891;0;-0.46891;-0.0361637;0
0;5.14;0.0536778;-0.553529;0;0.468554;0.0401907;0
1;5.14;-0.0536778;0.553529;0;-0.468554;-0.0401907;0
0;5.15;0.0583633;-0.553127;0;0.468164;0.0442136;0
1;5.15;-0.0583633;0.553127;0;-0.468164;-0.0442136;0
0;5.16;0.063045;-0.552685;0;0.46774;0.0482319;0
1;5.16;-0.063045;0.552685;0;-0.46774;-0.0482319;0
0;5.17;0.0677224;-0.552203;0;0.467282;0.0522455;0
1;5.17;-0.0677224;0.552203;0;-0.467282;-0.0522455;0
0;5.18;0.0723952;-0.55168;0;0.466791;0.0562541;0
1;5.18;-0.0723952;0.55168;0;-0.466791;-0.0562541;0
0;5.19;0.0770631;-0.551118;0;0.466265;0.0602573;0
1;5.19;-0.0770631;0.551118;0;-0.466265;-0.0602573;0
0;5.2;0.0817258;-0.550515;0;0.465706;0.064255;0
1;5.2;-0.0817258;0.550515;0;-0.465706;-0.064255;0
0;5.21;0.0863828;-0.549872;0;0.465114;0.0682468;0
1;5.21;-0.0863828;0.549872;0;-0.465114;-0.0682468;0
0;5.22;0.091034;-0.54919;0;0.464488;0.0722325;0
1;5.22;-0.091034;0.54919;0;-0.464488;-0.0722325;0
0;5.23;0.0956788;-0.548468;0;0.463828;0.0762118;0
1;5.23;-0.0956788;0.548468;0;-0.463828;-0.0762118;0
0;5.24;0.100317;-0.547706;0;0.463135;0.0801845;0
1;5.24;-0.100317;0.547706;0;-0.463135;-0.0801845;0
0;5.25;0.104948;-0.546904;0;0.462409;0.0841502;0
1;5.25;-0.104948;0.546904;0;-0.462409;-0.0841502;0
0;5.26;0.109573;-0.546062;0;0.461649;0.0881087;0
1;5.26;-0.109573;0.546062;0;-0.461649;-0.0881087;0
0;5.27;0.114189;-0.545181;0;0.460856;0.0920597;0
1;5.27;-0.114189;0.545181;0;-0.460856;-0.0920597;0
0;5.28;0.118798;-0.544261;0;0.46003;0.096003;0
1;5.28;-0.118798;0.544261;0;-0.46003;-0.096003;0
0;5.29;0.123398;-0.5433;0;0.459171;0.0999383;0
1;5.29;-0.123398;0.5433;0;-0.459171;-0.0999383;0
0;5.3;0.12799;-0.542301;0;0.458279;0.103865;0
1;5.3;-0.12799;0.542301;0;-0.458279;-0.103865;0
0;5.31;0.132572;-0.541262;0;0.457355;0.107784;0
1;5.31;-0.132572;0.541262;0;-0.457355;-0.107784;0
0;5.32;0.137146;-0.540185;0;0.456397;0.111693;0
1;5.32;-0.137146;0.540185;0;-0.456397;-0.111693;0
0;5.33;0.14171;-0.539068;0;0.455407;0.115594;0
1;5.33;-0.14171;0.539068;0;-0.455407;-0.115594;0
0;5.34;0.146264;-0.537912;0;0.454384;0.119485;0
1;5.34;-0.146264;0.537912;0;-0.454384;-0.119485;0
0;5.35;0.150808;-0.536717;0;0.453328;0.123367;0
1;5.35;-0.150808;0.536717;0;-0.453328;-0.123367;0
0;5.36;0.155341;-0.535483;0;0.45224;0.127239;0
1;5.36;-0.155341;0.535483;0;-0.45224;-0.127239;0
0;5.37;0.159864;-0.534211;0;0.45112;0.131101;0
1;5.37;-0.159864;0.534211;0;-0.45112;-0.131101;0
0;5.38;0.164375;-0.5329;0;0.449968;0.134952;0
1;5.38;-0.164375;0.5329;0;-0.449968;-0.134952;0
0;5.39;0.168874;-0.53155;0;0.448783;0.138793;0
1;5.39;-0.168874;0.53155;0;-0.448783;-0.138793;0
0;5.4;0.173362;-0.530162;0;0.447566;0.142622;0
1;5.4;-0.173362;0.530162;0;-0.447566;-0.142622;0
0;5.41;0.177838;-0.528736;0;0.446317;0.146441;0
1;5.41;-0.177838;0.528736;0;-0.446317;-0.146441;0
0;5.42;0.182301;-0.527272;0;0.445037;0.150248;0
1;5.42;-0.182301;0.527272;0;-0.445037;-0.150248;0
0;5.43;0.186751;-0.525769;0;0.443725;0.154044;0
1;5.43;-0.186751;0.525769;0;-0.443725;-0.154044;0
0;5.44;0.191189;-0.524229;0;0.442381;0.157828;0
1;5.44;-0.191189;0.524229;0;-0.442381;-0.157828;0
0;5.45;0.195612;-0.522651;0;0.441005;0.161599;0
1;5.45;-0.195612;0.522651;0;-0.441005;-0.161599;0
0;5.46;0.200023;-0.521035;0;0.439598;0.165358;0
1;5.46;-0.200023;0.521035;0;-0.439598;-0.165358;0
0;5.47;0.204419;-0.519381;0;0.43816;0.169105;0
1;5.47;-0.204419;0.519381;0;-0.43816;-0.169105;0
0;5.48;0.2088;-0.51769;0;0.436691;0.172838;0
1;5.48;-0.2088;0.51769;0;-0.436691;-0.172838;0
0;5.49;0.213167;-0.515962;0;0.43519;0.176559;0
1;5.49;-0.213167;0.515962;0;-0.43519;-0.176559;0
0;5.5;0.217519;-0.514196;0;0.433658;0.180266;0
1;5.5;-0.217519;0.514196;0;-0.433658;-0.180266;0
0;5.51;0.221856;-0.512393;0;0.432096;0.183959;0
1;5.51;-0.221856;0.512393;0;-0.432096;-0.183959;0
0;5.52;0.226176;-0.510554;0;0.430503;0.187638;0
1;5.52;-0.226176;0.510554;0;-0.430503;-0.187638;0
0;5.53;0.230482;-0.508677;0;0.428879;0.191303;0
1;5.53;-0.230482;0.508677;0;-0.428879;-0.191303;0
0;5.54;0.23477;-0.506764;0;0.427225;0.194954;0
1;5.54;-0.23477;0.506764;0;-0.427225;-0.194954;0
0;5.55;0.239043;-0.504815;0;0.425541;0.19859;0
1;5.55;-0.239043;0.504815;0;-0.425541;-0.19859;0
0;5.56;0.243298;-0.502829;0;0.423826;0.202211;0
1;5.56;-0.243298;0.502829;0;-0.423826;-0.202211;0
0;5.57;0.247536;-0.500807;0;0.422081;0.205817;0
1;5.57;-0.247536;0.500807;0;-0.422081;-0.205817;0
0;5.58;0.251757;-0.498749;0;0.420306;0.209408;0
1;5.58;-0.251757;0.498749;0;-0.420306;-0.209408;0
0;5.59;0.25596;-0.496654;0;0.418502;0.212983;0
1;5.59;-0.25596;0.496654;0;-0.418502;-0.212983;0
0;5.6;0.260145;-0.494525;0;0.416667;0.216542;0
1;5.6;-0.260145;0.494525;0;-0.416667;-0.216542;0
0;5.61;0.264312;-0.492359;0;0.414804;0.220086;0
1;5.61;-0.264312;0.492359;0;-0.414804;-0.220086;0
0;5.62;0.26846;-0.490158;0;0.41291;0.223612;0
1;5.62;-0.26846;0.490158;0;-0.41291;-0.223612;0
0;5.63;0.272589;-0.487922;0;0.410988;0.227123;0
1;5.63;-0.272589;0.487922;0;-0.410988;-0.227123;0
0;5.64;0.276699;-0.485651;0;0.409036;0.230616;0
1;5.64;-0.276699;0.485651;0;-0.409036;-0.230616;0
0;5.65;0.280789;-0.483345;0;0.407055;0.234092;0
1;5.65;-0.280789;0.483345;0;-0.407055;-0.234092;0
0;5.66;0.28486;-0.481004;0;0.405046;0.237552;0
1;5.66;-0.28486;0.481004;0;-0.405046;-0.237552;0
0;5.67;0.28891;-0.478628;0;0.403008;0.240993;0
1;5.67;-0.28891;0.478628;0;-0.403008;-0.240993;0
0;5.68;0.29294;-0.476218;0;0.400941;0.244417;0
1;5.68;-0.29294;0.476218;0;-0.400941;-0.244417;0
0;5.69;0.29695;-0.473774;0;0.398846;0.247823;0
1;5.69;-0.29695;0.473774;0;-0.398846;-0.247823;0
0;5.7;0.300938;-0.471296;0;0.396723;0.251211;0
1;5.7;-0.300938;0.471296;0;-0.396723;-0.251211;0
0;5.71;0.304905;-0.468784;0;0.394571;0.25458;0
1;5.71;-0.304905;0.468784;0;-0.394571;-0.25458;0
0;5.72;0.308851;-0.466238;0;0.392392;0.257931;0
1;5.72;-0.308851;0.466238;0;-0.392392;-0.257931;0
0;5.73;0.312775;-0.463659;0;0.390185;0.261263;0
1;5.73;-0.312775;0.463659;0;-0.390185;-0.261263;0
0;5.74;0.316677;-0.461046;0;0.38795;0.264575;0
1;5.74;-0.316677;0.461046;0;-0.38795;-0.264575;0
0;5.75;0.320556;-0.4584;0;0.385688;0.267869;0
1;5.75;-0.320556;0.4584;0;-0.385688;-0.267869;0
0;5.76;0.324413;-0.455722;0;0.383398;0.271143;0
1;5.76;-0.324413;0.455722;0;-0.383398;-0.271143;0
0;5.77;0.328247;-0.45301;0;0.381082;0.274397;0
1;5.77;-0.328247;0.45301;0;-0.381082;-0.274397;0
0;5.78;0.332058;-0.450266;0;0.378738;0.277631;0
1;5.78;-0.332058;0.450266;0;-0.378738;-0.277631;0
0;5.79;0.335845;-0.44749;0;0.376368;0.280845;0
1;5.79;-0.335845;0.44749;0;-0.376368;-0.280845;0
0;5.8;0.339609;-0.444682;0;0.373971;0.284039;0
1;5.8;-0.339609;0.444682;0;-0.373971;-0.284039;0
0;5.81;0.343349;-0.441841;0;0.371548;0.287212;0
1;5.81;-0.343349;0.441841;0;-0.371548;-0.287212;0
0;5.82;0.347064;-0.438969;0;0.369098;0.290365;0
1;5.82;-0.347064;0.438969;0;-0.369098;-0.290365;0
0;5.83;0.350755;-0.436065;0;0.366622;0.293496;0
1;5.83;-0.350755;0.436065;0;-0.366622;-0.293496;0
0;5.84;0.354421;-0.433131;0;0.364121;0.296606;0
1;5.84;-0.354421;0.433131;0;-0.364121;-0.296606;0
0;5.85;0.358063;-0.430164;0;0.361593;0.299694;0
1;5.85;-0.358063;0.430164;0;-0.361593;-0.299694;0
0;5.86;0.361679;-0.427167;0;0.35904;0.302761;0
1;5.86;-0.361679;0.427167;0;-0.35904;-0.302761;0
0;5.87;0.365269;-0.42414;0;0.356462;0.305806;0
1;5.87;-0.365269;0.42414;0;-0.356462;-0.305806;0
0;5.88;0.368834;-0.421082;0;0.353859;0.30883;0
1;5.88;-0.368834;0.421082;0;-0.353859;-0.30883;0
0;5.89;0.372372;-0.417994;0;0.35123;0.31183;0
1;5.89;-0.372372;0.417994;0;-0.35123;-0.31183;0
0;5.9;0.375884;-0.414875;0;0.348577;0.314809;0
1;5.9;-0.375884;0.414875;0;-0.348577;-0.314809;0
0;5.91;0.37937;-0.411727;0;0.345899;0.317764;0
1;5.91;-0.37937;0.411727;0;-0.345899;-0.317764;0
0;5.92;0.382829;-0.408549;0;0.343197;0.320697;0
1;5.92;-0.382829;0.408549;0;-0.343197;-0.320697;0
0;5.93;0.386261;-0.405343;0;0.34047;0.323607;0
1;5.93;-0.386261;0.405343;0;-0.34047;-0.323607;0
0;5.94;0.389666;-0.402106;0;0.33772;0.326493;0
1;5.94;-0.389666;0.402106;0;-0.33772;-0.326493;0
0;5.95;0.393043;-0.398842;0;0.334945;0.329357;0
1;5.95;-0.393043;0.398842;0;-0.334945;-0.329357;0
0;5.96;0.396393;-0.395548;0;0.332147;0.332196;0
1;5.96;-0.396393;0.395548;0;-0.332147;-0.332196;0
0;5.97;0.399714;-0.392226;0;0.329325;0.335012;0
1;5.97;-0.399714;0.392226;0;-0.329325;-0.335012;0
0;5.98;0.403007;-0.388876;0;0.32648;0.337803;0
1;5.98;-0.403007;0.388876;0;-0.32648;-0.337803;0
0;5.99;0.406272;-0.385498;0;0.323612;0.340571;0
1;5.99;-0.406272;0.385498;0;-0.323612;-0.340571;0
0;6;0.409508;-0.382092;0;0.320721;0.343314;0
1;6;-0.409508;0.382092;0;-0.320721;-0.343314;0
0;6.01;0.412715;-0.378659;0;0.317808;0.346032;0
1;6.01;-0.412715;0.378659;0;-0.317808;-0.346032;0
0;6.02;0.415894;-0.375199;0;0.314872;0.348726;0
1;6.02;-0.415894;0.375199;0;-0.314872;-0.348726;0
0;6.03;0.419042;-0.371711;0;0.311914;0.351395;0
1;6.03;-0.419042;0.371711;0;-0.311914;-0.351395;0
0;6.04;0.422161;-0.368197;0;0.308933;0.354038;0
1;6.04;-0.422161;0.368197;0;-0.308933;-0.354038;0
0;6.05;0.425251;-0.364657;0;0.305931;0.356657;0
1;6.05;-0.425251;0.364657;0;-0.305931;-0.356657;0
0;6.06;0.42831;-0.361091;0;0.302908;0.35925;0
1;6.06;-0.42831;0.361091;0;-0.302908;-0.35925;0
0;6.07;0.431339;-0.357498;0;0.299862;0.361817;0
1;6.07;-0.431339;0.357498;0;-0.299862;-0.361817;0
0;6.08;0.434338;-0.35388;0;0.296796;0.364358;0
1;6.08;-0.434338;0.35388;0;-0.296796;-0.364358;0
0;6.09;0.437306;-0.350236;0;0.293709;0.366874;0
1;6.09;-0.437306;0.350236;0;-0.293709;-0.366874;0
0;6.1;0.440243;-0.346568;0;0.2906;0.369363;0
1;6.1;-0.440243;0.346568;0;-0.2906;-0.369363;0
0;6.11;0.443149;-0.342874;0;0.287472;0.371826;0
1;6.11;-0.443149;0.342874;0;-0.287472;-0.371826;0
0;6.12;0.446023;-0.339156;0;0.284323;0.374263;0
1;6.12;-0.446023;0.339156;0;-0.284323;-0.374263;0
0;6.13;0.448867;-0.335413;0;0.281153;0.376673;0
1;6.13;-0.448867;0.335413;0;-0.281153;-0.376673;0
0;6.14;0.451678;-0.331646;0;0.277964;0.379056;0
1;6.14;-0.451678;0.331646;0;-0.277964;-0.379056;0
0;6.15;0.454458;-0.327856;0;0.274756;0.381412;0
1;6.15;-0.454458;0.327856;0;-0.274756;-0.381412;0
0;6.16;0.457205;-0.324042;0;0.271527;0.383741;0
1;6.16;-0.457205;0.324042;0;-0.271527;-0.383741;0
0;6.17;0.459921;-0.320204;0;0.26828;0.386042;0
1;6.17;-0.459921;0.320204;0;-0.26828;-0.386042;0
0;6.18;0.462604;-0.316344;0;0.265013;0.388316;0
1;6.18;-0.462604;0.316344;0;-0.265013;-0.388316;0
0;6.19;0.465254;-0.312461;0;0.261728;0.390563;0
1;6.19;-0.465254;0.312461;0;-0.261728;-0.390563;0
0;6.2;0.467871;-0.308555;0;0.258424;0.392782;0
1;6.2;-0.467871;0.308555;0;-0.258424;-0.392782;0
0;6.21;0.470455;-0.304627;0;0.255102;0.394973;0
1;6.21;-0.470455;0.304627;0;-0.255102;-0.394973;0
0;6.22;0.473006;-0.300677;0;0.251762;0.397135;0
1;6.22;-0.473006;0.300677;0;-0.251762;-0.397135;0
0;6.23;0.475524;-0.296706;0;0.248404;0.39927;0
1;6.23;-0.475524;0.296706;0;-0.248404;-0.39927;0
0;6.24;0.478008;-0.292713;0;0.245028;0.401376;0
1;6.24;-0.478008;0.292713;0;-0.245028;-0.401376;0
0;6.25;0.480458;-0.2887;0;0.241635;0.403454;0
1;6.25;-0.480458;0.2887;0;-0.241635;-0.403454;0
0;6.26;0.482874;-0.284665;0;0.238225;0.405503;0
1;6.26;-0.482874;0.284665;0;-0.238225;-0.405503;0
0;6.27;0.485257;-0.28061;0;0.234798;0.407524;0
1;6.27;-0.485257;0.28061;0;-0.234798;-0.407524;0
0;6.28;0.487605;-0.276535;0;0.231354;0.409515;0
1;6.28;-0.487605;0.276535;0;-0.231354;-0.409515;0
