# column style format: id;time;x;y;z;vx;vy;vz;mass;totalEnergy;totalSpecificAngularMomentum;rungeLenzVector;semiMajorAxis
# this file will be overwritten without any precaution
# used integrator was hermite
0;0;0.4975020822658211;0.049916708434910688;0;-0.049916770830537305;0.49750207809920566;0;0.5;-0.1249999993185099;0.5000000013629763;0.87499999922846291;0.26666666658429199
1;0;-0.4975020822658211;-0.049916708434910688;0;0.049916770830537305;-0.49750207809920566;0;0.5;-0.1249999993185099;0.5000000013629763;0.87499999922846291;0.26666666658429199
0;0.1;0.49003328189036416;0.099334665123551324;0;-0.099334790324550462;0.49003327346379733;0;0.5;-0.12499999863704188;0.50000000272590062;0.87499999690091248;0.26666666340366649
1;0.1;-0.49003328189036416;-0.099334665123551324;0;0.099334790324550462;-0.49003327346379733;0;0.5;-0.12499999863704188;0.50000000272590062;0.87499999690091248;0.26666666340366649
0;0.2;0.47766822454661018;0.14776010151069399;0;-0.14776029109558336;0.47766821133941612;0;0.5;-0.12499999795559555;0.50000000408877391;0.87499999304060424;0.26666665717109584
1;0.2;-0.47766822454661018;-0.14776010151069399;0;0.14776029109558336;-0.47766821133941612;0;0.5;-0.12499999795559555;0.50000000408877391;0.87499999304060424;0.26666665717109584
0;0.3;0.46053045758573752;0.19470916589491952;0;-0.19470942245826206;0.46053043831000967;0;0.5;-0.12499999727417039;0.50000000545159747;0.87499998768610808;0.26666664796337887
1;0.3;-0.46053045758573752;-0.19470916589491952;0;0.19470942245826206;-0.46053043831000967;0;0.5;-0.12499999727417039;0.50000000545159747;0.87499998768610808;0.26666664796337887
0;0.4;0.43879121562010265;0.23971275787298194;0;-0.23971308479695799;0.43879118792333222;0;0.5;-0.12499999659276546;0.50000000681437325;0.87499998089092275;0.26666663588704029
1;0.4;-0.43879121562010265;-0.23971275787298194;0;0.23971308479695799;-0.43879118792333222;0;0.5;-0.12499999659276546;0.50000000681437325;0.87499998089092275;0.26666663588704029
0;0.5;0.41266770964087096;0.2823212154014324;0;-0.28232161656229871;0.4126676698663615;0;0.5;-0.12499999591137982;0.5000000081771036;0.87499997272294146;0.26666662107726638
1;0.5;-0.41266770964087096;-0.2823212154014324;0;0.28232161656229871;-0.4126676698663615;0;0.5;-0.12499999591137982;0.5000000081771036;0.87499997272294146;0.26666662107726638
0;0.6;0.38242095676308036;0.32210880764598437;0;-0.32210928706893238;0.3824208997809363;0;0.5;-0.12499999523001236;0.50000000953979126;0.87499996326377354;0.26666660369655423
1;0.6;-0.38242095676308036;-0.32210880764598437;0;0.32210928706893238;-0.3824208997809363;0;0.5;-0.12499999523001236;0.50000000953979126;0.87499996326377354;0.26666660369655423
0;0.7;0.34835317228042678;0.35867798872919648;0;-0.35867855020748773;0.34835309139888182;0;0.5;-0.12499999454866158;0.50000001090243951;0.87499995260792903;0.26666658393308835
1;0.7;-0.34835317228042678;-0.35867798872919648;0;0.35867855020748773;-0.34835309139888182;0;0.5;-0.12499999454866158;0.50000001090243951;0.87499995260792903;0.26666658393308835
0;0.8;0.31080475008501557;0.39166336987559108;0;-0.39166401657155681;0.31080463704842831;0;0.5;-0.12499999386732589;0.50000001226505204;0.87499994086187445;0.26666656199886032
1;0.8;-0.31080475008501557;-0.39166336987559108;0;0.39166401657155681;-0.31080463704842831;0;0.5;-0.12499999386732589;0.50000001226505204;0.87499994086187445;0.26666656199886032
0;0.9;0.27015086162004776;0.42073537026647279;0;-0.42073610431294578;0.27015070669617247;0;0.5;-0.12499999318600375;0.50000001362763272;0.87499992814296919;0.26666653812755081
1;0.9;-0.27015086162004776;-0.42073537026647279;0;0.42073610431294578;-0.27015070669617247;0;0.5;-0.12499999318600375;0.50000001362763272;0.87499992814296919;0.26666653812755081
0;1;0.22679770734481566;0.44560351012637295;0;-0.44560433224733437;0.22679749950011144;0;0.5;-0.12499999250469325;0.50000001499018593;0.87499991457829281;0.26666651257219483
1;1;-0.22679770734481566;-0.44560351012637295;0;0.44560433224733437;-0.22679749950011144;0;0.5;-0.12499999250469325;0.50000001499018593;0.87499991457829281;0.26666651257219483
0;1.1;0.18117845816339653;0.46601931313717726;0;-0.46602022230583356;0.18117818532131996;0;0.5;-0.12499999182339244;0.50000001635271617;0.87499990030337548;0.26666648560265347
1;1.1;-0.18117845816339653;-0.46601931313717726;0;0.46602022230583356;-0.18117818532131996;0;0.5;-0.12499999182339244;0.50000001635271617;0.87499990030337548;0.26666648560265347
0;1.2;0.13374892736635774;0.4817787891789086;0;-0.48177978233008956;0.13374857673995116;0;0.5;-0.12499999114209922;0.50000001771522828;0.87499988546084382;0.26666645750291779
1;1.2;-0.13374892736635774;-0.4817787891789086;0;0.48177978233008956;-0.13374857673995116;0;0.5;-0.12499999114209922;0.50000001771522828;0.87499988546084382;0.26666645750291779
0;1.3;0.084983016327667471;0.49272447258885649;0;-0.49272554440059357;0.084982574814454093;0;0.5;-0.12499999046081161;0.50000001907772727;0.87499987019899591;0.26666642856827125
1;1.3;-0.084983016327667471;-0.49272447258885649;0;0.49272554440059357;-0.084982574814454093;0;0.5;-0.12499999046081161;0.50000001907772727;0.87499987019899591;0.26666642856827125
0;1.4;0.035367979459923364;0.49874699557140467;0;-0.49874813832788883;0.035367434084287004;0;0.5;-0.12499998977952729;0.50000002044021831;0.87499985467031956;0.26666639910233951
1;1.4;-0.035367979459923364;-0.49874699557140467;0;0.49874813832788883;-0.035367434084287004;0;0.5;-0.12499998977952729;0.50000002044021831;0.87499985467031956;0.26666639910233951
0;1.5;-0.014600444262636883;0.4997861810351506;0;-0.49978738458008787;-0.014601105876659165;0;0.5;-0.1249999890982441;0.50000002180270651;0.87499983902996885;0.26666636941405663
1;1.5;0.014600444262636883;-0.4997861810351506;0;0.49978738458008787;0.014601105876659165;0;0.5;-0.1249999890982441;0.50000002180270651;0.87499983902996885;0.26666636941405663
0;1.6;-0.064422984570158437;0.49583164393535467;0;-0.49583289572115963;-0.064423773714315041;0;0.5;-0.12499998841695985;0.50000002316519712;0.87499982343421384;0.26666633981457854
1;1.6;0.064422984570158437;-0.49583164393535467;0;0.49583289572115963;0.064423773714315041;0;0.5;-0.12499998841695985;0.50000002316519712;0.87499982343421384;0.26666633981457854
0;1.7;-0.11360182846130021;0.48692289511043263;0;-0.48692418034487056;-0.11360275486626754;0;0.5;-0.1249999877356723;0.50000002452769531;0.87499980803887923;0.2666663106141741
1;1.7;0.11360182846130021;-0.48692289511043263;0;0.48692418034487056;0.11360275486626754;0;0.5;-0.1249999877356723;0.50000002452769531;0.87499980803887923;0.2666663106141741
0;1.8;-0.16164559422127736;0.47314894657206141;0;-0.47315024846001896;-0.16164666560702723;0;0.5;-0.1249999870543793;0.50000002589020626;0.87499979299778742;0.26666628211912501
1;1.8;0.16164559422127736;-0.47314894657206141;0;0.47315024846001896;0.16164666560702723;0;0.5;-0.1249999870543793;0.50000002589020626;0.87499979299778742;0.26666628211912501
0;1.9;-0.20807424119437271;0.454647422189836;0;-0.45464872226402686;-0.20807546286654829;0;0.5;-0.12499998637307871;0.50000002725273485;0.87499977846122165;0.2666662546286656
1;1.9;0.20807424119437271;-0.454647422189836;0;0.45464872226402686;0.20807546286654829;0;0.5;-0.12499998637307871;0.50000002725273485;0.87499977846122165;0.2666662546286656
0;2;-0.25242386625282942;0.43160318265352349;0;-0.43160446118427603;-0.2524252407624159;0;0.5;-0.12499998569176848;0.50000002861528603;0.87499976457442427;0.26666622843199304
1;2;0.25242386625282942;-0.43160318265352349;0;0.43160446118427603;0.2524252407624159;0;0.5;-0.12499998569176848;0.50000002861528603;0.87499976457442427;0.26666622843199304
0;2.1;-0.29425133903560757;0.40424647844942119;0;-0.40424771492039374;-0.29425286591698335;0;0.5;-0.12499998501044664;0.50000002997786431;0.87499975147614571;0.26666620380537775
1;2.1;0.29425133903560757;-0.40424647844942119;0;0.40424771492039374;0.29425286591698335;0;0.5;-0.12499998501044664;0.50000002997786431;0.87499975147614571;0.26666620380537775
0;2.2;-0.33313872964098973;0.37285064930363637;0;-0.37285182293749952;-0.3331404052406236;0;0.5;-0.12499998432911144;0.50000003134047405;0.87499973929725801;0.26666618100940312
1;2.2;0.33313872964098973;-0.37285064930363637;0;0.37285182293749952;0.3331404052406236;0;0.5;-0.12499998432911144;0.50000003134047405;0.87499973929725801;0.26666618100940312
0;2.3;-0.36869748453037743;0.33772939307712418;0;-0.33773048339305023;-0.36869930193510941;0;0.5;-0.12499998364776111;0.50000003270311916;0.87499972815944722;0.26666616028636172
1;2.3;0.36869748453037743;-0.33772939307712418;0;0.33773048339305023;0.36869930193510941;0;0.5;-0.12499998364776111;0.50000003270311916;0.87499972815944722;0.26666616028636172
0;2.4;-0.40057230891613871;0.29923363139975123;0;-0.29923461878304775;-0.40057425798627228;0;0.5;-0.1249999829663942;0.50000003406580337;0.87499971817399746;0.26666614185783451
1;2.4;0.40057230891613871;-0.29923363139975123;0;0.29923461878304775;0.40057425798627228;0;0.5;-0.1249999829663942;0.50000003406580337;0.87499971817399746;0.26666614185783451
0;2.5;-0.42844471683891433;0.25774800336048076;0;-0.25774886962396315;-0.42844678434740568;0;0.5;-0.12499998228500917;0.50000003542852998;0.87499970944067909;0.2666661259224769
1;2.5;0.42844471683891433;-0.25774800336048076;0;0.25774886962396315;0.42844678434740568;0;0.5;-0.12499998228500917;0.50000003542852998;0.87499970944067909;0.2666661259224769
0;2.6;-0.45203621346007916;0.2136870222877198;0;-0.21368775120446765;-0.45203838333508828;0;0.5;-0.12499998160360494;0.50000003679130171;0.87499970204675175;0.26666611265403362
1;2.6;0.45203621346007916;-0.2136870222877198;0;0.21368775120446765;0.45203838333508828;0;0.5;-0.12499998160360494;0.50000003679130171;0.87499970204675175;0.26666611265403362
0;2.7;-0.47111107776991379;0.16749093402076251;0;-0.16749151180874558;-0.47111333143403783;0;0.5;-0.12499998092218048;0.50000003815412107;0.87499969606609242;0.26666610219960303
1;2.7;0.47111107776991379;-0.16749093402076251;0;0.16749151180874558;0.47111333143403783;0;0.5;-0.12499998092218048;0.50000003815412107;0.87499969606609242;0.26666610219960303
0;2.8;-0.48547871790474101;0.11962131805644345;0;-0.11962173379711043;-0.48548103470054482;0;0.5;-0.12499998024073495;0.50000003951698988;0.87499969155845738;0.26666609467816712
1;2.8;0.48547871790474101;-0.11962131805644345;0;0.11962173379711043;0.48548103470054482;0;0.5;-0.12499998024073495;0.50000003951698988;0.87499969155845738;0.26666609467816712
0;2.9;-0.49499557553693446;0.07055647552475322;0;-0.07055672149998185;-0.4949979332250658;0;0.5;-0.12499997955926779;0.5000000408799096;0.87499968856888498;0.26666609017940279
1;2.9;0.49499557553693446;-0.07055647552475322;0;0.07055672149998185;0.4949979332250658;0;0.5;-0.12499997955926779;0.5000000408799096;0.87499968856888498;0.26666609017940279
0;3;-0.49956656030761731;0.020786650077565985;0;-0.020786722012294579;-0.4995689356209817;0;0.5;-0.12499997887777864;0.5000000422428811;0.87499968712724572;0.26666608876278576
1;3;0.49956656030761731;-0.020786650077565985;0;0.020786722012294579;0.4995689356209817;0;0.5;-0.12499997887777864;0.5000000422428811;0.87499968712724572;0.26666608876278576
0;3.1;-0.49914599996801068;-0.029190870555516526;0;0.029190973354235875;-0.49914836920329275;0;0.5;-0.12499997819626732;0.50000004360590476;0.87499968724794371;0.26666609045699634
1;3.1;0.49914599996801068;0.029190870555516526;0;-0.029190973354235875;0.49914836920329275;0;0.5;-0.12499997819626732;0.50000004360590476;0.87499968724794371;0.26666609045699634
0;3.2;-0.49373809673481767;-0.07887672339758911;0;0.078876998010586938;-0.49374043636115894;0;0.5;-0.1249999775147339;0.50000004496898046;0.8749996889297728;0.26666609525963288
1;3.2;0.49373809673481767;0.07887672339758911;0;-0.078876998010586938;0.49374043636115894;0;0.5;-0.1249999775147339;0.50000004496898046;0.8749996889297728;0.26666609525963288
0;3.3;-0.48339688529936681;-0.1277744597910789;0;0.12777489976757786;-0.48339917256330389;0;0.5;-0.12499997683317868;0.5000000463321075;0.87499969215592864;0.26666610313723577
1;3.3;0.48339688529936681;0.1277744597910789;0;-0.12777489976757786;0.48339917256330389;0;0.5;-0.12499997683317868;0.5000000463321075;0.87499969215592864;0.26666610313723577
0;3.4;-0.46822569291016269;-0.17539550584330149;0;0.17539610138933084;-0.46822790641602408;0;0.5;-0.12499997615160212;0.50000004769528473;0.87499969689417651;0.26666611402562174
1;3.4;0.46822569291016269;0.17539550584330149;0;-0.17539610138933084;0.46822790641602408;0;0.5;-0.12499997615160212;0.50000004769528473;0.87499969689417651;0.26666611402562174
0;3.5;-0.44837610692422036;-0.22126404418468856;0;0.22126478245281983;-0.44837822717006853;0;0.5;-0.12499997547000501;0.50000004905851049;0.87499970309717351;0.26666612783052517
1;3.5;0.44837610692422036;0.22126404418468856;0;-0.22126478245281983;0.44837822717006853;0;0.5;-0.12499997547000501;0.50000004905851049;0.87499970309717351;0.26666612783052517
0;3.6;-0.42404646014435321;-0.26492176825984881;0;0.26492263372994368;-0.4240484699952114;0;0.5;-0.1249999747883882;0.50000005042178263;0.87499971070294156;0.26666614442854001
1;3.6;0.42404646014435321;0.26492176825984881;0;-0.26492263372994368;0.4240484699952114;0;0.5;-0.1249999747883882;0.50000005042178263;0.87499971070294156;0.26666614442854001
0;3.7;-0.3954798490782433;-0.30593246164553622;0;0.30593343658286865;-0.39548173416069532;0;0.5;-0.12499997410675283;0.50000005178509854;0.87499971963548672;0.26666616366835283
1;3.7;0.3954798490782433;0.30593246164553622;0;-0.30593343658286865;0.39548173416069532;0;0.5;-0.12499997410675283;0.50000005178509854;0.87499971963548672;0.26666616366835283
0;3.8;-0.36296170492247998;-0.34388635663827405;0;0.34388742161258629;-0.36296345392768686;0;0.5;-0.12499997342510024;0.50000005314845519;0.8749997298055585;0.26666618537225464
1;3.8;0.36296170492247998;0.34388635663827405;0;-0.34388742161258629;0.36296345392768686;0;0.5;-0.12499997342510024;0.50000005314845519;0.8749997298055585;0.26666618537225464
0;3.9;-0.32681694154415586;-0.37840422856033207;0;0.378405363007216;-0.32681854642977726;0;0.5;-0.12499997274343186;0.50000005451184898;0.87499974111154172;0.26666620933791656
1;3.9;0.32681694154415586;0.37840422856033207;0;-0.378405363007216;0.32681854642977726;0;0.5;-0.12499997274343186;0.50000005451184898;0.87499974111154172;0.26666620933791656
0;4;-0.28740670895938547;-0.40914118487391704;0;0.40914236767846374;-0.28740816504469474;0;0.5;-0.12499997206174938;0.50000005587527616;0.87499975344047172;0.26666623534041148
1;4;0.28740670895938547;0.40914118487391704;0;-0.40914236767846374;0.28740816504469474;0;0.5;-0.12499997206174938;0.50000005587527616;0.87499975344047172;0.26666623534041148
0;4.1;-0.24512478475002039;-0.43579011124340233;0;0.43579132132538845;-0.2451260907025066;0;0.5;-0.12499997138005466;0.50000005723873246;0.87499976666916319;0.26666626313446137
1;4.1;0.24512478475002039;0.43579011124340233;0;-0.43579132132538845;0.2451260907025066;0;0.5;-0.12499997138005466;0.50000005723873246;0.87499976666916319;0.26666626313446137
0;4.2;-0.2003936394774814;-0.45808474011369521;0;0.45808595699369969;-0.20039479719328682;0;0.5;-0.12499997069834936;0.50000005860221361;0.87499978066544092;0.26666629245688813
1;4.2;0.2003936394774814;0.45808474011369521;0;-0.45808595699369969;0.20039479719328682;0;0.5;-0.12499997069834936;0.50000005860221361;0.87499978066544092;0.26666629245688813
0;4.3;-0.1536602154098656;-0.47580231114513882;0;0.47580351547190142;-0.15366122979435123;0;0.5;-0.12499997001663566;0.50000005996571476;0.87499979528946065;0.26666632302924306
1;4.3;0.1536602154098656;0.47580231114513882;0;-0.47580351547190142;0.15366122979435123;0;0.5;-0.12499997001663566;0.50000005996571476;0.87499979528946065;0.26666632302924306
0;4.4;-0.10539146074277406;-0.48876579692395999;0;0.4887669709449658;-0.10539233940118652;0;0.5;-0.12499996933491565;0.50000006132923095;0.87499981039510621;0.26666635456058903
1;4.4;0.10539146074277406;0.48876579692395999;0;-0.4887669709449658;0.10539233940118652;0;0.5;-0.12499996933491565;0.50000006132923095;0.87499981039510621;0.26666635456058903
0;4.5;-0.056069663937029876;-0.49684567171142363;0;0.49684679967105683;-0.056070416788515189;0;0.5;-0.12499996865319139;0.50000006269275721;0.87499982583144944;0.26666638675040752
1;4.5;0.056069663937029876;0.49684567171142363;0;-0.49684679967105683;0.056070416788515189;0;0.5;-0.12499996865319139;0.50000006269275721;0.87499982583144944;0.26666638675040752
0;4.6;-0.0061876347932254246;-0.49996120556111762;0;0.49996227401367987;-0.0061882736241733061;0;0.5;-0.12499996797146523;0.5000000640562883;0.87499984144425835;0.26666641929160111
1;4.6;0.0061876347932254246;0.49996120556111762;0;-0.49996227401367987;0.0061882736241733061;0;0.5;-0.12499996797146523;0.5000000640562883;0.87499984144425835;0.26666641929160111
0;4.7;0.043756219586086206;-0.49808127087652665;0;0.49808226890484114;0.043755681611287449;0;0.5;-0.12499996728973928;0.50000006541981907;0.87499985707753802;0.26666645187356196
1;4.7;-0.043756219586086206;0.49808127087652665;0;-0.49808226890484114;-0.043755681611287449;0;0.5;-0.12499996728973928;0.50000006541981907;0.87499985707753802;0.26666645187356196
0;4.8;0.093262874746032245;-0.49122465335285381;0;0.49122557268693917;0.093262423597374383;0;0.5;-0.12499996660801577;0.50000006678334424;0.87499987257508929;0.26666648418527516
1;4.8;-0.093262874746032245;0.49122465335285381;0;-0.49122557268693917;-0.093262423597374383;0;0.5;-0.12499996660801577;0.50000006678334424;0.87499987257508929;0.26666648418527516
0;4.9;0.14183767498229791;-0.47945986419923309;0;0.47946069923348211;0.14183729627960612;0;0.5;-0.12499996592629685;0.50000006814685868;0.87499988778206937;0.26666651591842631
1;4.9;-0.14183767498229791;0.47945986419923309;0;-0.47946069923348211;-0.14183729627960612;0;0.5;-0.12499996592629685;0.50000006814685868;0.87499988778206937;0.26666651591842631
0;5;0.18899527577776051;-0.46290445552055226;0;0.46290520323183215;0.18899495528935328;0;0.5;-0.12499996524458475;0.50000006951035739;0.87499990254653895;0.26666654677048196
1;5;-0.18899527577776051;0.46290445552055226;0;-0.46290520323183215;-0.18899495528935328;0;0.5;-0.12499996524458475;0.50000006951035739;0.87499990254653895;0.26666654677048196
0;5.1;0.23426449319028841;-0.44172384570228912;0;0.44172450547523456;0.23426421729594957;0;0.5;-0.1249999645628815;0.5000000708738354;0.87499991672098028;0.26666657644771229
1;5.1;-0.23426449319028841;0.44172384570228912;0;-0.44172450547523456;-0.23426421729594957;0;0.5;-0.1249999645628815;0.5000000708738354;0.87499991672098028;0.26666657644771229
0;5.2;0.27719301173938687;-0.4161296665374552;0;0.41613023990679932;0.27719276784046937;0;0.5;-0.12499996388118915;0.50000007223728799;0.87499993016377108;0.26666660466812594
1;5.2;-0.27719301173938687;0.4161296665374552;0;-0.41613023990679932;-0.27719276784046937;0;0.5;-0.12499996388118915;0.50000007223728799;0.87499993016377108;0.26666660466812594
0;5.3;0.31735190375371297;-0.38637764861303131;0;0.38637813893597517;0.31735168061557878;0;0.5;-0.1249999631995095;0.50000007360071084;0.87499994274059943;0.26666663116428756
1;5.3;-0.31735190375371297;0.38637764861303131;0;-0.38637813893597517;-0.31735168061557878;0;0.5;-0.1249999631995095;0.50000007360071084;0.87499994274059943;0.26666663116428756
0;5.4;0.35433991502573853;-0.35276506608644165;0;0.35276547816067189;0.35433970304069501;0;0.5;-0.12499996251784432;0.5000000749640998;0.87499995432580578;0.26666665568598963
1;5.4;-0.35433991502573853;0.35276506608644165;0;-0.35276547816067189;-0.35433970304069501;0;0.5;-0.12499996251784432;0.5000000749640998;0.87499995432580578;0.26666665568598963
0;5.5;0.38778747395516783;-0.31562776638456869;0;0.31562810602949531;0.38778726531746971;0;0.5;-0.12499996183619531;0.50000007632745093;0.87499996480363846;0.26666667800275243
1;5.5;-0.38778747395516783;0.31562776638456869;0;-0.31562810602949531;-0.38778726531746971;0;0.5;-0.12499996183619531;0.50000007632745093;0.87499996480363846;0.26666667800275243
0;5.6;0.41736038412577131;-0.27533681450459457;0;0.27533708812462226;0.41736017291397787;0;0.5;-0.12499996115456378;0.50000007769076094;0.87499997406941;0.26666669790612694
1;5.6;-0.41736038412577131;0.27533681450459457;0;-0.27533708812462226;-0.41736017291397787;0;0.5;-0.12499996115456378;0.50000007769076094;0.87499997406941;0.26666669790612694
0;5.7;0.44276316342345501;-0.23229478544615817;0;0.23229499959527461;0.44276294558931828;0;0.5;-0.12499996047295115;0.50000007905402672;0.87499998203054322;0.2666667152117773
1;5.7;-0.44276316342345501;0.23229478544615817;0;-0.23229499959527461;-0.44276294558931828;0;0.5;-0.12499996047295115;0.50000007905402672;0.87499998203054322;0.2666667152117773
0;5.8;0.46374199633504692;-0.18693174181949165;0;0.18693190278614108;0.46374176960199742;0;0.5;-0.12499995979135838;0.5000000804172458;0.87499998860749607;0.2666667297613227
1;5.8;-0.46374199633504692;0.18693174181949165;0;-0.18693190278614108;-0.46374176960199742;0;0.5;-0.12499995979135838;0.5000000804172458;0.87499998860749607;0.2666667297613227
0;5.9;0.48008726993214873;-0.13970093681924592;0;0.13970105024937146;0.48008703361018662;0;0.5;-0.12499995910978646;0.50000008178041593;0.87499999373455642;0.26666674142391968
1;5.9;-0.48008726993214873;0.13970093681924592;0;-0.13970105024937146;-0.48008703361018662;0;0.5;-0.12499995910978646;0.50000008178041593;0.87499999373455642;0.26666674142391968
0;6;0.49163566820387067;-0.091074285497232538;0;0.091074356071560655;0.49163542293111212;0;0.5;-0.12499995842823602;0.50000008314353559;0.87499999736049843;0.26666675009756946
1;6;-0.49163566820387067;0.091074285497232538;0;-0.091074356071560655;-0.49163542293111212;0;0.5;-0.12499995842823602;0.50000008314353559;0.87499999736049843;0.26666675009756946
0;6.1;0.49827180381478225;-0.041537649581907858;0;0.041537680761089782;0.49827155123891231;0;0.5;-0.12499995774670752;0.50000008450660369;0.87499999944909447;0.26666675571013706
1;6.1;-0.49827180381478225;0.041537649581907858;0;-0.041537680761089782;-0.49827155123891231;0;0.5;-0.12499995774670752;0.50000008450660369;0.87499999944909447;0.26666675571013706
0;6.2;0.49992937098590023;0.0084140170450040623;0;-0.0084140231967859049;0.49992911340122853;0;0.5;-0.12499995706520121;0.50000008586961957;0.87499999997947705;0.26666675822007191
1;6.2;-0.49992937098590023;-0.0084140170450040623;0;0.0084140231967859049;-0.49992911340122853;0;0.5;-0.12499995706520121;0.50000008586961957;0.87499999997947705;0.26666675822007191
0;6.3;0.49659180798083608;0.058281613712402293;0;-0.058281656618186357;0.49659154793843924;0;0.5;-0.12499995638371717;0.50000008723258316;0.87499999894634723;0.26666675761682303
1;6.3;-0.49659180798083608;-0.058281613712402293;0;0.058281656618186357;-0.49659154793843924;0;0.5;-0.12499995638371717;0.50000008723258316;0.87499999894634723;0.26666675761682303
0;6.4;0.48829246257855624;0.10756687975443159;0;-0.10756696032612827;0.48829220248805028;0;0.5;-0.12499995570225517;0.5000000885954949;0.87499999636002762;0.26666675392094445
1;6.4;-0.48829246257855624;-0.10756687975443159;0;0.10756696032612827;-0.48829220248805028;0;0.5;-0.12499995570225517;0.5000000885954949;0.87499999636002762;0.26666675392094445
0;6.5;0.47511425887963765;0.15577737291219393;0;-0.15577749346352673;0.4751140006214149;0;0.5;-0.12499995502081474;0.5000000899583558;0.8749999922463592;0.26666674718388987
1;6.5;-0.47511425887963765;-0.15577737291219393;0;0.15577749346352673;-0.4751140006214149;0;0.5;-0.12499995502081474;0.5000000899583558;0.8749999922463592;0.26666674718388987
0;6.6;0.45718886877483894;0.2024313896027512;0;-0.20243155367770743;0.4571886133411146;0;0.5;-0.12499995433939531;0.50000009132116732;0.87499998664644318;0.26666673748749848
1;6.6;-0.45718886877483894;-0.2024313896027512;0;0.20243155367770743;-0.4571886133411146;0;0.5;-0.12499995433939531;0.50000009132116732;0.87499998664644318;0.26666673748749848
0;6.7;0.43469539635350202;0.24706277789633418;0;-0.24706299002099452;0.43469514353526501;0;0.5;-0.12499995365799605;0.50000009268393134;0.87499997961623038;0.26666672494317736
1;6.7;-0.43469539635350202;-0.24706277789633418;0;0.24706299002099452;-0.43469514353526501;0;0.5;-0.12499995365799605;0.50000009268393134;0.87499997961623038;0.26666672494317736
0;6.8;0.40785858839532213;0.28922559511445733;0;-0.28922586048339749;0.40785833653032727;0;0.5;-0.12499995297661591;0.50000009404665035;0.87499997122596216;0.26666670969078838
1;6.8;-0.40785858839532213;-0.28922559511445733;0;0.28922586048339749;-0.40785833653032727;0;0.5;-0.12499995297661591;0.50000009404665035;0.87499997122596216;0.26666670969078838
0;6.9;0.3769465888237824;0.32849856351379614;0;-0.32849888762511542;0.37694633461813298;0;0.5;-0.12499995229525358;0.50000009540932725;0.87499996155946868;0.26666669189725086
1;6.9;-0.3769465888237824;-0.32849856351379614;0;0.32849888762511542;-0.37694633461813298;0;0.5;-0.12499995229525358;0.50000009540932725;0.87499996155946868;0.26666669189725086
0;7;0.34226825955575096;0.36448927953771654;0;-0.36448966779303332;0.34226799798850915;0;0.5;-0.1249999516139078;0.50000009677196532;0.87499995071333139;0.26666667175487371
1;7;-0.34226825955575096;-0.36448927953771654;0;0.36448966779303332;-0.34226799798850915;0;0.5;-0.1249999516139078;0.50000009677196532;0.87499995071333139;0.26666667175487371
0;7.1;0.30417009451387572;0.39683813457912348;0;-0.39683859186648895;0.30416981883062771;0;0.5;-0.12499995093257686;0.50000009813456817;0.87499993879591804;0.26666664947943414
1;7.1;-0.30417009451387572;-0.39683813457912348;0;0.39683859186648895;-0.30416981883062771;0;0.5;-0.12499995093257686;0.50000009813456817;0.87499993879591804;0.26666664947943414
0;7.2;0.26303275763321093;0.42522190808023363;0;-0.42522243835879125;0.26303245943074771;0;0.5;-0.12499995025125912;0.50000009949714;0.87499992592629994;0.26666662530802177
1;7.2;-0.26303275763321093;-0.42522190808023363;0;0.42522243835879125;-0.26303245943074771;0;0.5;-0.12499995025125912;0.50000009949714;0.87499992592629994;0.26666662530802177
0;7.3;0.21926727945036578;0.44935699706820775;0;-0.44935760297352612;0.21926694885077033;0;0.5;-0.12499994956995266;0.50000010085968511;0.8749999122330624;0.26666659949666977
1;7.3;-0.21926727945036578;-0.44935699706820775;0;0.44935760297352612;-0.21926694885077033;0;0.5;-0.12499994956995266;0.50000010085968511;0.8749999122330624;0.26666659949666977
0;7.4;0.17331095027484131;0.46900224985761818;0;-0.4690029323459457;0.17331057618345713;0;0.5;-0.12499994888865558;0.50000010222220811;0.87499989785301998;0.26666657231779674
1;7.4;-0.17331095027484131;-0.46900224985761818;0;0.4690029323459457;-0.17331057618345713;0;0.5;-0.12499994888865558;0.50000010222220811;0.87499989785301998;0.26666657231779674
0;7.5;0.12562295097403492;0.48396137560520536;0;-0.48396213365346225;0.12562252141218092;0;0.5;-0.12499994820736577;0.50000010358471379;0.87499988292984955;0.26666654405748491
1;7.5;-0.12562295097403492;-0.48396137560520536;0;0.48396213365346225;-0.12562252141218092;0;0.5;-0.12499994820736577;0.50000010358471379;0.87499988292984955;0.26666654405748491
0;7.6;0.076679765025338242;0.49408490563981033;0;-0.49408573601600131;0.076679267525382469;0;0.5;-0.12499994752608114;0.50000010494720724;0.87499986761265471;0.26666651501262182
1;7.6;-0.076679765025338242;-0.49408490563981033;0;0.49408573601600131;-0.076679267525382469;0;0.5;-0.12499994752608114;0.50000010494720724;0.87499986761265471;0.26666651501262182
0;7.7;0.026970417674630084;0.49927168696843527;0;-0.49927258408442204;0.026969839722267665;0;0.5;-0.12499994684479946;0.50000010630969346;0.87499985205447627;0.26666648548793397
1;7.7;-0.026970417674630084;-0.49927168696843527;0;0.49927258408442204;-0.026969839722267665;0;0.5;-0.12499994684479946;0.50000010630969346;0.87499985205447627;0.26666648548793397
0;7.8;-0.023008410231586288;0.49946989303336037;0;-0.49947084888868343;-0.02300908072517192;0;0.5;-0.12499994616351864;0.5000001076721777;0.87499983641076287;0.26666645579294224
1;7.8;0.023008410231586288;-0.49946989303336037;0;0.49947084888868343;0.02300908072517192;0;0.5;-0.12499994616351864;0.5000001076721777;0.87499983641076287;0.26666645579294224
0;7.9;-0.072757344920415495;0.49467754161844302;0;-0.49467854584025689;-0.072758119135304722;0;0.5;-0.12499994548223633;0.5000001090346652;0.87499982083781807;0.26666642623886923
1;7.9;0.072757344920415495;-0.49467754161844302;0;0.49467854584025689;0.072758119135304722;0;0.5;-0.12499994548223633;0.5000001090346652;0.87499982083781807;0.26666642623886923
0;8;-0.12177930928819641;0.48494251472696781;0;-0.48494355470729889;-0.12178019702092092;0;0.5;-0.12499994480095033;0.50000011039716127;0.87499980549123845;0.26666639713552986
1;8;0.12177930928819641;-0.48494251472696781;0;0.48494355470729889;0.12178019702092092;0;0.5;-0.12499994480095033;0.50000011039716127;0.87499980549123845;0.26666639713552986
0;8.1;-0.16958448956297245;0.47036208022950493;0;-0.47036314135710938;-0.16958549877960141;0;0.5;-0.1249999441196585;0.50000011175967089;0.87499979052435924;0.26666636878823562
1;8.1;0.16958448956297245;-0.47036208022950493;0;0.47036314135710938;0.16958549877960141;0;0.5;-0.1249999441196585;0.50000011175967089;0.87499979052435924;0.26666636878823562
0;8.2;-0.2156952294078115;0.45108192005845771;0;-0.45108298603870634;-0.21569636584355756;0;0.5;-0.12499994343835873;0.50000011312219902;0.87499977608672202;0.26666634149474425
1;8.2;0.2156952294078115;-0.45108192005845771;0;0.45108298603870634;0.21569636584355756;0;0.5;-0.12499994343835873;0.50000011312219902;0.87499977608672202;0.26666634149474425
0;8.3;-0.25965080256340778;0.42729467465658882;0;-0.42729572790919074;-0.25965206938577945;0;0.5;-0.12499994275704903;0.50000011448475047;0.87499976232258062;0.26666631554228462
1;8.3;0.25965080256340778;-0.42729467465658882;0;0.42729572790919074;0.25965206938577945;0;0.5;-0.12499994275704903;0.50000011448475047;0.87499976232258062;0.26666631554228462
0;8.4;-0.301012016341481;0.39923801822054156;0;-0.3992390403416855;-0.30101341389172037;0;0.5;-0.12499994207572744;0.50000011584732976;0.87499974936945981;0.26666629120468679
1;8.4;0.301012016341481;-0.39923801822054156;0;0.3992390403416855;0.30101341389172037;0;0.5;-0.12499994207572744;0.50000011584732976;0.87499974936945981;0.26666629120468679
0;8.5;-0.33936559997012372;0.36719228396890796;0;-0.3671932562416767;-0.33936712559477999;0;0.5;-0.12499994139439212;0.50000011720994116;0.87499973735678118;0.26666626873964616
1;8.5;0.33936559997012372;-0.36719228396890796;0;0.3671932562416767;0.33936712559477999;0;0.5;-0.12499994139439212;0.50000011720994116;0.87499973735678118;0.26666626873964616
0;8.6;-0.37432833394157672;0.3314776631608759;0;-0.33147856709569046;-0.37432998192268507;0;0.5;-0.12499994071304153;0.50000011857258864;0.87499972640456996;0.2666662483861485
1;8.6;0.37432833394157672;-0.3314776631608759;0;0.33147856709569046;0.37432998192268507;0;0.5;-0.12499994071304153;0.50000011857258864;0.87499972640456996;0.2666662483861485
0;8.7;-0.40555087910047105;0.29245100585096956;0;-0.29245182373642598;-0.4055526406890696;0;0.5;-0.12499994003167397;0.50000011993527575;0.8749997166222558;0.26666623036208223
1;8.7;0.40555087910047105;-0.29245100585096956;0;0.29245182373642598;0.4055526406890696;0;0.5;-0.12499994003167397;0.50000011993527575;0.8749997166222558;0.26666623036208223
0;8.8;-0.43272126721051873;0.25050225534530074;0;-0.25050297078913525;-0.43272313076428987;0;0.5;-0.12499993935028811;0.50000012129800577;0.87499970810757927;0.26666621486206131
1;8.8;0.43272126721051873;-0.25050225534530074;0;0.25050297078913525;0.43272313076428987;0;0.5;-0.12499993935028811;0.50000012129800577;0.87499970810757927;0.26666621486206131
0;8.9;-0.45556801812000014;0.20605055198528133;0;-0.20605115042536501;-0.4555699693418197;0;0.5;-0.12499993866888288;0.50000012266078144;0.87499970094561533;0.26666620205548066
1;8.9;0.45556801812000014;-0.20605055198528133;0;0.20605115042536501;0.4555699693418197;0;0.5;-0.12499993866888288;0.50000012266078144;0.87499970094561533;0.26666620205548066
0;9;-0.47386285237738385;0.1595400451893158;0;-0.15954051435553282;-0.4738648746476653;0;0.5;-0.12499993798745724;0.50000012402360503;0.87499969520792328;0.26666619208482366
1;9;0.47386285237738385;-0.1595400451893158;0;0.15954051435553282;0.4738648746476653;0;0.5;-0.12499993798745724;0.50000012402360503;0.87499969520792328;0.26666619208482366
0;9.1;-0.48742297219074826;0.11143545559855032;0;-0.11143578590812114;-0.48742504698282813;0;0.5;-0.12499993730601046;0.50000012538647838;0.87499969095183167;0.26666618506423853
1;9.1;0.48742297219074826;-0.11143545559855032;0;0.11143578590812114;0.48742504698282813;0;0.5;-0.12499993730601046;0.50000012538647838;0.87499969095183167;0.26666618506423853
0;9.2;-0.49611288793795144;0.062217431670151972;0;-0.062217616541356685;-0.49611499530252684;0;0.5;-0.12499993662454196;0.50000012674940276;0.87499968821986551;0.26666618107839776
1;9.2;0.49611288793795144;-0.062217431670151972;0;0.062217616541356685;0.49611499530252684;0;0.5;-0.12499993662454196;0.50000012674940276;0.87499968821986551;0.26666618107839776
0;9.3;-0.49984577197561264;0.012377747115852288;0;-0.012377783188098353;-0.49984789107753491;0;0.5;-0.12499993594305142;0.50000012811237902;0.87499968703932134;0.26666618018165208
1;9.3;0.49984577197561264;-0.012377747115852288;0;0.012377783188098353;0.49984789107753491;0;0.5;-0.12499993594305142;0.50000012811237902;0.87499968703932134;0.26666618018165208
0;9.4;-0.49858432621853177;-0.037585612825929635;0;0.037585725574283302;-0.49858643590719315;0;0.5;-0.12499993526153874;0.50000012947540745;0.87499968742199452;0.26666618239748743
1;9.4;0.49858432621853177;0.037585612825929635;0;-0.037585725574283302;0.49858643590719315;0;0.5;-0.12499993526153874;0.50000012947540745;0.87499968742199452;0.26666618239748743
0;9.5;-0.49234115481997021;-0.08717342718507376;0;0.087173685425914166;-0.49234323421317466;0;0.5;-0.12499993458000394;0.50000013083848787;0.87499968936406133;0.26666618771829032
1;9.5;0.49234115481997021;0.08717342718507376;0;-0.087173685425914166;0.49234323421317466;0;0.5;-0.12499993458000394;0.50000013083848787;0.87499968936406133;0.26666618771829032
0;9.6;-0.4811786382286764;-0.13589022740224654;0;0.13589062455469894;-0.48118066728931491;0;0.5;-0.12499993389844741;0.50000013220161942;0.87499969284611726;0.26666619610542381
1;9.6;0.4811786382286764;0.13589022740224654;0;-0.13589062455469894;0.48118066728931491;0;0.5;-0.12499993389844741;0.50000013220161942;0.87499969284611726;0.26666619610542381
0;9.7;-0.46520830988122852;-0.18324924797588257;0;0.1832497744078308;-0.46521026996630627;0;0.5;-0.12499993321686968;0.50000013356480102;0.87499969783337072;0.2666662074896137
1;9.7;0.46520830988122852;0.18324924797588257;0;-0.1832497744078308;0.46521026996630627;0;0.5;-0.12499993321686968;0.50000013356480102;0.87499969783337072;0.2666662074896137
0;9.8;-0.44458974175837151;-0.22877729014539105;0;0.22877793347233927;-0.44459161612095194;0;0.5;-0.12499993253527151;0.50000013492803079;0.87499970427599097;0.26666622177164059
1;9.8;0.44458974175837151;0.22877729014539105;0;-0.22877793347233927;0.44459161612095194;0;0.5;-0.12499993253527151;0.50000013492803079;0.87499970427599097;0.26666622177164059
0;9.9;-0.41952894994186818;-0.27201945001144168;0;0.27202019548188838;-0.41953072416826831;0;0.5;-0.12499993185365381;0.50000013629130654;0.87499971210960575;0.26666623882333134
1;9.9;0.41952894994186818;0.27201945001144168;0;-0.27202019548188838;0.41953072416826831;0;0.5;-0.12499993185365381;0.50000013629130654;0.87499971210960575;0.26666623882333134
0;10;-0.39027633610490003;-0.31254366384900278;0;0.3125444948022727;-0.3902779984719203;0;0.5;-0.12499993117201782;0.50000013765462549;0.8749997212559447;0.26666625848883968
1;10;0.39027633610490003;0.31254366384900278;0;-0.3125444948022727;0.3902779984719203;0;0.5;-0.12499993117201782;0.50000013765462549;0.8749997212559447;0.26666625848883968
0;10.1;-0.35712418550630032;-0.34994502519576964;0;0.34994592357556897;-0.35712572724630809;0;0.5;-0.12499993049036482;0.5000001390179846;0.87499973162362127;0.26666628058620348
1;10.1;0.35712418550630032;0.34994502519576964;0;-0.34994592357556897;0.35712572724630809;0;0.5;-0.12499993049036482;0.5000001390179846;0.87499973162362127;0.26666628058620348
0;10.2;-0.32040374649052555;-0.38384983057945804;0;0.38385077748438934;-0.32040516195571306;0;0.5;-0.1249999298086963;0.50000014038138033;0.87499974310904599;0.26666630490916281
1;10.2;0.32040374649052555;0.38384983057945804;0;-0.38385077748438934;0.32040516195571306;0;0.5;-0.1249999298086963;0.50000014038138033;0.87499974310904599;0.26666630490916281
0;10.3;-0.2804819206769833;-0.41391931345934396;0;0.41392028971031541;-0.28048320739795063;0;0.5;-0.124999929127014;0.50000014174480871;0.87499975559746148;0.26666633122922077
1;10.3;0.2804819206769833;0.41391931345934396;0;-0.41392028971031541;0.28048320739795063;0;0.5;-0.124999929127014;0.50000014174480871;0.87499975559746148;0.26666633122922077
0;10.4;-0.23775759691233597;-0.43985302907328289;0;0.43985401577722472;-0.23775875555015738;0;0.5;-0.12499992844531963;0.50000014310826559;0.87499976896408904;0.26666635929792672
1;10.4;0.23775759691233597;0.43985302907328289;0;-0.43985401577722472;0.23775875555015738;0;0.5;-0.12499992844531963;0.50000014310826559;0.87499976896408904;0.26666635929792672
0;10.5;-0.19265766561882472;-0.46139185637008534;0;0.46139283545966348;-0.19265869981378517;0;0.5;-0.12499992776361511;0.50000014447174644;0.87499978307537549;0.26666638884935852
1;10.5;0.19265766561882472;0.46139185637008534;0;-0.46139283545966348;0.19265869981378517;0;0.5;-0.12499992776361511;0.50000014447174644;0.87499978307537549;0.26666638884935852
0;10.6;-0.14563275336493636;-0.47832058703368235;0;0.47832154176376251;-0.14563366948901471;0;0.5;-0.12499992708190253;0.50000014583524647;0.87499979779032762;0.26666641960277968
1;10.6;0.14563275336493636;0.47832058703368235;0;-0.47832154176376251;0.14563366948901471;0;0.5;-0.12499992708190253;0.50000014583524647;0.87499979779032762;0.26666641960277968
0;10.7;-0.097152720279967769;-0.49047007573172258;0;0.49047099111514481;-0.097153527103743739;0;0.5;-0.12499992640018401;0.50000014719876077;0.87499981296192085;0.26666645126544429
1;10.7;0.097152720279967769;0.49047007573172258;0;-0.49047099111514481;0.097153527103743739;0;0.5;-0.12499992640018401;0.50000014719876077;0.87499981296192085;0.26666645126544429
0;10.8;-0.047701965303307753;-0.49771893010585622;0;0.49771979327355692;-0.047702673591136606;0;0.5;-0.12499992571846166;0.50000014856228419;0.87499982843856839;0.26666648353552204
1;10.8;0.047701965303307753;0.49771893010585622;0;-0.49771979327355692;0.047702673591136606;0;0.5;-0.12499992571846166;0.50000014856228419;0.87499982843856839;0.26666648353552204
0;10.9;0.0022254138211066587;-0.49999472362014863;0;0.49999552409371645;0.0022247917711940091;0;0.5;-0.12499992503673767;0.50000014992581164;0.87499984406563568;0.26666651610511396
1;10.9;-0.0022254138211066587;0.49999472362014863;0;-0.49999552409371645;-0.0022247917711940091;0;0.5;-0.12499992503673767;0.50000014992581164;0.87499984406563568;0.26666651610511396
0;11;0.052130557443855398;-0.49727471915185739;0;0.49727544902010717;0.052130008297114117;0;0.5;-0.1249999243550143;0.50000015128933788;0.87499985968698556;0.26666654866332877
1;11;-0.052130557443855398;0.49727471915185739;0;-0.49727544902010717;-0.052130008297114117;0;0.5;-0.1249999243550143;0.50000015128933788;0.87499985968698556;0.26666654866332877
0;11.1;0.1015148284737393;-0.48958609609755088;0;0.48958675009250952;0.10151433837289778;0;0.5;-0.12499992367329371;0.50000015265285768;0.87499987514653828;0.26666658089938919
1;11.1;-0.1015148284737393;0.48958609609755088;0;-0.48958675009250952;-0.10151433837289778;0;0.5;-0.12499992367329371;0.50000015265285768;0.87499987514653828;0.26666658089938919
0;11.2;0.14988479460257456;-0.47700567872838573;0;0.47700625420005205;0.14988434967916595;0;0.5;-0.12499992299157817;0.50000015401636595;0.87499989028983089;0.26666661250573699
1;11.2;-0.14988479460257456;0.47700567872838573;0;-0.47700625420005205;-0.14988434967916595;0;0.5;-0.12499992299157817;0.50000015401636595;0.87499989028983089;0.26666661250573699
0;11.3;0.19675715851049749;-0.45965916851172589;0;0.45965966530493585;0.19675674537360371;0;0.5;-0.1249999223098697;0.50000015537985754;0.87499990496556065;0.26666664318110595
1;11.3;-0.19675715851049749;0.45965916851172589;0;-0.45965966530493585;-0.19675674537360371;0;0.5;-0.1249999223098697;0.50000015537985754;0.87499990496556065;0.26666664318110595
0;11.4;0.24166358679154656;-0.43771988807238305;0;0.43772030831292613;0.24166319297535024;0;0.5;-0.12499992162817048;0.50000015674332769;0.87499991902709661;0.26666667263353194
1;11.4;-0.24166358679154656;0.43771988807238305;0;-0.43772030831292613;-0.24166319297535024;0;0.5;-0.12499992162817048;0.50000015674332769;0.87499991902709661;0.26666667263353194
0;11.5;0.28415538935179457;-0.4114070493460727;0;0.41140739714671187;0.2841550037051912;0;0.5;-0.12499992094648245;0.50000015810677171;0.87499993233394473;0.26666670058327007
1;11.5;-0.28415538935179457;0.4114070493460727;0;-0.41140739714671187;-0.2841550037051912;0;0.5;-0.12499992094648245;0.50000015810677171;0.87499993233394473;0.26666670058327007
0;11.6;0.32380800252682751;-0.38098356323146987;0;0.38098384433158033;0.32380761553086246;0;0.5;-0.12499992026480738;0.50000015947018522;0.87499994475315155;0.26666672676558958
1;11.6;-0.32380800252682751;0.38098356323146987;0;-0.38098384433158033;-0.32380761553086246;0;0.5;-0.12499992026480738;0.50000015947018522;0.87499994475315155;0.26666672676558958
0;11.7;0.36022523112695853;-0.34675341262802684;0;0.34675363398306402;0.36022483512891745;0;0.5;-0.12499991958314721;0.50000016083356402;0.8749999561606326;0.26666675093341894
1;11.7;-0.36022523112695853;0.34675341262802684;0;-0.34675363398306402;-0.36022483512891745;0;0.5;-0.12499991958314721;0.50000016083356402;0.8749999561606326;0.26666675093341894
0;11.8;0.39304320702760731;-0.30905861510873067;0;0.30905878444757151;0.39304279638408113;0;0.5;-0.12499991890150333;0.50000016219690453;0.87499996644241193;0.26666677285981443
1;11.8;-0.39304320702760731;0.30905861510873067;0;-0.30905878444757151;-0.39304279638408113;0;0.5;-0.12499991890150333;0.50000016219690453;0.87499996644241193;0.26666677285981443
0;11.9;0.42193402475468467;-0.26827580557666619;0;0.26827593094596486;0.42193359587971047;0;0.5;-0.12499991821987725;0.50000016356020333;0.87499997549576111;0.26666679234022745
1;11.9;-0.42193402475468467;0.26827580557666619;0;-0.26827593094596486;-0.42193359587971047;0;0.5;-0.12499991821987725;0.50000016356020333;0.87499997549576111;0.26666679234022745
0;12;0.44660901774229222;-0.22481247305067062;0;0.22481256236569225;0.44660856906058682;0;0.5;-0.12499991753827018;0.50000016492345752;0.87499998323022542;0.26666680919454835
1;12;-0.44660901774229222;0.22481247305067062;0;-0.22481256236569225;-0.44660856906058682;0;0.5;-0.12499991753827018;0.50000016492345752;0.87499998323022542;0.26666680919454835
0;12.1;0.46682164253032093;-0.17910288918060882;0;0.17910294980153887;0.46682117433951803;0;0.5;-0.12499991685668317;0.50000016628666455;0.87499998956852766;0.2666668232689058
1;12.1;-0.46682164253032093;0.17910288918060882;0;-0.17910294980153887;-0.46682117433951803;0;0.5;-0.12499991685668317;0.50000016628666455;0.87499998956852766;0.2666668232689058
0;12.2;0.48236994208674433;-0.13160376917236385;0;0.13160380752385845;0.48236945633626221;0;0.5;-0.12499991617511711;0.50000016764982244;0.87499999444734014;0.26666683443720426
1;12.2;-0.48236994208674433;0.13160376917236385;0;-0.13160380752385845;-0.48236945633626221;0;0.5;-0.12499991617511711;0.50000016764982244;0.87499999444734014;0.26666683443720426
0;12.3;0.49309856364441285;-0.082789708475778212;0;0.082789729725574274;0.49309806364196868;0;0.5;-0.12499991549357265;0.50000016901292958;0.87499999781791749;0.26666684260238377
1;12.3;-0.49309856364441285;0.082789708475778212;0;-0.082789729725574274;-0.49309806364196868;0;0.5;-0.12499991549357265;0.50000016901292958;0.87499999781791749;0.26666684260238377
0;12.4;0.49890031089296277;-0.033148440828810168;0;0.03314844863863281;0.49889980095267722;0;0.5;-0.12499991481205018;0.50000017037598496;0.87499999964658353;0.26666684769738965
1;12.4;-0.49890031089296277;0.033148440828810168;0;-0.03314844863863281;-0.49889980095267722;0;0.5;-0.12499991481205018;0.50000017037598496;0.87499999964658353;0.26666684769738965
0;12.5;0.49971721501859889;0.016824034964276098;0;-0.016824038605383888;0.4997167000669821;0;0.5;-0.12499991413054993;0.50000017173898819;0.87499999991506774;0.26666684968584252
1;12.5;-0.49971721501859889;-0.016824034964276098;0;0.016824038605383888;-0.4997167000669821;0;0.5;-0.12499991413054993;0.50000017173898819;0.87499999991506774;0.26666684968584252
0;12.6;0.49554111389152805;0.066628410831604326;0;-0.066628425684918571;0.49554059904931325;0;0.5;-0.12499991344907191;0.50000017310193909;0.874999998620688;0.26666684856240167
1;12.6;-0.49554111389152805;-0.066628410831604326;0;0.066628425684918571;-0.49554059904931325;0;0.5;-0.12499991344907191;0.50000017310193909;0.874999998620688;0.26666684856240167
0;12.7;0.48641373361470297;0.11576705829529639;0;-0.1157670858581805;0.48641322377343105;0;0.5;-0.12499991276761587;0.50000017446483832;0.87499999577637706;0.26666684435281852
1;12.7;-0.48641373361470297;-0.11576705829529639;0;0.1157670858581805;-0.48641322377343105;0;0.5;-0.12499991276761587;0.50000017446483832;0.87499999577637706;0.26666684435281852
0;12.8;0.47242627161920436;0.16374900055176075;0;-0.16374904395261344;0.47242577103162109;0;0.5;-0.12499991208618132;0.50000017582768694;0.87499999141055356;0.26666683711367927
1;12.8;-0.47242627161920436;-0.16374900055176075;0;0.16374904395261344;-0.47242577103162109;0;0.5;-0.12499991208618132;0.50000017582768694;0.87499999141055356;0.26666683711367927
0;12.9;0.45371848547139404;0.21009481809405969;0;-0.21009488190132525;0.45371799737410157;0;0.5;-0.12499991140476766;0.50000017719048637;0.87499998556683806;0.26666682693183947
1;12.9;-0.45371848547139404;-0.21009481809405969;0;0.21009488190132525;-0.45371799737410157;0;0.5;-0.12499991140476766;0.50000017719048637;0.87499998556683806;0.26666682693183947
0;13;0.43047729649517941;0.25434143886363264;0;-0.2543415288173867;0.43047682278060467;0;0.5;-0.124999910723374;0.50000017855323875;0.87499997830361716;0.26666681392355641
1;13;-0.43047729649517941;-0.25434143886363264;0;0.2543415288173867;-0.43047682278060467;0;0.5;-0.124999910723374;0.50000017855323875;0.87499997830361716;0.26666681392355641
0;13.1;0.40293492216001864;0.29604676507213851;0;-0.29604688775004245;0.40293446311268521;0;0.5;-0.12499991004199922;0.50000017991594659;0.87499996969346022;0.2666667982333274
1;13.1;-0.40293492216001864;-0.29604676507213851;0;0.29604688775004245;-0.40293446311268521;0;0.5;-0.12499991004199922;0.50000017991594659;0.87499996969346022;0.2666667982333274
0;13.2;0.37136655589326173;0.33479409046576125;0;-0.33479425289797449;0.37136611000265718;0;0.5;-0.12499990936064213;0.50000018127861279;0.87499995982239434;0.26666678003244614
1;13.2;-0.37136655589326173;-0.33479409046576125;0;0.33479425289797449;-0.37136611000265718;0;0.5;-0.12499990936064213;0.50000018127861279;0.87499995982239434;0.26666678003244614
0;13.3;0.3360876174970342;0.37019626389771132;0;-0.37019647314755089;0.3360871813561665;0;0.5;-0.12499990867930122;0.5000001826412408;0.87499994878904477;0.26666675951729127
1;13.3;-0.3360876174970342;-0.37019626389771132;0;0.37019647314755089;-0.3360871813561665;0;0.5;-0.12499990867930122;0.5000001826412408;0.87499994878904477;0.26666675951729127
0;13.4;0.297450601639973;0.40189955760895285;0;-0.40189982033760335;0.29745016993513035;0;0.5;-0.12499990799797491;0.5000001840038343;0.87499993670364969;0.26666673690736433
1;13.4;-0.297450601639973;-0.40189955760895285;0;0.40189982033760335;-0.29745016993513035;0;0.5;-0.12499990799797491;0.5000001840038343;0.87499993670364969;0.26666673690736433
0;13.5;0.25584155590985719;0.42958720156709129;0;-0.42958752360143598;0.25584112150327626;0;0.5;-0.12499990731666155;0.50000018536639737;0.87499992368695872;0.26666671244309664
1;13.5;-0.25584155590985719;-0.42958720156709129;0;0.42958752360143598;-0.25584112150327626;0;0.5;-0.12499990731666155;0.50000018536639737;0.87499992368695872;0.26666671244309664
0;13.6;0.2116762236144272;0.45298254854941655;0;-0.45298293447204613;0.21167577771768495;0;0.5;-0.12499990663535908;0.50000018672893456;0.87499990986902645;0.26666668638344714
1;13.6;-0.2116762236144272;-0.45298254854941655;0;0.45298293447204613;-0.21167577771768495;0;0.5;-0.12499990663535908;0.50000018672893456;0.87499990986902645;0.26666668638344714
0;13.7;0.16539588986747505;0.47185183834500188;0;-0.47185229112466687;0.16539542229960552;0;0.5;-0.12499990595406568;0.50000018809145032;0.87499989538791327;0.26666665900331493
1;13.7;-0.16539588986747505;-0.47185183834500188;0;0.47185229112466687;-0.16539542229960552;0;0.5;-0.12499990595406568;0.50000018809145032;0.87499989538791327;0.26666665900331493
0;13.8;0.11746297246213892;0.48600653345567785;0;-0.48600705413490858;0.11746247198289822;0;0.5;-0.12499990527277921;0.50000018945394964;0.87499988038830571;0.26666663059079288
1;13.8;-0.11746297246213892;-0.48600653345567785;0;0.48600705413490858;-0.11746247198289822;0;0.5;-0.12499990527277921;0.50000018945394964;0.87499988038830571;0.26666663059079288
0;13.9;0.068356401583623466;0.49530520295663288;0;-0.49530579041102279;0.068355856289121386;0;0.5;-0.12499990459149764;0.5000001908164375;0.87499986502007102;0.26666660144428894
1;13.9;-0.068356401583623466;-0.49530520295663288;0;0.49530579041102279;-0.068355856289121386;0;0.5;-0.12499990459149764;0.5000001908164375;0.87499986502007102;0.26666660144428894
0;14;0.018566834523794873;0.49965493569159414;0;-0.49965558647241259;0.018566232289015338;0;0.5;-0.1249999039102186;0.50000019217891911;0.87499984943675976;0.2666665718695449
1;14;-0.018566834523794873;-0.49965493569159414;0;0.49965558647241259;-0.018566232289015338;0;0.5;-0.1249999039102186;0.50000019217891911;0.87499984943675976;0.2666665718695449
0;14.1;-0.031408246790831137;0.49901226867991683;0;-0.49901297694840485;-0.031408917840179233;0;0.5;-0.12499990322893988;0.50000019354139966;0.8749998337940716;0.26666654217658143
1;14.1;0.031408246790831137;-0.49901226867991683;0;0.49901297694840485;0.031408917840179233;0;0.5;-0.12499990322893988;0.50000019354139966;0.8749998337940716;0.26666654217658143
0;14.2;-0.081069506474774941;0.4933836214564985;0;-0.49338437901453014;-0.081070257480013425;0;0.5;-0.12499990254765946;0.50000019490388428;0.87499981824829976;0.26666651267660051
1;14.2;0.081069506474774941;-0.4933836214564985;0;0.49338437901453014;0.081070257480013425;0;0.5;-0.12499990254765946;0.50000019490388428;0.87499981824829976;0.26666651267660051
0;14.3;-0.12992074389798253;0.48282523200184274;0;-0.48282602841975797;-0.12992158479438387;0;0.5;-0.12499990186637495;0.50000019626637825;0.87499980295476924;0.26666648367887627
1;14.3;0.12992074389798253;-0.48282523200184274;0;0.48282602841975797;0.12992158479438387;0;0.5;-0.12499990186637495;0.50000019626637825;0.87499980295476924;0.26666648367887627
0;14.4;-0.17747385158813037;0.46744259489951134;0;-0.46744341773799813;-0.17747479066039373;0;0.5;-0.12499990118508427;0.50000019762888668;0.87499978806628501;0.26666645548766467
1;14.4;0.17747385158813037;-0.46744259489951134;0;0.46744341773799813;0.17747479066039373;0;0.5;-0.12499990118508427;0.50000019762888668;0.87499978806628501;0.26666645548766467
0;14.5;-0.22325369228233446;0.44738940733187238;0;-0.44739024245094983;-0.22325473576706431;0;0.5;-0.12499990050378539;0.5000001989914144;0.8749997737316053;0.26666642839916361
1;14.5;0.22325369228233446;-0.44738940733187238;0;0.44739024245094983;0.22325473576706431;0;0.5;-0.12499990050378539;0.5000001989914144;0.8749997737316053;0.26666642839916361
0;14.6;-0.26680284639703045;0.42286603344276857;0;-0.4228668653873579;-0.26680399814897254;0;0.5;-0.12499989982247611;0.50000020035396624;0.8749997600939551;0.26666640269855351
1;14.6;0.26680284639703045;-0.42286603344276857;0;0.4228668653873579;0.26680399814897254;0;0.5;-0.12499989982247611;0.50000020035396624;0.8749997600939551;0.26666640269855351
0;14.7;-0.30768618247902524;0.39411750240835747;0;-0.39411831485676324;-0.30768744371544482;0;0.5;-0.12499989914115468;0.50000020171654667;0.87499974728959523;0.26666637865714779
1;14.7;0.30768618247902524;-0.39411750240835747;0;0.39411831485676324;0.30768744371544482;0;0.5;-0.12499989914115468;0.50000020171654667;0.87499974728959523;0.26666637865714779
0;14.8;-0.34549520496900044;0.36143106021681348;0;-0.36143183647580129;-0.34549657410363022;0;0.5;-0.12499989845981923;0.50000020307915998;0.8749997354464608;0.26666635652968217
1;14.8;0.34549520496900044;-0.36143106021681348;0;0.36143183647580129;0.34549657410363022;0;0.5;-0.12499989845981923;0.50000020307915998;0.8749997354464608;0.26666635652968217
0;14.9;-0.37985213583342076;0.32513329961725618;0;-0.32513402314541551;-0.3798536084079791;0;0.5;-0.12499989777846812;0.50000020444180996;0.87499972468288297;0.26666633655176927
1;14.9;0.37985213583342076;-0.32513329961725618;0;0.32513402314541551;0.3798536084079791;0;0.5;-0.12499989777846812;0.50000020444180996;0.87499972468288297;0.26666633655176927
0;15;-0.41041368927965638;0.2855868969136075;0;-0.28558755185340473;-0.41041525799717415;0;0.5;-0.12499989709709989;0.50000020580450015;0.87499971510640652;0.26666631893754458
1;15;0.41041368927965638;-0.2855868969136075;0;0.28558755185340473;0.41041525799717415;0;0.5;-0.12499989709709989;0.50000020580450015;0.87499971510640652;0.26666631893754458
0;15.1;-0.43687450183560461;0.24318698820793758;0;-0.24318755990635244;-0.43687615669585139;0;0.5;-0.12499989641571319;0.50000020716723372;0.87499970681271532;0.26666630387752691
1;15.1;0.43687450183560461;-0.24318698820793758;0;0.24318755990635244;0.43687615669585139;0;0.5;-0.12499989641571319;0.50000020716723372;0.87499970681271532;0.26666630387752691
0;15.2;-0.45897018351856733;0.19835722130095745;0;-0.1983576967988763;-0.45897191205189009;0;0.5;-0.12499989573430694;0.50000020853001333;0.87499969988467626;0.26666629153671465
1;15.2;0.45897018351856733;-0.19835722130095745;0;0.1983576967988763;0.45897191205189009;0;0.5;-0.12499989573430694;0.50000020853001333;0.87499969988467626;0.26666629153671465
0;15.3;-0.47647995960419409;0.15154552269863533;0;-0.15154589117023762;-0.47648174719623199;0;0.5;-0.12499989505288015;0.50000020989284121;0.87499969439151127;0.2666662820529373
1;15.3;0.47647995960419409;-0.15154552269863533;0;0.15154589117023762;0.47648174719623199;0;0.5;-0.12499989505288015;0.50000020989284121;0.87499969439151127;0.2666662820529373
0;15.4;-0.48922887659710845;0.10321962202103582;0;-0.10321987514621563;-0.48923070689327997;0;0.5;-0.1249998943714321;0.50000021125571897;0.87499969038810569;0.26666627553547822
1;15.4;0.48922887659710845;-0.10321962202103582;0;0.10321987514621563;0.48923070689327997;0;0.5;-0.1249998943714321;0.50000021125571897;0.87499969038810569;0.26666627553547822
0;15.5;-0.49708955035951313;0.053862378533945911;0;-0.053862510789288581;-0.49709140573502641;0;0.5;-0.12499989368996229;0.50000021261864799;0.87499968791445969;0.26666627206398282
1;15.5;0.49708955035951313;-0.053862378533945911;0;0.053862510789288581;0.49709140573502641;0;0.5;-0.12499989368996229;0.50000021261864799;0.87499968791445969;0.26666627206398282
0;15.6;-0.49998343892909408;0.0039669565014062037;0;-0.0039669653582944994;-0.499985301007635;0;0.5;-0.12499989300847035;0.50000021398162907;0.87499968699528874;0.26666627168766267
1;15.6;0.49998343892909408;-0.0039669565014062037;0;0.0039669653582944994;0.499985301007635;0;0.5;-0.12499989300847035;0.50000021398162907;0.87499968699528874;0.26666627168766267
0;15.7;-0.49788162730718832;-0.045968102431859524;0;0.045968216409925482;-0.49788347750949608;0;0.5;-0.12499989232695628;0.50000021534466229;0.87499968763977668;0.26666627442480376
1;15.7;0.49788162730718832;0.045968102431859524;0;-0.045968216409925482;0.49788347750949608;0;0.5;-0.12499989232695628;0.50000021534466229;0.87499968763977668;0.26666627442480376
0;15.8;-0.49080511637496715;-0.095443860590042964;0;0.095444093754999265;-0.49080693647729229;0;0.5;-0.12499989164542011;0.50000021670774739;0.87499968984148385;0.2666662802625839
1;15.8;0.49080511637496715;0.095443860590042964;0;-0.095444093754999265;0.49080693647729229;0;0.5;-0.12499989164542011;0.50000021670774739;0.87499968984148385;0.2666662802625839
0;15.9;-0.47882461305056551;-0.14396596957280777;0;0.14396631530454532;-0.47882638573256936;0;0.5;-0.1249998909638623;0.50000021807088353;0.8749996935784115;0.26666628915720082
1;15.9;0.47882461305056551;0.14396596957280777;0;-0.14396631530454532;0.47882638573256936;0;0.5;-0.1249998909638623;0.50000021807088353;0.8749996935784115;0.26666628915720082
0;16;-0.46205982378412991;-0.19104960970419177;0;0.19105005862412572;-0.46206153314614473;0;0.5;-0.12499989028228339;0.50000021943406942;0.87499969881322155;0.26666630103430979
1;16;0.46205982378412991;0.19104960970419177;0;-0.19105005862412572;0.46206153314614473;0;0.5;-0.12499989028228339;0.50000021943406942;0.87499969881322155;0.26666630103430979
0;16.1;-0.4406782584508343;-0.23622433426755107;0;0.23622487454546889;-0.44067989048154671;0;0.5;-0.12499988960068422;0.50000022079730312;0.87499970549360983;0.26666631578976648
1;16.1;0.4406782584508343;0.23622433426755107;0;-0.23622487454546889;0.44067989048154671;0;0.5;-0.12499988960068422;0.50000022079730312;0.87499970549360983;0.26666631578976648
0;16.2;-0.41489355659441518;-0.27903877012181705;0;0.27903938786467558;-0.41489509957191878;0;0.5;-0.1249998889190657;0.50000022216058232;0.87499971355282848;0.26666633329066755
1;16.2;0.41489355659441518;0.27903877012181705;0;-0.27903938786467558;0.41489509957191878;0;0.5;-0.1249998889190657;0.50000022216058232;0.87499971355282848;0.26666633329066755
0;16.3;-0.3849633527467981;-0.31906512772966217;0;0.31906580743788637;-0.38496479755850671;0;0.5;-0.12499988823742912;0.5000002235239043;0.87499972291035306;0.26666635337667863
1;16.3;0.3849633527467981;0.31906512772966217;0;-0.31906580743788637;0.38496479755850671;0;0.5;-0.12499988823742912;0.5000002235239043;0.87499972291035306;0.26666635337667863
0;16.4;-0.35118670215521519;-0.35590347553289098;0;0.35590420060717248;-0.35118804252524144;0;0.5;-0.12499988755577568;0.50000022488726589;0.87499973347268707;0.26666637586163625
1;16.4;0.35118670215521519;0.35590347553289098;0;-0.35590420060717248;0.35118804252524144;0;0.5;-0.12499988755577568;0.50000022488726589;0.87499973347268707;0.26666637586163625
0;16.5;-0.31390109264081434;-0.38918573596543943;0;0.38918648924514315;-0.31390232525696976;0;0.5;-0.12499988687410709;0.50000022625066343;0.87499974513429625;0.26666640053540803
1;16.5;0.31390109264081434;0.38918573596543943;0;-0.38918648924514315;0.31390232525696976;0;0.5;-0.12499988687410709;0.50000022625066343;0.87499974513429625;0.26666640053540803
0;16.6;-0.27347907244822733;-0.41857936317623062;0;0.41858012748936502;-0.27348019698465753;0;0.5;-0.12499988619242493;0.50000022761409295;0.87499975777866299;0.26666642716599219
1;16.6;0.27347907244822733;0.41857936317623062;0;-0.41858012748936502;0.27348019698465753;0;0.5;-0.12499988619242493;0.50000022761409295;0.87499975777866299;0.26666642716599219
0;16.7;-0.23032452778257326;-0.44379066571497766;0;0.4437914244193148;-0.23032554681804496;0;0.5;-0.12499988551073105;0.50000022897755016;0.8749997712794506;0.26666645550183565
1;16.7;0.23032452778257326;0.44379066571497766;0;-0.4437914244193148;0.23032554681804496;0;0.5;-0.12499988551073105;0.50000022897755016;0.8749997712794506;0.26666645550183565
0;16.8;-0.18486864723057769;-0.46456774098204145;0;0.4645684784774004;-0.18486956606643218;0;0.5;-0.12499988482902742;0.50000023034103056;0.87499978550176558;0.26666648527434751
1;16.8;0.18486864723057769;0.46456774098204145;0;-0.4645684784774004;0.18486956606643218;0;0.5;-0.12499988482902742;0.50000023034103056;0.87499978550176558;0.26666648527434751
0;16.9;-0.13756561339091683;-0.48070299212316708;0;0.48070369431608223;-0.13756643977653546;0;0.5;-0.12499988414731601;0.50000023170452943;0.8749998003035055;0.26666651620058266
1;16.9;0.13756561339091683;0.48070299212316708;0;-0.48070369431608223;0.13756643977653546;0;0.5;-0.12499988414731601;0.50000023170452943;0.8749998003035055;0.26666651620058266
0;17;-0.088888064764296296;-0.49203520222255093;0;0.49203585692648338;-0.088888808541437783;0;0.5;-0.12499988346559897;0.50000023306804168;0.87499981553677891;0.26666654798606881
1;17;0.088888064764296296;0.49203520222255093;0;-0.49203585692648338;0.088888808541437783;0;0.5;-0.12499988346559897;0.50000023306804168;0.87499981553677891;0.26666654798606881
0;17.1;-0.039322373248923084;-0.49845114507151578;0;0.49845174232835882;-0.039323045929352388;0;0.5;-0.12499988278387852;0.50000023443156224;0.87499983104938288;0.26666658032774877
1;17.1;0.039322373248923084;0.49845114507151578;0;-0.49845174232835882;0.039323045929352388;0;0.5;-0.12499988278387852;0.50000023443156224;0.87499983104938288;0.26666658032774877
0;17.2;0.010636215570991382;-0.49988671642087446;0;0.49988724873264417;0.010635601277678531;0;0.5;-0.12499988210215678;0.50000023579508586;0.87499984668632387;0.26666661291700848
1;17.2;-0.010636215570991382;0.49988671642087446;0;-0.49988724873264417;-0.010635601277678531;0;0.5;-0.12499988210215678;0.50000023579508586;0.87499984668632387;0.26666661291700848
0;17.3;0.060488530785636235;-0.49632757441655656;0;0.49632803687972693;0.060487961475276492;0;0.5;-0.12499988142043609;0.50000023715860748;0.87499986229136622;0.26666664544276055
1;17.3;-0.060488530785636235;0.49632757441655656;0;-0.49632803687972693;-0.060487961475276492;0;0.5;-0.12499988142043609;0.50000023715860748;0.87499986229136622;0.26666664544276055
0;17.4;0.10973646372566062;-0.48780928282237118;0;0.48780967316116142;0.10973592581408774;0;0.5;-0.1249998807387185;0.50000023852212173;0.87499987770859334;0.26666667759455229
1;17.4;-0.10973646372566062;0.48780928282237118;0;-0.48780967316116142;-0.10973592581408774;0;0.5;-0.1249998807387185;0.50000023852212173;0.87499987770859334;0.26666667759455229
0;17.5;0.15788794489949287;-0.4744169556018703;0;0.47441727410077339;0.15788742512833173;0;0.5;-0.12499988005700633;0.50000023988562358;0.87499989278396536;0.26666670906566782
1;17.5;-0.15788794489949287;0.4744169556018703;0;-0.47441727410077339;-0.15788742512833173;0;0.5;-0.12499988005700633;0.50000023988562358;0.87499989278396536;0.26666670906566782
0;17.6;0.20446186057432073;-0.45628440641351731;0;0.45628465575331084;0.20446134648844572;0;0.5;-0.12499987937530159;0.50000024124910798;0.87499990736685837;0.26666673955619238
1;17.6;-0.20446186057432073;0.45628440641351731;0;-0.45628465575331084;-0.20446134648844572;0;0.5;-0.12499987937530159;0.50000024124910798;0.87499990736685837;0.26666673955619238
0;17.7;0.24899285987677541;-0.43359281151997758;0;0.43359299652522643;0.24899234025514722;0;0.5;-0.12499987869360642;0.50000024261257011;0.87499992131156918;0.26666676877600903
1;17.7;-0.24899285987677541;0.43359281151997758;0;-0.43359299652522643;-0.24899234025514722;0;0.5;-0.12499987869360642;0.50000024261257011;0.87499992131156918;0.26666676877600903
0;17.8;0.29103600438379651;-0.40656889947390823;0;0.40656902678340356;0.29103546960738907;0;0.5;-0.12499987801192273;0.50000024397600534;0.87499993447877119;0.26666679644769722
1;17.8;-0.29103600438379651;0.40656889947390823;0;-0.40656902678340356;-0.29103546960738907;0;0.5;-0.12499987801192273;0.50000024397600534;0.87499993447877119;0.26666679644769722
0;17.9;0.33017121374842257;-0.37548268567057141;0;0.3754827633451161;0.33017065609158885;0;0.5;-0.12499987733025241;0.50000024533940937;0.87499994673690634;0.26666682230930459
1;17.9;-0.33017121374842257;0.37548268567057141;0;-0.3754827633451161;-0.33017065609158885;0;0.5;-0.12499987733025241;0.50000024533940937;0.87499994673690634;0.26666682230930459
0;18;0.36600746294360786;-0.34064477440470192;0;0.34064481148903097;0.36600687677839999;0;0.5;-0.12499987664859715;0.50000024670277811;0.8749999579634996;0.26666684611696423
1;18;-0.36600746294360786;0.34064477440470192;0;-0.34064481148903097;-0.36600687677839999;0;0.5;-0.12499987664859715;0.50000024670277811;0.8749999579634996;0.26666684611696423
0;18.1;0.39818668918922401;-0.30240325538990875;0;0.30240326144723467;0.39818607109575715;0;0.5;-0.1249998759669585;0.50000024806610792;0.87499996804638253;0.26666686764733118
1;18.1;-0.39818668918922401;0.30240325538990875;0;-0.30240326144723467;-0.39818607109575715;0;0.5;-0.1249998759669585;0.50000024806610792;0.87499996804638253;0.26666686764733118
0;18.2;0.42638736952835721;-0.26114022575033236;0;0.26114021038895757;0.42638671830813912;0;0.5;-0.12499987528533784;0.50000024942939547;0.87499997688481407;0.26666688669981396
1;18.2;-0.42638736952835721;0.26114022575033236;0;-0.26114021038895757;-0.42638671830813912;0;0.5;-0.12499987528533784;0.50000024942939547;0.87499997688481407;0.26666688669981396
0;18.3;0.45032773330986092;-0.21726797223585329;0;0.21726794464746446;0.45032704990295147;0;0.5;-0.1249998746037364;0.50000025079263796;0.8749999843904869;0.26666690309857866
1;18.3;-0.45032773330986092;0.21726797223585329;0;-0.21726794464746446;-0.45032704990295147;0;0.5;-0.1249998746037364;0.50000025079263796;0.8749999843904869;0.26666690309857866
0;18.4;0.46976857748198908;-0.17122485180649477;0;0.17122482033513686;0.46976786479274452;0;0.5;-0.12499987392215518;0.50000025215583295;0.87499999048840982;0.26666691669430574
1;18.4;-0.46976857748198908;0.17122485180649477;0;-0.17122482033513686;-0.46976786479274452;0;0.5;-0.12499987392215518;0.50000025215583295;0.87499999048840982;0.26666691669430574
0;18.5;0.48451565657036771;-0.12347091174488821;0;0.12347088350423904;0.48451491921021084;0;0.5;-0.124999873240595;0.50000025351897849;0.87499999511765694;0.26666692736568195
1;18.5;-0.48451565657036771;0.12347091174488821;0;-0.12347088350423904;-0.48451491921021084;0;0.5;-0.124999873240595;0.50000025351897849;0.87499999511765694;0.26666692736568195
0;18.6;0.49442162346291835;-0.074483293057693287;0;0.074483273612177409;0.49442086742190866;0;0.5;-0.12499987255905651;0.50000025488207312;0.87499999823197638;0.26666693502061228
1;18.6;-0.49442162346291835;0.074483293057693287;0;-0.074483273612177409;-0.49442086742190866;0;0.5;-0.12499987255905651;0.50000025488207312;0.87499999823197638;0.26666693502061228
0;18.7;0.49938750161217832;-0.02475146309170569;0;0.024751456214283599;0.49938673387400306;0;0.5;-0.12499987187754003;0.50000025624511596;0.87499999980025234;0.2666669395971402
1;18.7;-0.49938750161217832;0.02475146309170569;0;-0.024751456214283599;-0.49938673387400306;0;0.5;-0.12499987187754003;0.50000025624511596;0.87499999980025234;0.2666669395971402
0;18.8;0.49936367394694214;0.025227675003566933;0;-0.025227667487310791;0.49936290206419859;0;0.5;-0.12499987119604584;0.50000025760810639;0.87499999980681608;0.26666694106406656
1;18.8;-0.49936367394694214;-0.025227675003566933;0;0.025227667487310791;-0.49936290206419859;0;0.5;-0.12499987119604584;0.50000025760810639;0.87499999980681608;0.26666694106406656
0;18.9;0.49435037861352149;0.074954747104857292;0;-0.074954725380298209;0.49434961026171992;0;0.5;-0.12499987051457386;0.50000025897104462;0.87499999825160228;0.26666693942126145
1;18.9;-0.49435037861352149;-0.074954747104857292;0;0.074954725380298209;-0.49434961026171992;0;0.5;-0.12499987051457386;0.50000025897104462;0.87499999825160228;0.26666693942126145
0;19;0.48439770659395837;0.12393289763149704;0;-0.12393286386402592;0.48439694912348635;0;0.5;-0.12499986983312376;0.50000026033393141;0.87499999515014974;0.26666693469966537
1;19;-0.48439770659395837;-0.12393289763149704;0;0.12393286386402592;-0.48439694912348635;0;0.5;-0.12499986983312376;0.50000026033393141;0.87499999515014974;0.26666693469966537
0;19.1;0.46960510122502991;0.17167275389845482;0;-0.17167271210971866;0.46960436123034532;0;0.5;-0.1249998691516951;0.50000026169676768;0.87499999053344633;0.26666692696098008
1;19.1;-0.46960510122502991;-0.17167275389845482;0;0.17167271210971866;-0.46960436123034532;0;0.5;-0.1249998691516951;0.50000026169676768;0.87499999053344633;0.26666692696098008
0;19.2;0.45012036461814403;0.21769731570669662;0;-0.21769727156357224;0.45011964754271228;0;0.5;-0.12499986847028717;0.50000026305955517;0.87499998444761911;0.26666691629705222
1;19.2;-0.45012036461814403;-0.21769731570669662;0;0.21769727156357224;-0.45011964754271228;0;0.5;-0.12499986847028717;0.50000026305955517;0.87499998444761911;0.26666691629705222
0;19.3;0.42613818090655142;0.26154672131834605;0;-0.26154668184380253;0.42613749070053591;0;0.5;-0.12499986778889906;0.50000026442229598;0.87499997695347367;0.26666690282895561
1;19.3;-0.42613818090655142;-0.26154672131834605;0;0.26154668184380253;-0.42613749070053591;0;0.5;-0.12499986778889906;0.50000026442229598;0.87499997695347367;0.26666690282895561
0;19.4;0.39789817107348929;0.30278284219896728;0;-0.30278281541720459;0.39789750991901052;0;0.5;-0.12499986710752966;0.50000026578499269;0.87499996812588653;0.26666688670578151
1;19.4;-0.39789817107348929;-0.30278284219896728;0;0.30278281541720459;-0.39789750991901052;0;0.5;-0.12499986710752966;0.50000026578499269;0.87499996812588653;0.26666688670578151
0;19.5;0.36568249879471498;0.340993660619822;0;-0.34099365515079977;0.36568186691069604;0;0.5;-0.12499986642617767;0.50000026714764833;0.87499995805305709;0.26666686810314916
1;19.5;-0.36568249879471498;-0.340993660619822;0;0.34099365515079977;-0.36568186691069604;0;0.5;-0.12499986642617767;0.50000026714764833;0.87499995805305709;0.26666686810314916
0;19.6;0.32981305121464044;0.3757973863820866;0;-0.37579741100267061;0.32981244674997301;0;0.5;-0.1249998657448417;0.50000026851026626;0.8749999468356265;0.26666684722145099
1;19.6;-0.32981305121464044;-0.3757973863820866;0;0.37579741100267061;-0.32981244674997301;0;0.5;-0.1249998657448417;0.50000026851026626;0.8749999468356265;0.26666684722145099
0;19.7;0.29064822282213948;0.40684627153110425;0;-0.4068463347214713;0.29064764184226138;0;0.5;-0.12499986506352002;0.50000026987285044;0.87499993458567195;0.26666682428385063
1;19.7;-0.29064822282213948;-0.40684627153110425;0;0.4068463347214713;-0.29064764184226138;0;0.5;-0.12499986506352002;0.50000026987285044;0.87499993458567195;0.26666682428385063
0;19.8;0.24857933455764086;0.43383008494576825;0;-0.43383019444036652;0.24857877112576635;0;0.5;-0.1249998643822109;0.50000027123540495;0.87499992142558714;0.26666679953405298
1;19.8;-0.24857933455764086;-0.43383008494576825;0;0.43383019444036652;-0.24857877112576635;0;0.5;-0.1249998643822109;0.50000027123540495;0.87499992142558714;0.26666679953405298
0;19.9;0.20402672392773188;0.45647921208596753;0;-0.45647937444820347;0.20402617027806821;0;0.5;-0.1249998637009125;0.5000002725979342;0.87499990748685932;0.26666677323386953
1;19.9;-0.20402672392773188;-0.45647921208596753;0;0.45647937444820347;-0.20402617027806821;0;0.5;-0.1249998637009125;0.5000002725979342;0.87499990748685932;0.26666677323386953
0;20;0.15743554519075831;0.47456734892574359;0;-0.4745675691646612;0.1574349919872397;0;0.5;-0.1249998630196227;0.50000027396044295;0.87499989290875559;0.26666674566060245
1;20;-0.15743554519075831;-0.47456734892574359;0;0.4745675691646612;-0.1574349919872397;0;0.5;-0.1249998630196227;0.50000027396044295;0.87499989290875559;0.26666674566060245
