# column style format: id;time;x;y;z;vx;vy;vz;mass;totalEnergy;totalSpecificAngularMomentum;rungeLenzVector;semiMajorAxis
# this file will be overwritten without any precaution
# used integrator was euler
0;0;0.5;0.0050000000000000001;0;-0.0050000000000000001;0.5;0;0.5;-0.12497500093742191;0.50005;0.87498124953125781;0.26668266656001849
1;0;-0.5;-0.0050000000000000001;0;0.0050000000000000001;-0.5;0;0.5;-0.12497500093742191;0.50005;0.87498124953125781;0.26668266656001849
0;0.01;0.49995000000000001;0.01;0;-0.0099992500937390663;0.4999500074990626;0;0.5;-0.12495000499937506;0.50009999750018748;0.87496250000017632;0.26669866730669725
1;0.01;-0.49995000000000001;-0.01;0;0.0099992500937390663;-0.4999500074990626;0;0.5;-0.12495000499937506;0.50009999750018748;0.87496250000017632;0.26669866730669725
0;0.02;0.49985000749906261;0.014999500074990626;0;-0.01499725054365908;0.49985003749306361;0;0.5;-0.12492501218626559;0.50014999249993768;0.87494375328262563;0.26671467263916864
1;0.02;-0.49985000749906261;-0.014999500074990626;0;0.01499725054365908;-0.49985003749306361;0;0.5;-0.12492501218626559;0.50014999249993768;0.87494375328262563;0.26671467263916864
0;0.03;0.49970003499362603;0.019998000449921262;0;-0.019993501687310573;0.49970010997825004;0;0.5;-0.12490002250018551;0.50019998499637732;0.87492501125543848;0.26673068628790402
1;0.03;-0.49970003499362603;-0.019998000449921262;0;0.019993501687310573;-0.49970010997825004;0;0.5;-0.12490002250018551;0.50019998499637732;0.87492501125543848;0.26673068628790402
0;0.04;0.49950009997675293;0.024995001549703761;0;-0.024987503987757127;0.49950024995572168;0;0.5;-0.12487503594491119;0.50024997498438655;0.87490627579622009;0.26674671198100701
1;0.04;-0.49950009997675293;-0.024995001549703761;0;0.024987503987757127;-0.49950024995572168;0;0.5;-0.12487503594491119;0.50024997498438655;0.87490627579622009;0.26674671198100701
0;0.05;0.49925022493687538;0.029990004049260978;0;-0.029978758084181292;0.49925048743539208;0;0.5;-0.12485005252590145;0.50029996245660116;0.87488754878315727;0.26676275344383972
1;0.05;-0.49925022493687538;-0.029990004049260978;0;0.029978758084181292;-0.49925048743539208;0;0.5;-0.12485005252590145;0.50029996245660116;0.87488754878315727;0.26676275344383972
0;0.06;0.49895043735603356;0.034982508923614895;0;-0.03496676484268646;0.49895085743942319;0;0.5;-0.12482507225029571;0.50034994740341475;0.8748688320948264;0.26677881439864852
1;0.06;-0.49895043735603356;-0.034982508923614895;0;0.03496676484268646;-0.49895085743942319;0;0.5;-0.12482507225029571;0.50034994740341475;0.8748688320948264;0.26677881439864852
0;0.07;0.49860076970760669;0.039972017498009126;0;-0.03995102540728887;0.49860140000512815;0;0.5;-0.12480009512691165;0.50039992981298149;0.87485012761000042;0.26679489856418948
1;0.07;-0.49860076970760669;-0.039972017498009126;0;0.03995102540728887;-0.49860140000512815;0;0.5;-0.12480009512691165;0.50039992981298149;0.87485012761000042;0.26679489856418948
0;0.08;0.49820125945353383;0.044958031498060408;0;-0.044931041251093928;0.49820216018733632;0;0.5;-0.124775121166243;0.50044990967121899;0.87483143720745481;0.26681100965535348
1;0.08;-0.49820125945353383;-0.044958031498060408;0;0.044931041251093928;-0.49820216018733632;0;0.5;-0.124775121166243;0.50044990967121899;0.87483143720745481;0.26681100965535348
0;0.09;0.49775194904102288;0.049940053099933768;0;-0.049906314227650725;0.49775318806021479;0;0.5;-0.12475015038045676;0.50049988696181113;0.87481276276577278;0.26682715138279096
1;0.09;-0.49775194904102288;-0.049940053099933768;0;0.049906314227650725;-0.49775318806021479;0;0.5;-0.12475015038045676;0.50049988696181113;0.87481276276577278;0.26682715138279096
0;0.1;0.49725288589874639;0.054917584980535915;0;-0.054876346622478644;0.49725453871854108;0;0.5;-0.12472518278339087;0.50054986166621159;0.87479410616314942;0.26684332745253658
1;0.1;-0.49725288589874639;-0.054917584980535915;0;0.054876346622478644;-0.49725453871854108;0;0.5;-0.12472518278339087;0.50054986166621159;0.87479410616314942;0.26684332745253658
0;0.11;0.4967041224325216;0.059890130367721325;0;-0.059840641204759709;0.49670627227842162;0;0.5;-0.12470021839055098;0.50059983376364728;0.87477546927719493;0.26685954156563353
1;0.11;-0.4967041224325216;-0.059890130367721325;0;0.059840641204759709;-0.49670627227842162;0;0.5;-0.12470021839055098;0.50059983376364728;0.87477546927719493;0.26685954156563353
0;0.12;0.49610571602047399;0.064857193090505541;0;-0.064798701279190171;0.49610845387744995;0;0.5;-0.12467525721910757;0.50064980323112205;0.87475685398473712;0.26687579741775775
1;0.12;-0.49610571602047399;-0.064857193090505541;0;0.064798701279190171;-0.49610845387744995;0;0.5;-0.12467525721910757;0.50064980323112205;0.87475685398473712;0.26687579741775775
0;0.13;0.49545772900768209;0.069818277629280043;0;-0.069750030737984831;0.49546115367430033;0;0.5;-0.12465029928789245;0.50069977004342093;0.87473826216162285;0.26689209869884212
1;0.13;-0.49545772900768209;-0.069818277629280043;0;0.069750030737984831;-0.49546115367430033;0;0.5;-0.12465029928789245;0.50069977004342093;0.87473826216162285;0.26689209869884212
0;0.14;0.49476022870030223;0.074772889166023052;0;-0.074694134113027263;0.49476444684775039;0;0.5;-0.12462534461739579;0.50074973417311392;0.87471969568251894;0.26690844909270033
1;0.14;-0.49476022870030223;-0.074772889166023052;0;0.074694134113027263;-0.49476444684775039;0;0.5;-0.12462534461739579;0.50074973417311392;0.87471969568251894;0.26690844909270033
0;0.15;0.49401328735917194;0.079720533634500559;0;-0.079630516628159093;0.49401841359512888;0;0.5;-0.12460039322976193;0.50079969559056094;0.87470115642071197;0.26692485227665104
1;0.15;-0.49401328735917194;-0.079720533634500559;0;0.079630516628159093;-0.49401841359512888;0;0.5;-0.12460039322976193;0.50079969559056094;0.87470115642071197;0.26692485227665104
0;0.16;0.49321698219289034;0.084660717770451852;0;-0.084558684251601374;0.49322313913018223;0;0.5;-0.12457544514878609;0.50084965426391628;0.87468264624790748;0.26694131192114185
1;0.16;-0.49321698219289034;-0.084660717770451852;0;0.084558684251601374;-0.49322313913018223;0;0.5;-0.12457544514878609;0.50084965426391628;0.87468264624790748;0.26694131192114185
0;0.17;0.49237139535037433;0.089592949161753671;0;-0.089478143748500827;0.49237871368035596;0;0.5;-0.12455050039990994;0.50089961015913367;0.87466416703402843;0.26695783168937338
1;0.17;-0.49237139535037433;-0.089592949161753671;0;0.089478143748500827;-0.49237871368035596;0;0.5;-0.12455050039990994;0.50089961015913367;0.87466416703402843;0.26695783168937338
0;0.18;0.49147661391288933;0.094516736298557225;0;-0.094388402733593696;0.49148523248348541;0;0.5;-0.12452555901021769;0.50094956323997141;0.87464572064701285;0.26697441523692347
1;0.18;-0.49147661391288933;-0.094516736298557225;0;0.094388402733593696;-0.49148523248348541;0;0.5;-0.12452555901021769;0.50094956323997141;0.87464572064701285;0.26697441523692347
0;0.19;0.49053272988555341;0.099431588623392075;0;-0.099288969723979881;0.49054279578389132;0;0.5;-0.12450062100843154;0.50099951346799789;0.8746273089526109;0.26699106621137157
1;0.19;-0.49053272988555341;-0.099431588623392075;0;0.099288969723979881;-0.49054279578389132;0;0.5;-0.12450062100843154;0.50099951346799789;0.8746273089526109;0.26699106621137157
0;0.2;0.48953984018831359;0.10433701658123098;0;-0.10417935419199965;0.48955150882787551;0;0.5;-0.12447568642490733;0.50104946080259715;0.87460893381418124;0.26700778825192327
1;0.2;-0.48953984018831359;-0.10433701658123098;0;0.10417935419199965;-0.48955150882787551;0;0.5;-0.12447568642490733;0.50104946080259715;0.87460893381418124;0.26700778825192327
0;0.21;0.48849804664639357;0.10923253166950973;0;-0.10905906661820539;0.48851148185861226;0;0.5;-0.12445075529162947;0.50109940520097502;0.87459059709248665;0.26702458498903512
1;0.21;-0.48849804664639357;-0.10923253166950973;0;0.10905906661820539;-0.48851148185861226;0;0.5;-0.12445075529162947;0.50109940520097502;0.87459059709248665;0.26702458498903512
0;0.22;0.48740745598021151;0.11411764648809586;0;-0.11392761854442052;0.48742283011043053;0;0.5;-0.12442582764220621;0.50114934661816519;0.8745723006454892;0.26704146004403979
1;0.22;-0.48740745598021151;-0.11411764648809586;0;0.11392761854442052;-0.48742283011043053;0;0.5;-0.12442582764220621;0.50114934661816519;0.8745723006454892;0.26704146004403979
0;0.23;0.48626817979476733;0.11899187478920016;0;-0.11878452262687768;0.48628567380248322;0;0.5;-0.1244009035118645;0.50119928500703566;0.87455404632814479;0.26705841702877141
1;0.23;-0.48626817979476733;-0.11899187478920016;0;0.11878452262687768;-0.48628567380248322;0;0.5;-0.1244009035118645;0.50119928500703566;0.87455404632814479;0.26705841702877141
0;0.24;0.48508033456849853;0.123854731527225;0;-0.12362929268942813;0.48510013813179881;0;0.5;-0.12437598293744444;0.50124922031829531;0.87453583599219715;0.26707545954519144
1;0.24;-0.48508033456849853;-0.123854731527225;0;0.12362929268942813;-0.48510013813179881;0;0.5;-0.12437598293744444;0.50124922031829531;0.87453583599219715;0.26707545954519144
0;0.25;0.48384404164160427;0.12870573290854298;0;-0.12846144377681415;0.48386635326571148;0;0.5;-0.12435106595739388;0.50129915250050112;0.87451767148597124;0.26709259118501509
1;0.25;-0.48384404164160427;-0.12870573290854298;0;0.12846144377681415;-0.48386635326571148;0;0.5;-0.12435106595739388;0.50129915250050112;0.87451767148597124;0.26709259118501509
0;0.26;0.48255942720383616;0.13354439644120009;0;-0.13328049220799615;0.48258445433366581;0;0.5;-0.1243261526117628;0.50134908150006504;0.87449955465416634;0.26710981552933787
1;0.26;-0.48255942720383616;-0.13354439644120009;0;0.13328049220799615;-0.48258445433366581;0;0.5;-0.1243261526117628;0.50134908150006504;0.87449955465416634;0.26710981552933787
0;0.27;0.48122662228175617;0.13837024098453674;0;-0.13808595562952616;0.48125458141839189;0;0.5;-0.12430124294219701;0.50139900726126145;0.87448148733764858;0.267127136148263
1;0.27;-0.48122662228175617;-0.13837024098453674;0;0.13808595562952616;-0.48125458141839189;0;0.5;-0.12430124294219701;0.50139900726126145;0.87448148733764858;0.267127136148263
0;0.28;0.47984576272546092;0.14318278679872065;0;-0.14287735306895905;0.47987687954644759;0;0.5;-0.12427633699193243;0.50144892972623516;0.87446347137324297;0.26714455660052941
1;0.28;-0.47984576272546092;-0.14318278679872065;0;0.14287735306895905;-0.47987687954644759;0;0.5;-0.12427633699193243;0.50144892972623516;0.87446347137324297;0.26714455660052941
0;0.29;0.47841698919477132;0.14798155559418513;0;-0.14765420498829285;0.47845149867812398;0;0.5;-0.12425143480578848;0.5014988488350089;0.87444550859352528;0.26716208043314004
1;0.29;-0.47841698919477132;-0.14798155559418513;0;0.14765420498829285;-0.47845149867812398;0;0.5;-0.12425143480578848;0.5014988488350089;0.87444550859352528;0.26716208043314004
0;0.3;0.47694044714488837;0.15276607058096636;0;-0.15241603333742948;0.4769785936967107;0;0.5;-0.12422653643016155;0.50154876452549181;0.87442760082661332;0.26717971118099125
1;0.3;-0.47694044714488837;-0.15276607058096636;0;0.15241603333742948;-0.4769785936967107;0;0.5;-0.12422653643016155;0.50154876452549181;0.87442760082661332;0.26717971118099125
0;0.31;0.4754162868115141;0.15753585651793348;0;-0.15716236160764702;0.47545832439711777;0;0.5;-0.12420164191301842;0.50159867673348782;0.87440974989595807;0.2671974523665027
1;0.31;-0.4754162868115141;-0.15753585651793348;0;0.15716236160764702;-0.47545832439711777;0;0.5;-0.12420164191301842;0.50159867673348782;0.87440974989595807;0.2671974523665027
0;0.32;0.47384466319543761;0.16229043976190466;0;-0.16189271488507428;0.47389085547385101;0;0.5;-0.12417675130388912;0.50164858539270418;0.87439195762013445;0.26721530749924803
1;0.32;-0.47384466319543761;-0.16229043976190466;0;0.16189271488507428;-0.47389085547385101;0;0.5;-0.12417675130388912;0.50164858539270418;0.87439195762013445;0.26721530749924803
0;0.33;0.47222573604658685;0.16702934831664318;0;-0.16660661990415915;0.47227635650833749;0;0.5;-0.12415186465385999;0.50169849043476061;0.87437422581263186;0.26723328007558653
1;0.33;-0.47222573604658685;-0.16702934831664318;0;0.16660661990415915;-0.47227635650833749;0;0.5;-0.12415186465385999;0.50169849043476061;0.87437422581263186;0.26723328007558653
0;0.34;0.47055966984754527;0.17175211188172657;0;-0.1713036051011208;0.47061500195559869;0;0.5;-0.12412698201556609;0.50174839178919839;0.87435655628164454;0.26725137357829559
1;0.34;-0.47055966984754527;-0.17175211188172657;0;0.1713036051011208;-0.47061500195559869;0;0.5;-0.12412698201556609;0.50174839178919839;0.87435655628164454;0.26725137357829559
0;0.35;0.46884663379653407;0.17645826190128255;0;-0.17598320066737716;0.4689069711302683;0;0.5;-0.12410210344318392;0.50179828938348976;0.87433895082986172;0.267269591476204
1;0.35;-0.46884663379653407;-0.17645826190128255;0;0.17598320066737716;-0.4689069711302683;0;0.5;-0.12410210344318392;0.50179828938348976;0.87433895082986172;0.267269591476204
0;0.36;0.46708680178986028;0.18114733161258523;0;-0.18064493860293765;0.46715244819195229;0;0.5;-0.12407722899242348;0.50184818314304767;0.8743214112542576;0.26728793722382646
1;0.36;-0.46708680178986028;-0.18114733161258523;0;0.18064493860293765;-0.46715244819195229;0;0.5;-0.12407722899242348;0.50184818314304767;0.8743214112542576;0.26728793722382646
0;0.37;0.46528035240383092;0.18581885609450474;0;-0.18528835276975231;0.46535162212992842;0;0.5;-0.12405235872052026;0.50189807299123579;0.87430393934588134;0.26730641426099901
1;0.37;-0.46528035240383092;-0.18581885609450474;0;0.18528835276975231;-0.46535162212992842;0;0.5;-0.12405235872052026;0.50189807299123579;0.87430393934588134;0.26730641426099901
0;0.38;0.4634274688761334;0.19047237231580402;0;-0.18991297894500711;0.46350468674718376;0;0.5;-0.12402749268622735;0.50194795884937861;0.87428653688964679;0.26732502601251548
1;0.38;-0.4634274688761334;-0.19047237231580402;0;0.18991297894500711;-0.46350468674718376;0;0.5;-0.12402749268622735;0.50194795884937861;0.87428653688964679;0.26732502601251548
0;0.39;0.46152833908668334;0.19510741918327587;0;-0.1945183548743564;0.46161184064378691;0;0.5;-0.1240026309498068;0.50199784063677197;0.87426920566412248;0.26734377588776524
1;0.39;-0.46152833908668334;-0.19510741918327587;0;0.1945183548743564;-0.46161184064378691;0;0.5;-0.1240026309498068;0.50199784063677197;0.87426920566412248;0.26734377588776524
0;0.4;0.45958315553793977;0.19972353758971373;0;-0.19910402032508215;0.45967328719959422;0;0.5;-0.12397777357302117;0.50204771827069367;0.87425194744132131;0.26736266728037203
1;0.4;-0.45958315553793977;-0.19972353758971373;0;0.19910402032508215;-0.45967328719959422;0;0.5;-0.12397777357302117;0.50204771827069367;0.87425194744132131;0.26736266728037203
0;0.41;0.45759211533468896;0.20432027046170967;0;-0.20366951713917067;0.45768923455628741;0;0.5;-0.12395292061912467;0.50209759166641468;0.87423476398649047;0.26738170356783419
1;0.41;-0.45759211533468896;-0.20432027046170967;0;0.20366951713917067;-0.45768923455628741;0;0.5;-0.12395292061912467;0.50209759166641468;0.87423476398649047;0.26738170356783419
0;0.42;0.45555542016329725;0.20889716280727255;0;-0.20821438928629654;0.4556598955987412;0;0.5;-0.1239280721528543;0.50214746073721005;0.87421765705790147;0.26740088811116595
1;0.42;-0.45555542016329725;-0.20889716280727255;0;0.20821438928629654;-0.4556598955987412;0;0.5;-0.1239280721528543;0.50214746073721005;0.87421765705790147;0.26740088811116595
0;0.43;0.45347327627043427;0.21345376176325997;0;-0.21273818291670396;0.45358548793571973;0;0.5;-0.12390322824042058;0.50219732539437063;0.87420062840664016;0.26742022425454033
1;0.43;-0.45347327627043427;-0.21345376176325997;0;0.21273818291670396;-0.45358548793571973;0;0.5;-0.12390322824042058;0.50219732539437063;0.87420062840664016;0.26742022425454033
0;0.44;0.45134589444126721;0.21798961664261718;0;-0.21724044641397522;0.45146623387990004;0;0.5;-0.12387838894949816;0.50224718554721459;0.87418367977639706;0.26743971532493334
1;0.44;-0.45134589444126721;-0.21798961664261718;0;0.21724044641397522;-0.45146623387990004;0;0.5;-0.12387838894949816;0.50224718554721459;0.87418367977639706;0.26743971532493334
0;0.45;0.44917348997712747;0.22250427898141617;0;-0.22172073044767648;0.44930236042722221;0;0.5;-0.12385355434921622;0.50229704110309959;0.87416681290325782;0.2674593646317696
1;0.45;-0.44917348997712747;-0.22250427898141617;0;0.22172073044767648;-0.44930236042722221;0;0.5;-0.12385355434921622;0.50229704110309959;0.87416681290325782;0.2674593646317696
0;0.46;0.4469562826726507;0.2269973025856884;0;-0.22617858802587046;0.44709409923556465;0;0.5;-0.12382872451014876;0.5023468919674349;0.87415002951549389;0.26747917546656953
1;0.46;-0.4469562826726507;-0.2269973025856884;0;0.22617858802587046;-0.44709409923556465;0;0.5;-0.12382872451014876;0.5023468919674349;0.87415002951549389;0.26747917546656953
0;0.47;0.44469449679239198;0.23146824357804405;0;-0.2306135745474856;0.44484168660274381;0;0.5;-0.12380389950430439;0.50239673804369383;0.87413333133335364;0.26749915110259817
1;0.47;-0.44469449679239198;-0.23146824357804405;0;0.2306135745474856;-0.44484168660274381;0;0.5;-0.12380389950430439;0.50239673804369383;0.87413333133335364;0.26749915110259817
0;0.48;0.44238836104691714;0.23591666044407147;0;-0.23502524785453183;0.44254536344383844;0;0.5;-0.12377907940511631;0.50244657923342658;0.87411672006885362;0.26751929479451549
1;0.48;-0.44238836104691714;-0.23591666044407147;0;0.23502524785453183;-0.44254536344383844;0;0.5;-0.12377907940511631;0.50244657923342658;0.87411672006885362;0.26751929479451549
0;0.49;0.44003810856837183;0.24034211407850986;0;-0.23941316828415204;0.44020537526783726;0;0.5;-0.12375426428743197;0.50249641543627318;0.87410019742557026;0.26753960977802847
1;0.49;-0.44003810856837183;-0.24034211407850986;0;0.23941316828415204;-0.44020537526783726;0;0.5;-0.12375426428743197;0.50249641543627318;0.87410019742557026;0.26753960977802847
0;0.5;0.43764397688553031;0.24474416783118824;0;-0.24377689872049924;0.43782197215361024;0;0.5;-0.12372945422750196;0.50254624654997667;0.87408376509843207;0.26756009926954491
1;0.5;-0.43764397688553031;-0.24474416783118824;0;0.24377689872049924;-0.43782197215361024;0;0.5;-0.12372945422750196;0.50254624654997667;0.87408376509843207;0.26756009926954491
0;0.51;0.43520620789832531;0.24912238755272434;0;-0.24811600464642861;0.43539540872520338;0;0.5;-0.12370464930296999;0.50259607247039665;0.87406742477351218;0.26758076646582896
1;0.51;-0.43520620789832531;-0.24912238755272434;0;0.24811600464642861;-0.43539540872520338;0;0.5;-0.12370464930296999;0.50259607247039665;0.87406742477351218;0.26758076646582896
0;0.52;0.43272504785186106;0.2534763416399764;0;-0.25243005419499404;0.43292594412645746;0;0.5;-0.12367984959286099;0.50264589309152299;0.87405117812782139;0.26760161454365861
1;0.52;-0.43272504785186106;-0.2534763416399764;0;0.25243005419499404;-0.43292594412645746;0;0.5;-0.12367984959286099;0.50264589309152299;0.87405117812782139;0.26760161454365861
0;0.53;0.43020074730991109;0.25780560108124095;0;-0.25671861820073871;0.43041384199495064;0;0.5;-0.12365505517757058;0.50269570830548961;0.87403502682910191;0.26762264665948484
1;0.53;-0.43020074730991109;-0.25780560108124095;0;0.25671861820073871;-0.43041384199495064;0;0.5;-0.12365505517757058;0.50269570830548961;0.87403502682910191;0.26762264665948484
0;0.54;0.42763356112790368;0.26210973950119049;0;-0.26098127025076878;0.42785937043526612;0;0.5;-0.12363026613885332;0.50274551800258912;0.87401897253562138;0.26764386594909307
1;0.54;-0.42763356112790368;-0.26210973950119049;0;0.26098127025076878;-0.42785937043526612;0;0.5;-0.12363026613885332;0.50274551800258912;0.87401897253562138;0.26764386594909307
0;0.55;0.42502374842539598;0.26638833320554317;0;-0.26521758673559981;0.42526280199158512;0;0.5;-0.12360548255981107;0.50279532207128693;0.87400301689596782;0.26766527552726625
1;0.55;-0.42502374842539598;-0.26638833320554317;0;0.26521758673559981;-0.42526280199158512;0;0.5;-0.12360548255981107;0.50279532207128693;0.87400301689596782;0.26766527552726625
0;0.56;0.42237157255803998;0.270640961225459;0;-0.26942714689976505;0.42262441361960629;0;0.5;-0.12358070452488129;0.50284512039823599;0.87398716154884513;0.26768687848745021
1;0.56;-0.42237157255803998;-0.270640961225459;0;0.26942714689976505;-0.42262441361960629;0;0.5;-0.12358070452488129;0.50284512039823599;0.87398716154884513;0.26768687848745021
0;0.57;0.41967730108904233;0.27486720536165504;0;-0.2736095328921751;0.41994448665779305;0;0.5;-0.12355593211982494;0.50289491286829187;0.87397140812286924;0.26770867790142108
1;0.57;-0.41967730108904233;-0.27486720536165504;0;0.2736095328921751;-0.41994448665779305;0;0.5;-0.12355593211982494;0.50289491286829187;0.87397140812286924;0.26770867790142108
0;0.58;0.41694120576012056;0.27906665022823296;0;-0.27776432981621818;0.41722330679794972;0;0.5;-0.12353116543171427;0.50294469936452792;0.87395575823636511;0.26773067681895482
1;0.58;-0.41694120576012056;-0.27906665022823296;0;0.27776432981621818;-0.41722330679794972;0;0.5;-0.12353116543171427;0.50294469936452792;0.87395575823636511;0.26773067681895482
0;0.59;0.4141635624619584;0.28323888329621244;0;-0.28189112577958969;0.41446116405512839;0;0.5;-0.12350640454892035;0.50299447976825061;0.87394021349716448;0.26775287826749906
1;0.59;-0.4141635624619584;-0.28323888329621244;0;0.28189112577958969;-0.41446116405512839;0;0.5;-0.12350640454892035;0.50299447976825061;0.87394021349716448;0.26775287826749906
0;0.6;0.41134465120416253;0.28738349493676374;0;-0.28598951194384142;0.41165835273686829;0;0.5;-0.12348164956110063;0.50304425395901535;0.87392477550240443;0.26777528525184704
1;0.6;-0.41134465120416253;-0.28738349493676374;0;0.28598951194384142;-0.41165835273686829;0;0.5;-0.12348164956110063;0.50304425395901535;0.87392477550240443;0.26777528525184704
0;0.61;0.40848475608472412;0.29150007846413239;0;-0.29005908257363855;0.4088151714117691;0;0.5;-0.12345690055918587;0.50309402181464215;0.873909445838327;0.26779790075381402
1;0.61;-0.40848475608472412;-0.29150007846413239;0;0.29005908257363855;-0.4088151714117691;0;0.5;-0.12345690055918587;0.50309402181464215;0.873909445838327;0.26779790075381402
0;0.62;0.40558416525898772;0.29558823017825009;0;-0.29409943508571429;0.40593192287740137;0;0.5;-0.12343215763536739;0.5031437832112321;0.87389422608007944;0.26782072773191604
1;0.62;-0.40558416525898772;-0.29558823017825009;0;0.29409943508571429;-0.40593192287740137;0;0.5;-0.12343215763536739;0.5031437832112321;0.87389422608007944;0.26782072773191604
0;0.63;0.40264317090813057;0.29964754940702409;0;-0.29811017009751106;0.40300891412755552;0;0.5;-0.12340742088308359;0.50319353802318351;0.87387911779151573;0.26784376912105106
1;0.63;-0.40264317090813057;-0.29964754940702409;0;0.29811017009751106;-0.40300891412755552;0;0.5;-0.12340742088308359;0.50319353802318351;0.87387911779151573;0.26784376912105106
0;0.64;0.39966206920715547;0.30367763854829966;0;-0.30209089147549789;0.40004645631883223;0;0.5;-0.1233826903970068;0.50324328612320858;0.87386412252499893;0.26786702783218258
1;0.64;-0.39966206920715547;-0.30367763854829966;0;0.30209089147549789;-0.40004645631883223;0;0.5;-0.1233826903970068;0.50324328612320858;0.87386412252499893;0.26786702783218258
0;0.65;0.39664116029240049;0.30767810311148797;0;-0.30604120638315246;0.39704486473657757;0;0.5;-0.12335796627302974;0.50329302738235018;0.87384924182120472;0.26789050675202574
1;0.65;-0.39664116029240049;-0.30767810311148797;0;0.30604120638315246;-0.39704486473657757;0;0.5;-0.12335796627302974;0.50329302738235018;0.87384924182120472;0.26789050675202574
0;0.66;0.39358074822856898;0.31164855175885375;0;-0.30996072532859797;0.39400445876016504;0;0.5;-0.12333324860825144;0.50334276166999905;0.87383447720892594;0.26791420874273622
1;0.66;-0.39358074822856898;-0.31164855175885375;0;0.30996072532859797;-0.39400445876016504;0;0.5;-0.12333324860825144;0.50334276166999905;0.87383447720892594;0.26791420874273622
0;0.67;0.39048114097528297;0.31558859634645542;0;-0.31384906221188352;0.39092556182762828;0;0.5;-0.12330853750096363;0.503392488853911;0.87381983020487831;0.26793813664160141
1;0.67;-0.39048114097528297;-0.31558859634645542;0;0.31384906221188352;-0.39092556182762828;0;0.5;-0.12330853750096363;0.503392488853911;0.87381983020487831;0.26793813664160141
0;0.68;0.38734265035316412;0.31949785196473168;0;-0.31770583437189703;0.38780850139964768;0;0.5;-0.12328383305063641;0.50344220880022442;0.87380530231350743;0.26796229326073465
1;0.68;-0.38734265035316412;-0.31949785196473168;0;0.31770583437189703;-0.38780850139964768;0;0.5;-0.12328383305063641;0.50344220880022442;0.87380530231350743;0.26796229326073465
0;0.69;0.38416559200944517;0.32337593697872818;0;-0.32153066263290109;0.38465360892289463;0;0.5;-0.1232591353579039;0.5034919213734783;0.87379089502679679;0.26798668138677197
1;0.69;-0.38416559200944517;-0.32337593697872818;0;0.32153066263290109;-0.38465360892289463;0;0.5;-0.1232591353579039;0.5034919213734783;0.87379089502679679;0.26798668138677197
0;0.7;0.38095028538311615;0.32722247306795715;0;-0.32532317135067956;0.38146121979273678;0;0.5;-0.12323444452454997;0.50354162643662965;0.8737766098240775;0.26801130378057157
1;0.7;-0.38095028538311615;-0.32722247306795715;0;0.32532317135067956;-0.38146121979273678;0;0.5;-0.12323444452454997;0.50354162643662965;0.8737766098240775;0.26801130378057157
0;0.71;0.37769705366960937;0.33103708526588455;0;-0.32908298845828565;0.37823167331530921;0;0.5;-0.12320976065349324;0.50359132385107222;0.87376244817183881;0.26803616317691642
1;0.71;-0.37769705366960937;-0.33103708526588455;0;0.32908298845828565;-0.37823167331530921;0;0.5;-0.12320976065349324;0.50359132385107222;0.87376244817183881;0.26803616317691642
0;0.72;0.37440622378502653;0.33481940199903765;0;-0.3328097455113801;0.37496531266895466;0;0.5;-0.12318508384877253;0.50364101347665454;0.87374841152354045;0.2680612622842194
1;0.72;-0.37440622378502653;-0.33481940199903765;0;0.3328097455113801;-0.37496531266895466;0;0.5;-0.12318508384877253;0.50364101347665454;0.87374841152354045;0.2680612622842194
0;0.73;0.37107812632991272;0.33856905512572721;0;-0.33650307773314908;0.37166248486503844;0;0.5;-0.12316041421553149;0.50369069517169886;0.87373450131942606;0.26808660378423168
1;0.73;-0.37107812632991272;-0.33856905512572721;0;0.33650307773314908;-0.37166248486503844;0;0.5;-0.12316041421553149;0.50369069517169886;0.87373450131942606;0.26808660378423168
0;0.74;0.36771309555258125;0.34228567997437759;0;-0.34016262405879133;0.36832354070814149;0;0.5;-0.12313575186000377;0.50374036879301969;0.87372071898633834;0.26811219033175389
1;0.74;-0.36771309555258125;-0.34228567997437759;0;0.34016262405879133;-0.36832354070814149;0;0.5;-0.12313575186000377;0.50374036879301969;0.87372071898633834;0.26811219033175389
0;0.75;0.36431146931199332;0.34596891538145902;0;-0.34378802717956414;0.36494883475563755;0;0.5;-0.12311109688949724;0.50379003419594306;0.87370706593753551;0.26813802455435042
1;0.75;-0.36431146931199332;-0.34596891538145902;0;0.34378802717956414;-0.36494883475563755;0;0.5;-0.12311109688949724;0.50379003419594306;0.87370706593753551;0.26813802455435042
0;0.76;0.36087358904019767;0.34961840372901537;0;-0.34737893358637773;0.36153872527665842;0;0.5;-0.12308644941237871;0.50383969123432557;0.87369354357250947;0.26816410905206677
1;0.76;-0.36087358904019767;-0.34961840372901537;0;0.34737893358637773;-0.36153872527665842;0;0.5;-0.12308644941237871;0.50383969123432557;0.87369354357250947;0.26816410905206677
0;0.77;0.35739979970433389;0.35323379098178198;0;-0.35093499361292757;0.35809357421045385;0;0.5;-0.12306180953805816;0.50388933976057416;0.87368015327680538;0.2681904463971501
1;0.77;-0.35739979970433389;-0.35323379098178198;0;0.35093499361292757;-0.35809357421045385;0;0.5;-0.12306180953805816;0.50388933976057416;0.87368015327680538;0.2681904463971501
0;0.78;0.35389044976820461;0.35681472672388653;0;-0.35445586147835451;0.35461374712415006;0;0.5;-0.12303717737697283;0.50393897962566536;0.87366689642184309;0.26821703913377282
1;0.78;-0.35389044976820461;-0.35681472672388653;0;0.35445586147835451;-0.35461374712415006;0;0.5;-0.12303717737697283;0.50393897962566536;0.87366689642184309;0.26821703913377282
0;0.79;0.35034589115342107;0.36036086419512803;0;-0.35794119532942248;0.35109961316991395;0;0.5;-0.12301255304057096;0.50398861067916545;0.87365377436474005;0.26824388977775962
1;0.79;-0.35034589115342107;-0.36036086419512803;0;0.35794119532942248;-0.35109961316991395;0;0.5;-0.12301255304057096;0.50398861067916545;0.87365377436474005;0.26824388977775962
0;0.8;0.34676647920012688;0.36387186032682717;0;-0.36139065728220365;0.34755154504152797;0;0.5;-0.12298793664129605;0.50403823276925048;0.87364078844813601;0.26827100081631759
1;0.8;-0.34676647920012688;-0.36387186032682717;0;0.36139065728220365;-0.34755154504152797;0;0.5;-0.12298793664129605;0.50403823276925048;0.87364078844813601;0.26827100081631759
0;0.81;0.34315257262730486;0.36734737577724247;0;-0.3648039134632608;0.34396991893038209;0;0.5;-0.12296332829257003;0.50408784574272643;0.87362794000001956;0.26829837470776979
1;0.81;-0.34315257262730486;-0.36734737577724247;0;0.3648039134632608;-0.34396991893038209;0;0.5;-0.12296332829257003;0.50408784574272643;0.87362794000001956;0.26829837470776979
0;0.82;0.33950453349267223;0.37078707496654628;0;-0.36818063405031715;0.34035511448088912;0;0.5;-0.12293872810877688;0.5041374494450496;0.8736152303335564;0.26832601388129209
1;0.82;-0.33950453349267223;-0.37078707496654628;0;0.36818063405031715;-0.34035511448088912;0;0.5;-0.12293872810877688;0.5041374494450496;0.8736152303335564;0.26832601388129209
0;0.83;0.33582272715216904;0.37419062611135517;0;-0.37152049331240389;0.33670751474532978;0;0.5;-0.12291413620524619;0.50418704372034754;0.87360266074691938;0.26835392073665359
1;0.83;-0.33582272715216904;-0.37419062611135517;0;0.37152049331240389;-0.33670751474532978;0;0.5;-0.12291413620524619;0.50418704372034754;0.87360266074691938;0.26835392073665359
0;0.84;0.33210752221904499;0.3775577012588085;0;-0.37482316964947504;0.33302750613813437;0;0.5;-0.12288955269823574;0.50423662841143959;0.87359023252312063;0.26838209764396037
1;0.84;-0.33210752221904499;-0.3775577012588085;0;0.37482316964947504;-0.33302750613813437;0;0.5;-0.12288955269823574;0.50423662841143959;0.87359023252312063;0.26838209764396037
0;0.85;0.32835929052255025;0.38088797632018984;0;-0.37808834563148069;0.32931547838960767;0;0.5;-0.12286497770491532;0.50428620335985795;0.87357794692984546;0.2684105469434027
1;0.85;-0.32835929052255025;-0.38088797632018984;0;0.37808834563148069;-0.32931547838960767;0;0.5;-0.12286497770491532;0.50428620335985795;0.87357794692984546;0.2684105469434027
0;0.86;0.32457840706623542;0.38418113110408592;0;-0.38131570803688841;0.32557182449910449;0;0.5;-0.12284041134334887;0.50433576840586894;0.87356580521928826;0.26843927094500599
1;0.86;-0.32457840706623542;-0.38418113110408592;0;0.38131570803688841;-0.32557182449910449;0;0.5;-0.12284041134334887;0.50433576840586894;0.87356580521928826;0.26843927094500599
0;0.87;0.32076524998586653;0.38743684934907696;0;-0.3845049478906436;0.32179694068766268;0;0.5;-0.12281585373247751;0.50438532338849431;0.87355380862799047;0.26846827192838524
1;0.87;-0.32076524998586653;-0.38743684934907696;0;0.3845049478906436;-0.32179694068766268;0;0.5;-0.12281585373247751;0.50438532338849431;0.87355380862799047;0.26846827192838524
0;0.88;0.31692020050696007;0.39065481875595359;0;-0.38765576050155953;0.31799122635010146;0;0.5;-0.12279130499210235;0.50443486814553275;0.87354195837668058;0.26849755214250307
1;0.88;-0.31692020050696007;-0.39065481875595359;0;0.38765576050155953;-0.31799122635010146;0;0.5;-0.12279130499210235;0.50443486814553275;0.87354195837668058;0.26849755214250307
0;0.89;0.31304364290194447;0.3938347310194546;0;-0.39076784549912758;0.31415508400659264;0;0.5;-0.12276676524286644;0.50448440251358171;0.87353025567011613;0.26852711380543155
1;0.89;-0.31304364290194447;-0.3938347310194546;0;0.39076784549912758;-0.31415508400659264;0;0.5;-0.12276676524286644;0.50448440251358171;0.87353025567011613;0.26852711380543155
0;0.9;0.30913596444695318;0.3969762818595205;0;-0.39384090686973833;0.31028891925371227;0;0.5;-0.12274223460623768;0.50453392632805905;0.87351870169692808;0.26855695910411765
1;0.9;-0.30913596444695318;-0.3969762818595205;0;0.39384090686973833;-0.31028891925371227;0;0.5;-0.12274223460623768;0.50453392632805905;0.87351870169692808;0.26855695910411765
0;0.91;0.30519755537825582;0.40007917105205759;0;-0.39687465299230523;0.3063931407149813;0;0.5;-0.1227177132044903;0.50458343942322544;0.87350729762946702;0.26858709019415261
1;0.91;-0.30519755537825582;-0.40007917105205759;0;0.39687465299230523;-0.3063931407149813;0;0.5;-0.1227177132044903;0.50458343942322544;0.87350729762946702;0.26858709019415261
0;0.92;0.30122880884833275;0.40314310245920743;0;-0.39986879667328096;0.30246815999090282;0;0.5;-0.12269320116068763;0.50463294163220616;0.87349604462365191;0.26861750919954492
1;0.92;-0.30122880884833275;-0.40314310245920743;0;0.39986879667328096;-0.30246815999090282;0;0.5;-0.12269320116068763;0.50463294163220616;0.87349604462365191;0.26861750919954492
0;0.93;0.29723012088159995;0.40616778405911647;0;-0.40282305518105854;0.29851439160850474;0;0.5;-0.12266869859866351;0.50468243278701374;0.87348494381882087;0.26864821821249731
1;0.93;-0.29723012088159995;-0.40616778405911647;0;0.40282305518105854;-0.29851439160850474;0;0.5;-0.12266869859866351;0.50468243278701374;0.87348494381882087;0.26864821821249731
0;0.94;0.29320189032978938;0.40915292797520153;0;-0.40573715027974805;0.29453225297039637;0;0.5;-0.12264420564300443;0.50473191271857042;0.87347399633758427;0.26867921929318754
1;0.94;-0.29320189032978938;-0.40915292797520153;0;0.40573715027974805;-0.29453225297039637;0;0.5;-0.12264420564300443;0.50473191271857042;0.87347399633758427;0.26867921929318754
0;0.95;0.28914451882699188;0.41209825050490551;0;-0.40861080826232049;0.29052216430334737;0;0.5;-0.12261972241903095;0.50478138125673063;0.87346320328568037;0.26871051446955315
1;0.95;-0.28914451882699188;-0.41209825050490551;0;0.40861080826232049;-0.29052216430334737;0;0.5;-0.12261972241903095;0.50478138125673063;0.87346320328568037;0.26871051446955315
0;0.96;0.28505841074436866;0.41500347214793898;0;-0.41144375998311083;0.2864845486063986;0;0.5;-0.12259524905277956;0.5048308382303041;0.87345256575183292;0.26874210573708023
1;0.96;-0.28505841074436866;-0.41500347214793898;0;0.41144375998311083;-0.2864845486063986;0;0.5;-0.12259524905277956;0.5048308382303041;0.87345256575183292;0.26874210573708023
0;0.97;0.28094397314453756;0.41786831763400295;0;-0.41423574088967152;0.28241983159851314;0;0.5;-0.12257078567098379;0.5048802834670786;0.87344208480761155;0.26877399505859609
1;0.97;-0.28094397314453756;-0.41786831763400295;0;0.41423574088967152;-0.28241983159851314;0;0.5;-0.12257078567098379;0.5048802834670786;0.87344208480761155;0.26877399505859609
0;0.98;0.27680161573564083;0.42069251594998808;0;-0.41698649105396868;0.27832844166577747;0;0.5;-0.12254633240105586;0.50492971679384308;0.87343176150729435;0.26880618436406604
1;0.98;-0.27680161573564083;-0.42069251594998808;0;0.41698649105396868;-0.27832844166577747;0;0.5;-0.12254633240105586;0.50492971679384308;0.87343176150729435;0.26880618436406604
0;0.99;0.27263175082510116;0.42347580036664584;0;-0.41969575520291308;0.27421080980816193;0;0.5;-0.1225218893710679;0.50497913803641098;0.87342159688773303;0.26883867555039421
1;0.99;-0.27263175082510116;-0.42347580036664584;0;0.41969575520291308;-0.27421080980816193;0;0.5;-0.1225218893710679;0.50497913803641098;0.87342159688773303;0.26883867555039421
0;1;0.26843479327307201;0.42621790846472746;0;-0.42236328274821805;0.27006736958584987;0;0.5;-0.12249745670973288;0.5050285470196435;0.87341159196822053;0.26887147048122852
1;1;-0.26843479327307201;-0.42621790846472746;0;0.42236328274821805;-0.27006736958584987;0;0.5;-0.12249745670973288;0.5050285470196435;0.87341159196822053;0.26887147048122852
0;1.01;0.26421116044558984;0.42891858216058598;0;-0.42498882781557662;0.26589855706514559;0;0.5;-0.1224730345463859;0.50507794356747308;0.87340174775036127;0.26890457098676977
1;1.01;-0.26421116044558984;-0.42891858216058598;0;0.42498882781557662;-0.26589855706514559;0;0.5;-0.1224730345463859;0.50507794356747308;0.87340174775036127;0.26890457098676977
0;1.02;0.25996127216743409;0.43157756773123745;0;-0.4275721492731509;0.26170481076397084;0;0.5;-0.12244862301096494;0.50512732750292703;0.8733920652179438;0.2689379788635849
1;1.02;-0.25996127216743409;-0.43157756773123745;0;0.4275721492731509;-0.26170481076397084;0;0.5;-0.12244862301096494;0.50512732750292703;0.8733920652179438;0.2689379788635849
0;1.03;0.25568555067470256;0.43419461583887714;0;-0.43011301075936598;0.25748657159695981;0;0.5;-0.12242422223399194;0.50517669864815127;0.87338254533681621;0.26897169587442446
1;1.03;-0.25568555067470256;-0.43419461583887714;0;0.43011301075936598;-0.25748657159695981;0;0.5;-0.12242422223399194;0.50517669864815127;0.87338254533681621;0.26897169587442446
0;1.04;0.25138442056710891;0.43676948155484674;0;-0.43261118071000149;0.25324428282016292;0;0.5;-0.12239983234655329;0.50522605682443435;0.87337318905476406;0.26900572374804448
1;1.04;-0.25138442056710891;-0.43676948155484674;0;0.43261118071000149;-0.25324428282016292;0;0.5;-0.12239983234655329;0.50522605682443435;0.87337318905476406;0.26900572374804448
0;1.05;0.24705830876000889;0.43930192438304838;0;-0.43506643238457388;0.24897838997537;0;0.5;-0.12237545348028077;0.50527540185223114;0.87336399730139108;0.26904006417903229
1;1.05;-0.24705830876000889;-0.43930192438304838;0;0.43506643238457388;-0.24897838997537;0;0.5;-0.12237545348028077;0.50527540185223114;0.87336399730139108;0.26904006417903229
0;1.06;0.24270764443616316;0.44179170828280206;0;-0.43747854389200264;0.24468934083406271;0;0.5;-0.12235108576733203;0.50532473355118696;0.87335497098800258;0.26907471882763695
1;1.06;-0.24270764443616316;-0.44179170828280206;0;0.43747854389200264;-0.24468934083406271;0;0.5;-0.12235108576733203;0.50532473355118696;0.87335497098800258;0.26907471882763695
0;1.07;0.23833285899724313;0.44423860169114271;0;-0.43984729821555413;0.24037758534100767;0;0.5;-0.12232672934037114;0.50537405174016195;0.8733461110074914;0.26910968931960391
1;1.07;-0.23833285899724313;-0.44423860169114271;0;0.43984729821555413;-0.24037758534100767;0;0.5;-0.12232672934037114;0.50537405174016195;0.8733461110074914;0.26910968931960391
0;1.08;0.23393438601508759;0.44664237754455277;0;-0.44217248323705632;0.23604357555750038;0;0.5;-0.12230238433254898;0.50542335623725506;0.8733374182342269;0.26914497724601397
1;1.08;-0.23393438601508759;-0.44664237754455277;0;0.44217248323705632;-0.23604357555750038;0;0.5;-0.12230238433254898;0.50542335623725506;0.8733374182342269;0.26914497724601397
0;1.09;0.22951266118271701;0.44900281330012776;0;-0.44445389176037858;0.23168776560427126;0;0.5;-0.12227805087748392;0.50547264685982864;0.87332889352394653;0.26918058416312675
1;1.09;-0.22951266118271701;-0.44900281330012776;0;0.44445389176037858;-0.23168776560427126;0;0.5;-0.12227805087748392;0.50547264685982864;0.87332889352394653;0.26918058416312675
0;1.1;0.22506812226511322;0.45131969095617047;0;-0.4466913215341704;0.22731061160406468;0;0.5;-0.12225372910924158;0.50552192342453291;0.87332053771365021;0.26921651159222852
1;1.1;-0.22506812226511322;-0.45131969095617047;0;0.4466913215341704;-0.22731061160406468;0;0.5;-0.12225372910924158;0.50552192342453291;0.87332053771365021;0.26921651159222852
0;1.11;0.22060120904977151;0.45359279707221112;0;-0.44888457527385317;0.22291257162390207;0;0.5;-0.12222941916231564;0.50557118574733029;0.8733123516214978;0.26925276101948445
1;1.11;-0.22060120904977151;-0.45359279707221112;0;0.44888457527385317;-0.22291257162390207;0;0.5;-0.12222941916231564;0.50557118574733029;0.8733123516214978;0.26925276101948445
0;1.12;0.21611236329703298;0.45582192278845013;0;-0.45103346068285971;0.21849410561704066;0;0.5;-0.12220512117160782;0.50562043364352025;0.8733043360467091;0.26928933389579538
1;1.12;-0.21611236329703298;-0.45582192278845013;0;0.45103346068285971;-0.21849410561704066;0;0.5;-0.12220512117160782;0.50562043364352025;0.8733043360467091;0.26928933389579538
0;1.13;0.21160202869020439;0.45800686384462053;0;-0.45313779047311592;0.2140556753646389;0;0.5;-0.12218083527240795;0.50566966692776397;0.87329649176946698;0.26932623163665908
1;1.13;-0.21160202869020439;-0.45800686384462053;0;0.45313779047311592;-0.2140556753646389;0;0.5;-0.12218083527240795;0.50566966692776397;0.87329649176946698;0.26932623163665908
0;1.14;0.20707065078547324;0.46014742059826691;0;-0.45519738238475937;0.20959774441714024;0;0.5;-0.12215656160037412;0.50571888541410905;0.87328881955082341;0.26936345562203602
1;1.14;-0.20707065078547324;-0.46014742059826691;0;0.45519738238475937;-0.20959774441714024;0;0.5;-0.12215656160037412;0.50571888541410905;0.87328881955082341;0.26936345562203602
0;1.15;0.20251867696162565;0.4622433980424383;0;-0.45721205920509012;0.20512077803538703;0;0.5;-0.12213230029151284;0.5057680889160144;0.87328132013260831;0.26940100719621968
1;1.15;-0.20251867696162565;-0.4622433980424383;0;0.45721205920509012;-0.20512077803538703;0;0.5;-0.12213230029151284;0.5057680889160144;0.87328132013260831;0.26940100719621968
0;1.16;0.19794655636957476;0.46429460582279219;0;-0.45918164878674878;0.20062524313147598;0;0.5;-0.12210805148215888;0.50581727724637536;0.87327399423734146;0.26943888766771144
1;1.16;-0.19794655636957476;-0.46429460582279219;0;0.45918164878674878;-0.20062524313147598;0;0.5;-0.12210805148215888;0.50581727724637536;0.87327399423734146;0.26943888766771144
0;1.17;0.19335473988170726;0.46630085825410694;0;-0.46110598406511705;0.19611160820936716;0;0.5;-0.12208381530895544;0.50586645021754822;0.87326684256814748;0.26947709830909998
1;1.17;-0.19335473988170726;-0.46630085825410694;0;0.46110598406511705;-0.19611160820936716;0;0.5;-0.12208381530895544;0.50586645021754822;0.87326684256814748;0.26947709830909998
0;1.18;0.1887436800410561;0.46826197433620059;0;-0.46298490307493712;0.19158034330525842;0;0.5;-0.12205959190883381;0.5059156076413758;0.8732598658086736;0.26951564035694547
1;1.18;-0.1887436800410561;-0.46826197433620059;0;0.46298490307493712;-0.19158034330525842;0;0.5;-0.12205959190883381;0.5059156076413758;0.8732598658086736;0.26951564035694547
0;1.19;0.18411383101030673;0.47017777776925318;0;-0.46481824896614488;0.18703191992773727;0;0.5;-0.12203538141899356;0.5059647493292122;0.87325306462301072;0.26955451501166815
1;1.19;-0.18411383101030673;-0.47017777776925318;0;0.46481824896614488;-0.18703191992773727;0;0.5;-0.12203538141899356;0.5059647493292122;0.87325306462301072;0.26955451501166815
0;1.2;0.17946564852064528;0.47204809696853056;0;-0.46660587001891379;0.18246681099772227;0;0.5;-0.12201118397688221;0.50601387509194805;0.87324643965561731;0.26959372343744173
1;1.2;-0.17946564852064528;-0.47204809696853056;0;0.46660587001891379;-0.18246681099772227;0;0.5;-0.12201118397688221;0.50601387509194805;0.87324643965561731;0.26959372343744173
0;1.21;0.17479958982045615;0.47387276507850778;0;-0.46834761965790528;0.17788549078820617;0;0.5;-0.12198699972017527;0.50606298474003567;0.87323999153124653;0.26963326676209132
1;1.21;-0.17479958982045615;-0.47387276507850778;0;0.46834761965790528;-0.17788549078820617;0;0.5;-0.12198699972017527;0.50606298474003567;0.87323999153124653;0.26963326676209132
0;1.22;0.1701161136238771;0.47565161998638983;0;-0.47004335646572232;0.17328843486381282;0;0.5;-0.12196282878675588;0.50611207808351426;0.87323372085487642;0.26967314607699616
1;1.22;-0.1701161136238771;-0.47565161998638983;0;0.47004335646572232;-0.17328843486381282;0;0.5;-0.12196282878675588;0.50611207808351426;0.87323372085487642;0.26967314607699616
0;1.23;0.16541568005921989;0.47738450433502794;0;-0.47169294419556312;0.16867612002018054;0;0.5;-0.12193867131469477;0.50616115493203531;0.87322762821164307;0.26971336243699694
1;1.23;-0.16541568005921989;-0.47738450433502794;0;0.47169294419556312;-0.16867612002018054;0;0.5;-0.12193867131469477;0.50616115493203531;0.87322762821164307;0.26971336243699694
0;1.24;0.16069875061726427;0.47907126553522972;0;-0.47329625178307161;0.1640490242231841;0;0.5;-0.12191452744223018;0.50621021509488769;0.87322171416677711;0.26975391686030788
1;1.24;-0.16069875061726427;-0.47907126553522972;0;0.47329625178307161;-0.1640490242231841;0;0.5;-0.12191452744223018;0.50621021509488769;0.87322171416677711;0.26975391686030788
0;1.25;0.15596578809943357;0.48071175577746156;0;-0.4748531533573821;0.1594076265480078;0;0.5;-0.12189039730774732;0.50625925838102318;0.87321597926554319;0.26979481032843347
1;1.25;-0.15596578809943357;-0.48071175577746156;0;0.4748531533573821;-0.1594076265480078;0;0.5;-0.12189039730774732;0.50625925838102318;0.87321597926554319;0.26979481032843347
0;1.26;0.15121725656585974;0.48230583204294164;0;-0.47636352825135547;0.15475240711808216;0;0.5;-0.12186628104975859;0.50630828459908149;0.87321042403318275;0.26983604378609001
1;1.26;-0.15121725656585974;-0.48230583204294164;0;0.47636352825135547;-0.15475240711808216;0;0.5;-0.12186628104975859;0.50630828459908149;0.87321042403318275;0.26983604378609001
0;1.27;0.14645362128334619;0.48385335611412245;0;-0.47782726101100487;0.1500838470438968;0;0.5;-0.12184217880688315;0.50635729355741598;0.87320504897485977;0.26987761814113179
1;1.27;-0.14645362128334619;-0.48385335611412245;0;0.47782726101100487;-0.1500838470438968;0;0.5;-0.12184217880688315;0.50635729355741598;0.87320504897485977;0.26987761814113179
0;1.28;0.14167534867323614;0.48535419458456142;0;-0.4792442414041081;0.14540242836170214;0;0.5;-0.12181809071782673;0.50640628506411879;0.87319985457560994;0.26991953426448218
1;1.28;-0.14167534867323614;-0.48535419458456142;0;0.4792442414041081;-0.14540242836170214;0;0.5;-0.12181809071782673;0.50640628506411879;0.87319985457560994;0.26991953426448218
0;1.29;0.13688290625919505;0.48680821886817843;0;-0.48061436442800565;0.14070863397211264;0;0.5;-0.12179401692136175;0.50645525892704625;0.87319484130029282;0.26996179299006928
1;1.29;-0.13688290625919505;-0.48680821886817843;0;0.48061436442800565;-0.14070863397211264;0;0.5;-0.12179401692136175;0.50645525892704625;0.87319484130029282;0.26996179299006928
0;1.3;0.13207676261491499;0.48821530520789957;0;-0.48193753031658215;0.13600294757862405;0;0.5;-0.12176995755630671;0.50650421495384433;0.87319000959354734;0.27000439511476648
1;1.3;-0.13207676261491499;-0.48821530520789957;0;0.48193753031658215;-0.13600294757862405;0;0.5;-0.12176995755630671;0.50650421495384433;0.87319000959354734;0.27000439511476648
0;1.31;0.12725738731174918;0.4895753346836858;0;-0.48321364454643012;0.13128585362605769;0;0.5;-0.12174591276150645;0.50655315295197389;0.87318535987975046;0.27004734139833774
1;1.31;-0.12725738731174918;-0.4895753346836858;0;0.48321364454643012;-0.13128585362605769;0;0.5;-0.12174591276150645;0.50655315295197389;0.87318535987975046;0.27004734139833774
0;1.32;0.12242525086628488;0.49088819321994637;0;-0.48444261784219456;0.12655783723894426;0;0.5;-0.12172188267581195;0.50660207272873608;0.87318089256297909;0.27009063256338764
1;1.32;-0.12242525086628488;-0.49088819321994637;0;0.48444261784219456;-0.12655783723894426;0;0.5;-0.12172188267581195;0.50660207272873608;0.87318089256297909;0.27009063256338764
0;1.33;0.11758082468786293;0.49215377159233581;0;-0.485624366181098;0.12181938415986025;0;0.5;-0.12169786743806;0.50665097409129781;0.87317660802697519;0.27013426929531626
1;1.33;-0.11758082468786293;-0.49215377159233581;0;0.485624366181098;-0.12181938415986025;0;0.5;-0.12169786743806;0.50665097409129781;0.87317660802697519;0.27013426929531626
0;1.34;0.11272458102605196;0.49337196543393441;0;-0.48675881079664457;0.11707098068772942;0;0.5;-0.12167386718705361;0.50669985684671693;0.87317250663511415;0.27017825224227877
1;1.34;-0.11272458102605196;-0.49337196543393441;0;0.48675881079664457;-0.11707098068772942;0;0.5;-0.12167386718705361;0.50669985684671693;0.87317250663511415;0.27017825224227877
0;1.35;0.10785699291808551;0.49454267524081169;0;-0.48784587818150316;0.1123131136161024;0;0.5;-0.12164988206154156;0.50674872080196757;0.87316858873037645;0.27022258201514988
1;1.35;-0.10785699291808551;-0.49454267524081169;0;0.48784587818150316;-0.1123131136161024;0;0.5;-0.12164988206154156;0.50674872080196757;0.87316858873037645;0.27022258201514988
0;1.36;0.10297853413627048;0.49566580637697272;0;-0.48888550008956921;0.10754627017142725;0;0.5;-0.12162591220019871;0.50679756576396556;0.87316485463532252;0.27026725918749308
1;1.36;-0.10297853413627048;-0.49566580637697272;0;0.48888550008956921;-0.10754627017142725;0;0.5;-0.12162591220019871;0.50679756576396556;0.87316485463532252;0.27026725918749308
0;1.37;0.09808967913537478;0.49674126907868699;0;-0.48987761353720527;0.1027709379513236;0;0.5;-0.12160195774160607;0.50684639153959352;0.87316130465207086;0.27031228429553456
1;1.37;-0.09808967913537478;-0.49674126907868699;0;0.48987761353720527;-0.1027709379513236;0;0.5;-0.12160195774160607;0.50684639153959352;0.87316130465207086;0.27031228429553456
0;1.38;0.093190903000002726;0.49776897845820023;0;-0.49082216080366031;0.097987604862873459;0;0.5;-0.12157801882423054;0.50689519793572623;0.87315793906227945;0.27035765783814212
1;1.38;-0.093190903000002726;-0.49776897845820023;0;0.49082216080366031;-0.097987604862873459;0;0.5;-0.12157801882423054;0.50689519793572623;0.87315793906227945;0.27035765783814212
0;1.39;0.088282681391966128;0.49874885450682899;0;-0.49171908943066861;0.093196759060941284;0;0.5;-0.12155409558640568;0.50694398475925576;0.87315475812713043;0.27040338027680871
1;1.39;-0.088282681391966128;-0.49874885450682899;0;0.49171908943066861;-0.093196759060941284;0;0.5;-0.12155409558640568;0.50694398475925576;0.87315475812713043;0.27040338027680871
0;1.4;0.083365490497659442;0.49968082209743842;0;-0.49256835222122847;0.088398888886536325;0;0.5;-0.12153018816631159;0.50699275181711649;0.87315176208731809;0.27044945203564075
1;1.4;-0.083365490497659442;-0.49968082209743842;0;0.49256835222122847;-0.088398888886536325;0;0.5;-0.12153018816631159;0.50699275181711649;0.87315176208731809;0.27044945203564075
0;1.41;0.078439806975447154;0.50056481098630379;0;-0.49336990723756236;0.083594482805229894;0;0.5;-0.12150629670195524;0.5070414989163104;0.87314895116303996;0.27049587350135141
1;1.41;-0.078439806975447154;-0.50056481098630379;0;0.49336990723756236;-0.083594482805229894;0;0.5;-0.12150629670195524;0.5070414989163104;0.87314895116303996;0.27049587350135141
0;1.42;0.073506107903071535;0.50140075581435606;0;-0.49412371779825898;0.078784029345640383;0;0.5;-0.1214824213311508;0.50709022586393206;0.87314632555399134;0.27054264502325845
1;1.42;-0.073506107903071535;-0.50140075581435606;0;0.49412371779825898;-0.078784029345640383;0;0.5;-0.1214824213311508;0.50709022586393206;0.87314632555399134;0.27054264502325845
0;1.43;0.068564870725088947;0.50218859610781241;0;-0.49482975247459898;0.073968017037998879;0;0.5;-0.12145856219150017;0.5071389324671935;0.87314388543936307;0.27058976691328702
1;1.43;-0.068564870725088947;-0.50218859610781241;0;0.49482975247459898;-0.073968017037998879;0;0.5;-0.12145856219150017;0.5071389324671935;0.87314388543936307;0.27058976691328702
0;1.44;0.06361657320034296;0.50292827627819237;0;-0.49548798508606617;0.069146934352807887;0;0.5;-0.12143471942037354;0.50718761853344932;0.87314163097784246;0.27063723944597713
1;1.44;-0.06361657320034296;-0.50292827627819237;0;0.49548798508606617;-0.069146934352807887;0;0.5;-0.12143471942037354;0.50718761853344932;0.87314163097784246;0.27063723944597713
0;1.45;0.058661693349482298;0.5036197456217204;0;-0.49609839469504569;0.064321269639606035;0;0.5;-0.12141089315488973;0.50723628387022138;0.87313956230761761;0.27068506285849583
1;1.45;-0.058661693349482298;-0.5036197456217204;0;0.49609839469504569;-0.064321269639606035;0;0.5;-0.12141089315488973;0.50723628387022138;0.87313956230761761;0.27068506285849583
0;1.46;0.05370070940253184;0.50426295831811652;0;-0.49666096560071155;0.059491511065851377;0;0.5;-0.12138708353189697;0.5072849282852238;0.87313767954638488;0.27073323735065436
1;1.46;-0.05370070940253184;-0.50426295831811652;0;0.49666096560071155;-0.059491511065851377;0;0.5;-0.12138708353189697;0.5072849282852238;0.87313767954638488;0.27073323735065436
0;1.47;0.048734099746524727;0.50485787342877508;0;-0.49717568733210582;0.054658146555935753;0;0.5;-0.12136329068795385;0.50733355158638735;0.87313598279135971;0.27078176308492968
1;1.47;-0.048734099746524727;-0.50485787342877508;0;0.49717568733210582;-0.054658146555935753;0;0.5;-0.12136329068795385;0.50733355158638735;0.87313598279135971;0.27078176308492968
0;1.48;0.043762342873203672;0.50540445489433439;0;-0.49764255464041185;0.049821663730342962;0;0.5;-0.12133951475930991;0.50738215358188418;0.87313447211929065;0.27083064018649105
1;1.48;-0.043762342873203672;-0.50540445489433439;0;0.49764255464041185;-0.049821663730342962;0;0.5;-0.12133951475930991;0.50738215358188418;0.87313447211929065;0.27083064018649105
0;1.49;0.038785917326799556;0.50590267153163782;0;-0.49806156749042474;0.044982549844963068;0;0.5;-0.12131575588188649;0.50743073408015277;0.87313314758647652;0.27087986874323142
1;1.49;-0.038785917326799556;-0.50590267153163782;0;0.49806156749042474;-0.044982549844963068;0;0.5;-0.12131575588188649;0.50743073408015277;0.87313314758647652;0.27087986874323142
0;1.5;0.033805301651895311;0.50635249703008745;0;-0.4984327310512216;0.040141291730575394;0;0.5;-0.12129201419125803;0.50747929288992178;0.87313200922878701;0.27092944880580302
1;1.5;-0.033805301651895311;-0.50635249703008745;0;0.4984327310512216;-0.040141291730575394;0;0.5;-0.12129201419125803;0.50747929288992178;0.87313200922878701;0.27092944880580302
0;1.51;0.028820974341383095;0.50675390994739322;0;-0.49875605568603537;0.035298375732512502;0;0.5;-0.12126828982263314;0.5075278298202349;0.87313105706168632;0.27097938038765816
1;1.51;-0.028820974341383095;-0.50675390994739322;0;0.49875605568603537;-0.035298375732512502;0;0.5;-0.12126828982263314;0.5075278298202349;0.87313105706168632;0.27097938038765816
0;1.52;0.02383341378452274;0.5071068937047184;0;-0.49903155694133516;0.030454287650517484;0;0.5;-0.12124458291083545;0.50757634468047488;0.87313029108026007;0.27102966346509447
1;1.52;-0.02383341378452274;-0.5071068937047184;0;0.49903155694133516;-0.030454287650517484;0;0.5;-0.12124458291083545;0.50757634468047488;0.87313029108026007;0.27102966346509447
0;1.53;0.018843098215109388;0.50741143658122356;0;-0.49925925553511707;0.02560951267880681;0;0.5;-0.12122089359028566;0.50762483728038758;0.87312971125924554;0.27108029797730477
1;1.53;-0.018843098215109388;-0.50741143658122356;0;0.49925925553511707;-0.02560951267880681;0;0.5;-0.12122089359028566;0.50762483728038758;0.87312971125924554;0.27108029797730477
0;1.54;0.013850505659758218;0.5076675317080116;0;-0.49943917734440968;0.020764535346350851;0;0.5;-0.12119722199498228;0.50767330743010642;0.87312931755306485;0.2711312838264318
1;1.54;-0.013850505659758218;-0.5076675317080116;0;0.49943917734440968;-0.020764535346350851;0;0.5;-0.12119722199498228;0.50767330743010642;0.87312931755306485;0.2711312838264318
0;1.55;0.0088561138863141216;0.50787517706147511;0;-0.49957135339199771;0.015919839457384156;0;0.5;-0.12117356825848359;0.50772175494017605;0.87312910989586152;0.27118262087762742
1;1.55;-0.0088561138863141216;-0.50787517706147511;0;0.49957135339199771;-0.015919839457384156;0;0.5;-0.12117356825848359;0.50772175494017605;0.87312910989586152;0.27118262087762742
0;1.56;0.0038604003523941446;0.5080343754560489;0;-0.49965581983236895;0.01107590803215748;0;0.5;-0.1211499325138893;0.50777017962157616;0.87312908820154011;0.27123430895911633
1;1.56;-0.0038604003523941446;-0.5080343754560489;0;0.49965581983236895;-0.01107590803215748;0;0.5;-0.1211499325138893;0.50777017962157616;0.87312908820154011;0.27123430895911633
0;1.57;-0.001136157845929545;0.50814513453637045;0;-0.49969261793688841;0.0062332232479434101;0;0.5;-0.12112631489382216;0.50781858128574547;0.87312925236380903;0.27128634786226468
1;1.57;0.001136157845929545;-0.50814513453637045;0;0.49969261793688841;-0.0062332232479434101;0;0.5;-0.12112631489382216;0.50781858128574547;0.87312925236380903;0.27128634786226468
0;1.58;-0.0061330840252984287;0.50820746676884987;0;-0.49968179407820484;0.0013922663803074237;0;0.5;-0.12110271553041012;0.5078669597446051;0.87312960225622648;0.27133873734165297
1;1.58;0.0061330840252984287;-0.50820746676884987;0;0.49968179407820484;-0.0013922663803074237;0;0.5;-0.12110271553041012;0.5078669597446051;0.87312960225622648;0.27133873734165297
0;1.59;-0.011129901966080477;0.50822138943265294;0;-0.49962339971389447;-0.0034464822553439576;0;0.5;-0.12107913455526824;0.50791531481058199;0.87313013773224955;0.27139147711515359
1;1.59;0.011129901966080477;-0.50822138943265294;0;0.49962339971389447;0.0034464822553439576;0;0.5;-0.12107913455526824;0.50791531481058199;0.87313013773224955;0.27139147711515359
0;1.6;-0.016126135963219421;0.50818692461009951;0;-0.49951749136934737;-0.0082825433619263464;0;0.5;-0.12105557209948097;0.5079636462966325;0.87313085862528631;0.271444566864013
1;1.6;0.016126135963219421;-0.50818692461009951;0;0.49951749136934737;0.0082825433619263464;0;0.5;-0.12105557209948097;0.5079636462966325;0.87313085862528631;0.271444566864013
0;1.61;-0.021121310876912894;0.50810409917648025;0;-0.49936413061990154;-0.013115438718540481;0;0.5;-0.12103202829358451;0.50801195401626536;0.87313176474875112;0.27149800623293825
1;1.61;0.021121310876912894;-0.50810409917648025;0;0.49936413061990154;0.013115438718540481;0;0.5;-0.12103202829358451;0.50801195401626536;0.87313176474875112;0.27149800623293825
0;1.62;-0.026114952183111908;0.50797294478929489;0;-0.4991633840722306;-0.0179446912380237;0;0.5;-0.12100850326754907;0.50806023778356498;0.8731328558961229;0.27155179483018814
1;1.62;0.026114952183111908;-0.50797294478929489;0;0.4991633840722306;0.0179446912380237;0;0.5;-0.12100850326754907;0.50806023778356498;0.8731328558961229;0.27155179483018814
0;1.63;-0.031106586023834214;0.50779349787691463;0;-0.49891532334499084;-0.022769825024178677;0;0.5;-0.12098499715076182;0.5081084974132141;0.87313413184100652;0.2716059322276686
1;1.63;0.031106586023834214;-0.50779349787691463;0;0.49891532334499084;0.022769825024178677;0;0.5;-0.12098499715076182;0.5081084974132141;0.87313413184100652;0.2716059322276686
0;1.64;-0.036095739257284126;0.50756579962667281;0;-0.49862002504873348;-0.027590365428668214;0;0.5;-0.12096151007200939;0.50815673272051686;0.87313559233719715;0.27166041796103287
1;1.64;0.036095739257284126;-0.50756579962667281;0;0.49862002504873348;0.027590365428668214;0;0.5;-0.12096151007200939;0.50815673272051686;0.87313559233719715;0.27166041796103287
0;1.65;-0.041081939507771462;0.50728989597238616;0;-0.49827757076508861;-0.032405839107565199;0;0.5;-0.12093804215946083;0.5082049435214213;0.87313723711874768;0.27171525152978579
1;1.65;0.041081939507771462;-0.50728989597238616;0;0.49827757076508861;0.032405839107565199;0;0.5;-0.12093804215946083;0.5082049435214213;0.87313723711874768;0.27171525152978579
0;1.66;-0.046064715215422346;0.50696583758131053;0;-0.49788804702522715;-0.037215774077546775;0;0.5;-0.12091459354065082;0.5082531296325418;0.87313906590003904;0.27177043239739243
1;1.66;0.046064715215422346;-0.50696583758131053;0;0.49788804702522715;0.037215774077546775;0;0.5;-0.12091459354065082;0.5082531296325418;0.87313906590003904;0.27177043239739243
0;1.67;-0.051043595685674618;0.50659367984053505;0;-0.49745154528760716;-0.042019699771722027;0;0.5;-0.1208911643424627;0.50830129087118139;0.87314107837585357;0.27182595999139134
1;1.67;0.051043595685674618;-0.50659367984053505;0;0.49745154528760716;0.042019699771722027;0;0.5;-0.1208911643424627;0.50830129087118139;0.87314107837585357;0.27182595999139134
0;1.68;-0.056018111138550687;0.50617348284281782;0;-0.49696816191501153;-0.046817147095082584;0;0.5;-0.12086775469111199;0.50834942705535402;0.87314327422145129;0.27188183370351193
1;1.68;0.056018111138550687;-0.50617348284281782;0;0.49696816191501153;0.046817147095082584;0;0.5;-0.12086775469111199;0.50834942705535402;0.87314327422145129;0.27188183370351193
0;1.69;-0.060987792757700804;0.50570531137186703;0;-0.49643799815088424;-0.051607648479565671;0;0.5;-0.12084436471212983;0.50839753800380657;0.873145653092649;0.2719380528897962
1;1.69;0.060987792757700804;-0.50570531137186703;0;0.49643799815088424;0.051607648479565671;0;0.5;-0.12084436471212983;0.50839753800380657;0.873145653092649;0.2719380528897962
0;1.7;-0.065952172739209641;0.50518923488707135;0;-0.49586116009497166;-0.056390737938719314;0;0.5;-0.12082099453034681;0.5084456235360405;0.87314821462590241;0.27199461687072459
1;1.7;0.065952172739209641;-0.50518923488707135;0;0.49586116009497166;0.056390737938719314;0;0.5;-0.12082099453034681;0.5084456235360405;0.87314821462590241;0.27199461687072459
0;1.71;-0.070910784340159363;0.50462532750768418;0;-0.4952377586782768;-0.061165951121959487;0;0.5;-0.12079764426987668;0.50849368347233378;0.87315095843839097;0.27205152493134639
1;1.71;0.070910784340159363;-0.50462532750768418;0;0.4952377586782768;0.061165951121959487;0;0.5;-0.12079764426987668;0.50849368347233378;0.87315095843839097;0.27205152493134639
0;1.72;-0.075863161926942133;0.50401366799646463;0;-0.4945679096373336;-0.065932825368409276;0;0.5;-0.1207743140541005;0.50854171763376202;0.87315388412810578;0.27210877632141391
1;1.72;0.075863161926942133;-0.50401366799646463;0;0.4945679096373336;0.065932825368409276;0;0.5;-0.1207743140541005;0.50854171763376202;0.87315388412810578;0.27210877632141391
0;1.73;-0.080808841023315467;0.50335433974278054;0;-0.49385173348780953;-0.070690899760310066;0;0.5;-0.12075100400565097;0.50858972584222003;0.87315699127393995;0.27216637025552113
1;1.73;0.080808841023315467;-0.50335433974278054;0;0.49385173348780953;0.070690899760310066;0;0.5;-0.12075100400565097;0.50858972584222003;0.87315699127393995;0.27216637025552113
0;1.74;-0.085747358358193568;0.50264743074517748;0;-0.49308935549744343;-0.075439715175995195;0;0.5;-0.12072771424639655;0.50863770792044302;0.873160279435782;0.27222430591324643
1;1.74;0.085747358358193568;-0.50264743074517748;0;0.49308935549744343;0.075439715175995195;0;0.5;-0.12072771424639655;0.50863770792044302;0.873160279435782;0.27222430591324643
0;1.75;-0.090678251913168001;0.50189303359341753;0;-0.49228090565832716;-0.080178814342416416;0;0.5;-0.1207044448974263;0.50868566369202712;0.87316374815461205;0.27228258243929922
1;1.75;0.090678251913168001;-0.50189303359341753;0;0.49228090565832716;0.080178814342416416;0;0.5;-0.1207044448974263;0.50868566369202712;0.87316374815461205;0.27228258243929922
0;1.76;-0.095601060969751267;0.50109124544999339;0;-0.49142651865853937;-0.084907741887213867;0;0.5;-0.12068119607903448;0.50873359298145069;0.87316739695260041;0.27234119894367092
1;1.76;0.095601060969751267;-0.50109124544999339;0;0.49142651865853937;0.084907741887213867;0;0.5;-0.12068119607903448;0.50873359298145069;0.87316739695260041;0.27234119894367092
0;1.77;-0.10051532615633665;0.5002421680311212;0;-0.49052633385313904;-0.089626044390320278;0;0.5;-0.12065796791070557;0.50878149561409437;0.87317122533320921;0.27240015450178961
1;1.77;0.10051532615633665;-0.5002421680311212;0;0.49052633385313904;0.089626044390320278;0;0.5;-0.12065796791070557;0.50878149561409437;0.87317122533320921;0.27240015450178961
0;1.78;-0.10542058949486804;0.49934590758721797;0;-0.48958049523452773;-0.094333270435090405;0;0.5;-0.1206347605110993;0.50882937141626187;0.87317523278129645;0.27245944815467912
1;1.78;0.10542058949486804;-0.49934590758721797;0;0.48958049523452773;0.094333270435090405;0;0.5;-0.1206347605110993;0.50882937141626187;0.87317523278129645;0.27245944815467912
0;1.79;-0.11031639444721332;0.49840257488286704;0;-0.48858915140218911;-0.099028970658946808;0;0.5;-0.12061157399803604;0.50887722021519983;0.87317941876322282;0.27251907890912153
1;1.79;0.11031639444721332;-0.49840257488286704;0;0.48858915140218911;0.099028970658946808;0;0.5;-0.12061157399803604;0.50887722021519983;0.87317941876322282;0.27251907890912153
0;1.8;-0.11520228596123522;0.49741228517627756;0;-0.48755245553181414;-0.1037126978035333;0;0.5;-0.12058840848848236;0.50892504183911787;0.87318378272696104;0.27257904573782401
1;1.8;0.11520228596123522;-0.49741228517627756;0;0.48755245553181414;0.1037126978035333;0;0.5;-0.12058840848848236;0.50892504183911787;0.87318378272696104;0.27257904573782401
0;1.81;-0.12007781051655336;0.49637515819824224;0;-0.48647056534382133;-0.1083840067643675;0;0.5;-0.12056526409853661;0.50897283611720842;0.87318832410220776;0.27263934757958929
1;1.81;0.12007781051655336;-0.49637515819824224;0;0.48647056534382133;0.1083840067643675;0;0.5;-0.12056526409853661;0.50897283611720842;0.87318832410220776;0.27263934757958929
0;1.82;-0.12494251616999158;0.49529131813059857;0;-0.48534364307128058;-0.11304245463998422;0;0.5;-0.12054214094341489;0.50902060287966616;0.873193042300498;0.27269998333949002
1;1.82;0.12494251616999158;-0.49529131813059857;0;0.48534364307128058;0.11304245463998422;0;0.5;-0.12054214094341489;0.50902060287966616;0.873193042300498;0.27269998333949002
0;1.83;-0.1297959526007044;0.49416089358419873;0;-0.48417185542725005;-0.11768760078056142;0;0.5;-0.12051903913743711;0.50906834195770748;0.87319793671532208;0.27276095188904697
1;1.83;0.1297959526007044;-0.49416089358419873;0;0.48417185542725005;0.11768760078056142;0;0.5;-0.12051903913743711;0.50906834195770748;0.87319793671532208;0.27276095188904697
0;1.84;-0.13463767115497691;0.4929840175763931;0;-0.48295537357153517;-0.12231900683602093;0;0.5;-0.12049595879401334;0.5091160531835895;0.87320300672224502;0.27282225206641087
1;1.84;0.13463767115497691;-0.4929840175763931;0;0.48295537357153517;0.12231900683602093;0;0.5;-0.12049595879401334;0.5091160531835895;0.87320300672224502;0.27282225206641087
0;1.85;-0.13946722489069227;0.4917608275080329;0;-0.48169437307687929;-0.12693623680359595;0;0.5;-0.12047290002563026;0.50916373639062914;0.87320825167902831;0.27288388267654808
1;1.85;0.13946722489069227;-0.4917608275080329;0;0.48169437307687929;0.12693623680359595;0;0.5;-0.12047290002563026;0.50916373639062914;0.87320825167902831;0.27288388267654808
0;1.86;-0.14428416862146107;0.49049146513999692;0;-0.48038903389459547;-0.13153885707485791;0;0.5;-0.12044986294383777;0.50921139141322168;0.87321367092575416;0.27294584249142972
1;1.86;0.14428416862146107;-0.49049146513999692;0;0.48038903389459547;0.13153885707485791;0;0.5;-0.12044986294383777;0.50921139141322168;0.87321367092575416;0.27294584249142972
0;1.87;-0.14908805896040703;0.48917607656924833;0;-0.47903954031964885;-0.13612643648219513;0;0.5;-0.12042684765923611;0.50925901808685936;0.87321926378495197;0.27300813025022472
1;1.87;0.14908805896040703;-0.48917607656924833;0;0.47903954031964885;0.13612643648219513;0;0.5;-0.12042684765923611;0.50925901808685936;0.87321926378495197;0.27300813025022472
0;1.88;-0.15387845436360351;0.48781481220442635;0;-0.47764608095519956;-0.14069854634473625;0;0.5;-0.12040385428146277;0.5093066162481495;0.87322502956172727;0.27307074465949607
1;1.88;0.15387845436360351;-0.48781481220442635;0;0.47764608095519956;0.14069854634473625;0;0.5;-0.12040385428146277;0.5093066162481495;0.87322502956172727;0.27307074465949607
0;1.89;-0.1586549151731555;0.48640782674097899;0;-0.47620884867661595;-0.14525476051371111;0;0.5;-0.1203808829191799;0.50935418573483269;0.87323096754389276;0.27313368439340096
1;1.89;0.1586549151731555;-0.48640782674097899;0;0.47620884867661595;0.14525476051371111;0;0.5;-0.1203808829191799;0.50935418573483269;0.87323096754389276;0.27313368439340096
0;1.9;-0.16341700365992165;0.48495527913584185;0;-0.47472804059496804;-0.14979465541724268;0;0.5;-0.12035793368006186;0.50940172638580048;0.87323707700210176;0.27319694809389411
1;1.9;0.16341700365992165;-0.48495527913584185;0;0.47472804059496804;0.14979465541724268;0;0.5;-0.12035793368006186;0.50940172638580048;0.87323707700210176;0.27319694809389411
0;1.91;-0.16816428406587133;0.48345733258166945;0;-0.47320385802001114;-0.15431781010456302;0;0.5;-0.12033500667078286;0.50944923804111308;0.8732433571899837;0.27326053437093476
1;1.91;0.16816428406587133;-0.48345733258166945;0;0.47320385802001114;0.15431781010456302;0;0.5;-0.12033500667078286;0.50944923804111308;0.8732433571899837;0.27326053437093476
0;1.92;-0.17289632264607144;0.4819141544806238;0;-0.47163650642266991;-0.15882380628964704;0;0.5;-0.12031210199700511;0.50949672054201646;0.87324980734428195;0.27332444180269685
1;1.92;0.17289632264607144;-0.4819141544806238;0;0.47163650642266991;0.15882380628964704;0;0.5;-0.12031210199700511;0.50949672054201646;0.87324980734428195;0.27332444180269685
0;1.93;-0.17761268771029814;0.48032591641772732;0;-0.47002619539703322;-0.16331222839425774;0;0.5;-0.12028921976336675;0.50954417373095986;0.8732564266849935;0.27338866893578278
1;1.93;0.17761268771029814;-0.48032591641772732;0;0.47002619539703322;0.16331222839425774;0;0.5;-0.12028921976336675;0.50954417373095986;0.8732564266849935;0.27338866893578278
0;1.94;-0.18231294966426848;0.47869279413378474;0;-0.46837313862186958;-0.16778266359039704;0;0.5;-0.12026636007347041;0.50959159745161236;0.87326321441551106;0.27345321428544023
1;1.94;0.18231294966426848;-0.47869279413378474;0;0.46837313862186958;0.16778266359039704;0;0.5;-0.12026636007347041;0.50959159745161236;0.87326321441551106;0.27345321428544023
0;1.95;-0.18699668105048717;0.47701496749788075;0;-0.46667755382167403;-0.17223470184215625;0;0.5;-0.12024352302987184;0.50963899154887956;0.87327016972276694;0.27351807633578239
1;1.95;0.18699668105048717;-0.47701496749788075;0;0.46667755382167403;0.17223470184215625;0;0.5;-0.12024352302987184;0.50963899154887956;0.87327016972276694;0.27351807633578239
0;1.96;-0.1916634565887039;0.47529262047945919;0;-0.46493966272725695;-0.17666793594696054;0;0.5;-0.12022070873406852;0.50968635586892018;0.873277291777379;0.27358325354001136
1;1.96;0.1916634565887039;-0.47529262047945919;0;0.46493966272725695;0.17666793594696054;0;0.5;-0.12022070873406852;0.50968635586892018;0.873277291777379;0.27358325354001136
0;1.97;-0.19631285321597647;0.47352594111998958;0;-0.46315969103588472;-0.1810819615762021;0;0.5;-0.12019791728648898;0.50973369025916194;0.87328457973379866;0.27364874432064462
1;1.97;0.19631285321597647;-0.47352594111998958;0;0.46315969103588472;0.1810819615762021;0;0.5;-0.12019791728648898;0.50973369025916194;0.87328457973379866;0.27364874432064462
0;1.98;-0.20094445012633533;0.47171512150422756;0;-0.46133786837098367;-0.18547637731525674;0;0.5;-0.12017514878648189;0.50978099456831773;0.87329203273046068;0.27371454706974477
1;1.98;0.20094445012633533;-0.47171512150422756;0;0.46133786837098367;0.18547637731525674;0;0.5;-0.12017514878648189;0.50978099456831773;0.87329203273046068;0.27371454706974477
0;1.99;-0.20555782881004517;0.46986035773107498;0;-0.45947442824141721;-0.18985078470287875;0;0.5;-0.12015240333230561;0.50982826864640105;0.87329964988993493;0.27378066014915213
1;1.99;0.20555782881004517;-0.46986035773107498;0;0.45947442824141721;0.18985078470287875;0;0.5;-0.12015240333230561;0.50982826864640105;0.87329964988993493;0.27378066014915213
0;2;-0.21015257309245933;0.46796184988404621;0;-0.45756960800034752;-0.19420478826996967;0;0.5;-0.12012968102111782;0.50987551234474177;0.87330743031907989;0.27384708189072056
1;2;0.21015257309245933;-0.46796184988404621;0;0.45756960800034752;0.19420478826996967;0;0.5;-0.12012968102111782;0.50987551234474177;0.87330743031907989;0.27384708189072056
