# column style format: id;time;x;y;z;vx;vy;vz;mass;totalEnergy;totalSpecificAngularMomentum;rungeLenzVector;semiMajorAxis
# this file will be overwritten without any precaution
# used integrator was rk4
0;0;0.49997500020832941;0.0049999166666666083;0;-0.0049999166674479069;0.49997500020832941;0;0.5;-0.12500000000000347;0.49999999999999303;0.87500000000000164;0.26666666666666249
1;0;-0.49997500020832941;-0.0049999166666666083;0;0.0049999166674479069;-0.49997500020832941;0;0.5;-0.12500000000000347;0.49999999999999303;0.87500000000000164;0.26666666666666249
0;0.01;0.49990000333328299;0.0099993333458330679;0;-0.0099993333473959271;0.49990000333328299;0;0.5;-0.12500000000000695;0.49999999999998613;0.87500000000000129;0.26666666666665445
1;0.01;-0.49990000333328299;-0.0099993333458330679;0;0.0099993333473959271;-0.49990000333328299;0;0.5;-0.12500000000000695;0.49999999999998613;0.87500000000000129;0.26666666666665445
0;0.02;0.49977501687448567;0.014997750099997636;0;-0.01499775010234247;0.49977501687448567;0;0.5;-0.12500000000001041;0.49999999999997916;0.87499999999999902;0.26666666666664249
1;0.02;-0.49977501687448567;-0.014997750099997636;0;0.01499775010234247;-0.49977501687448567;0;0.5;-0.12500000000001041;0.49999999999997916;0.87499999999999902;0.26666666666664249
0;0.03;0.49960005333047919;0.019994667091650233;0;-0.019994667094777617;0.49960005333047919;0;0.5;-0.1250000000000139;0.4999999999999722;0.87499999999999479;0.26666666666662664
1;0.03;-0.49960005333047919;-0.019994667091650233;0;0.019994667094777617;-0.49960005333047919;0;0.5;-0.1250000000000139;0.4999999999999722;0.87499999999999479;0.26666666666662664
0;0.04;0.49937513019747221;0.024989584633255783;0;-0.024989584637166443;0.49937513019747209;0;0.5;-0.12500000000001738;0.49999999999996528;0.8749999999999886;0.26666666666660694
1;0.04;-0.49937513019747221;-0.024989584633255783;0;0.024989584637166443;-0.49937513019747209;0;0.5;-0.12500000000001738;0.49999999999996528;0.8749999999999886;0.26666666666660694
0;0.05;0.49910026996759049;0.029982003237222547;0;-0.029982003241917365;0.49910026996759022;0;0.5;-0.12500000000002084;0.49999999999995831;0.87499999999998048;0.26666666666658333
1;0.05;-0.49910026996759049;-0.029982003237222547;0;0.029982003241917365;-0.49910026996759022;0;0.5;-0.12500000000002084;0.49999999999995831;0.87499999999998048;0.26666666666658333
0;0.06;0.49877550012662802;0.034971423665850467;0;-0.034971423671330479;0.49877550012662747;0;0.5;-0.1250000000000243;0.49999999999995137;0.87499999999997039;0.26666666666655585
1;0.06;-0.49877550012662802;-0.034971423665850467;0;0.034971423671330479;-0.49877550012662747;0;0.5;-0.1250000000000243;0.49999999999995137;0.87499999999997039;0.26666666666655585
0;0.07;0.49840085315129817;0.03995734698125452;0;-0.039957346987520924;0.49840085315129729;0;0.5;-0.12500000000002779;0.4999999999999444;0.87499999999995836;0.26666666666652446
1;0.07;-0.49840085315129817;-0.03995734698125452;0;0.039957346987520924;-0.49840085315129729;0;0.5;-0.12500000000002779;0.4999999999999444;0.87499999999995836;0.26666666666652446
0;0.08;0.49797636650598631;0.044939274595258094;0;-0.044939274602312229;0.49797636650598492;0;0.5;-0.1250000000000313;0.49999999999993746;0.87499999999994437;0.2666666666664892
1;0.08;-0.49797636650598631;-0.044939274595258094;0;0.044939274602312229;-0.49797636650598492;0;0.5;-0.1250000000000313;0.49999999999993746;0.87499999999994437;0.2666666666664892
0;0.09;0.4975020826390032;0.049916708319251379;0;-0.049916708327094744;0.49750208263900109;0;0.5;-0.12500000000003475;0.4999999999999305;0.87499999999992845;0.26666666666645006
1;0.09;-0.4975020826390032;-0.049916708319251379;0;0.049916708327094744;-0.49750208263900109;0;0.5;-0.12500000000003475;0.4999999999999305;0.87499999999992845;0.26666666666645006
0;0.1;0.49697804897834025;0.054889150414009831;0;-0.05488915042264407;0.49697804897833719;0;0.5;-0.12500000000003822;0.49999999999992352;0.87499999999991058;0.26666666666640704
1;0.1;-0.49697804897834025;-0.054889150414009831;0;0.05488915042264407;-0.49697804897833719;0;0.5;-0.12500000000003822;0.49999999999992352;0.87499999999991058;0.26666666666640704
0;0.11;0.49640431792692685;0.059856103639467653;0;-0.059856103648894578;0.49640431792692252;0;0.5;-0.12500000000004174;0.49999999999991655;0.87499999999989077;0.26666666666636016
1;0.11;-0.49640431792692685;-0.059856103639467653;0;0.059856103648894578;-0.49640431792692252;0;0.5;-0.12500000000004174;0.49999999999991655;0.87499999999989077;0.26666666666636016
0;0.12;0.49578094685738999;0.06481707130444142;0;-0.06481707131466298;0.49578094685738405;0;0.5;-0.1250000000000452;0.49999999999990958;0.87499999999986901;0.2666666666663094
1;0.12;-0.49578094685738999;-0.06481707130444142;0;0.06481707131466298;-0.49578094685738405;0;0.5;-0.1250000000000452;0.49999999999990958;0.87499999999986901;0.2666666666663094
0;0.13;0.49510799810631712;0.069771557316298763;0;-0.069771557327317046;0.49510799810630918;0;0.5;-0.12500000000004872;0.49999999999990262;0.87499999999984531;0.26666666666625479
1;0.13;-0.49510799810631712;-0.069771557316298763;0;0.069771557327317046;-0.49510799810630918;0;0.5;-0.12500000000004872;0.49999999999990262;0.87499999999984531;0.26666666666625479
0;0.14;0.49438553896802251;0.074719066230567219;0;-0.074719066242384474;0.49438553896801213;0;0.5;-0.12500000000005217;0.49999999999989567;0.87499999999981966;0.26666666666619631
1;0.14;-0.49438553896802251;-0.074719066230567219;0;0.074719066242384474;-0.49438553896801213;0;0.5;-0.12500000000005217;0.49999999999989567;0.87499999999981966;0.26666666666619631
0;0.15;0.49361364168781796;0.079659103300478262;0;-0.079659103313096877;0.49361364168780453;0;0.5;-0.12500000000005564;0.49999999999988872;0.87499999999979209;0.266666666666134
1;0.15;-0.49361364168781796;-0.079659103300478262;0;0.079659103313096877;-0.49361364168780453;0;0.5;-0.12500000000005564;0.49999999999988872;0.87499999999979209;0.266666666666134
0;0.16;0.49279238345478815;0.08459117452644159;0;-0.084591174539864089;0.49279238345477111;0;0.5;-0.12500000000005911;0.49999999999988178;0.87499999999976258;0.26666666666606783
1;0.16;-0.49279238345478815;-0.08459117452644159;0;0.084591174539864089;-0.49279238345477111;0;0.5;-0.12500000000005911;0.49999999999988178;0.87499999999976258;0.26666666666606783
0;0.17;0.49192184639407199;0.089514786705444646;0;-0.089514786719673708;0.49192184639405062;0;0.5;-0.1250000000000626;0.49999999999987482;0.87499999999973114;0.26666666666599782
1;0.17;-0.49192184639407199;-0.089514786705444646;0;0.089514786719673708;-0.49192184639405062;0;0.5;-0.1250000000000626;0.49999999999987482;0.87499999999973114;0.26666666666599782
0;0.18;0.49100211755865009;0.094429447480372519;0;-0.094429447495410948;0.49100211755862361;0;0.5;-0.12500000000006605;0.49999999999986788;0.87499999999969778;0.26666666666592398
1;0.18;-0.49100211755865009;-0.094429447480372519;0;0.094429447495410948;-0.49100211755862361;0;0.5;-0.12500000000006605;0.49999999999986788;0.87499999999969778;0.26666666666592398
0;0.19;0.49003328892063946;0.099334665389243237;0;-0.099334665405093989;0.49003328892060705;0;0.5;-0.12500000000006951;0.49999999999986095;0.87499999999966248;0.26666666666584631
1;0.19;-0.49003328892063946;-0.099334665389243237;0;0.099334665405093989;-0.49003328892060705;0;0.5;-0.12500000000006951;0.49999999999986095;0.87499999999966248;0.26666666666584631
0;0.2;0.48901545736209656;0.10422994991435358;0;-0.10422994993101975;0.4890154573620572;0;0.5;-0.12500000000007298;0.49999999999985401;0.87499999999962528;0.26666666666576483
1;0.2;-0.48901545736209656;-0.10422994991435358;0;0.10422994993101975;-0.4890154573620572;0;0.5;-0.12500000000007298;0.49999999999985401;0.87499999999962528;0.26666666666576483
0;0.21;0.48794872466532896;0.10911481153133043;0;-0.10911481154881522;0.48794872466528166;0;0.5;-0.12500000000007645;0.49999999999984708;0.87499999999958615;0.26666666666567954
1;0.21;-0.48794872466532896;-0.10911481153133043;0;0.10911481154881522;-0.48794872466528166;0;0.5;-0.12500000000007645;0.49999999999984708;0.87499999999958615;0.26666666666567954
0;0.22;0.48683319750271736;0.11398876175808277;0;-0.11398876177638953;0.48683319750266096;0;0.5;-0.12500000000007991;0.49999999999984014;0.87499999999954512;0.26666666666559044
1;0.22;-0.48683319750271736;-0.11398876175808277;0;0.11398876177638953;-0.48683319750266096;0;0.5;-0.12500000000007991;0.49999999999984014;0.87499999999954512;0.26666666666559044
0;0.23;0.48566898742604836;0.11885131320364951;0;-0.11885131322278174;0.48566898742598164;0;0.5;-0.12500000000008342;0.49999999999983319;0.87499999999950218;0.26666666666549753
1;0.23;-0.48566898742604836;-0.11885131320364951;0;0.11885131322278174;-0.48566898742598164;0;0.5;-0.12500000000008342;0.49999999999983319;0.87499999999950218;0.26666666666549753
0;0.24;0.48445621085535939;0.12370197961693821;0;-0.12370197963689951;0.48445621085528101;0;0.5;-0.12500000000008691;0.49999999999982623;0.87499999999945734;0.26666666666540082
1;0.24;-0.48445621085535939;-0.12370197961693821;0;0.12370197963689951;-0.48445621085528101;0;0.5;-0.12500000000008691;0.49999999999982623;0.87499999999945734;0.26666666666540082
0;0.25;0.48319498906729685;0.12854027593534975;0;-0.12854027595614384;0.48319498906720537;0;0.5;-0.12500000000009036;0.49999999999981931;0.87499999999941059;0.26666666666530035
1;0.25;-0.48319498906729685;-0.12854027593534975;0;0.12854027595614384;-0.48319498906720537;0;0.5;-0.12500000000009036;0.49999999999981931;0.87499999999941059;0.26666666666530035
0;0.26;0.48188544818298845;0.13336571833328414;0;-0.13336571835491487;0.48188544818288231;0;0.5;-0.12500000000009383;0.49999999999981236;0.87499999999936195;0.26666666666519609
1;0.26;-0.48188544818298845;-0.13336571833328414;0;0.13336571835491487;-0.48188544818288231;0;0.5;-0.12500000000009383;0.49999999999981236;0.87499999999936195;0.26666666666519609
0;0.27;0.4805277191554313;0.13817782427052278;0;-0.13817782429299413;0.48052771915530879;0;0.5;-0.1250000000000973;0.4999999999998054;0.87499999999931143;0.26666666666508808
1;0.27;-0.4805277191554313;-0.13817782427052278;0;0.13817782429299413;-0.48052771915530879;0;0.5;-0.1250000000000973;0.4999999999998054;0.87499999999931143;0.26666666666508808
0;0.28;0.47912193775639667;0.14297611254048198;0;-0.14297611256379805;0.47912193775625594;0;0.5;-0.12500000000010076;0.49999999999979846;0.87499999999925902;0.26666666666497632
1;0.28;-0.47912193775639667;-0.14297611254048198;0;0.14297611256379805;-0.47912193775625594;0;0.5;-0.12500000000010076;0.49999999999979846;0.87499999999925902;0.26666666666497632
0;0.29;0.4776682445628529;0.14776010331833328;0;-0.14776010334249828;0.47766824456269208;0;0.5;-0.1250000000001042;0.49999999999979155;0.87499999999920472;0.26666666666486082
1;0.29;-0.4776682445628529;-0.14776010331833328;0;0.14776010334249828;-0.47766824456269208;0;0.5;-0.1250000000001042;0.49999999999979155;0.87499999999920472;0.26666666666486082
0;0.3;0.47616678494290787;0.15252931820898552;0;-0.15252931823400376;0.47616678494272485;0;0.5;-0.12500000000010767;0.49999999999978461;0.87499999999914856;0.26666666666474159
1;0.3;-0.47616678494290787;-0.15252931820898552;0;0.15252931823400376;-0.47616678494272485;0;0.5;-0.12500000000010767;0.49999999999978461;0.87499999999914856;0.26666666666474159
0;0.31;0.47461770904127232;0.15728328029492394;0;-0.15728328032079983;0.47461770904106493;0;0.5;-0.12500000000011116;0.4999999999997777;0.87499999999909051;0.26666666666461865
1;0.31;-0.47461770904127232;-0.15728328029492394;0;0.15728328032079983;-0.47461770904106493;0;0.5;-0.12500000000011116;0.4999999999997777;0.87499999999909051;0.26666666666461865
0;0.32;0.47302117176424541;0.16202151418390157;0;-0.16202151421063962;0.47302117176401132;0;0.5;-0.1250000000001146;0.49999999999977077;0.87499999999903061;0.26666666666449199
1;0.32;-0.47302117176424541;-0.16202151418390157;0;0.16202151421063962;-0.47302117176401132;0;0.5;-0.1250000000001146;0.49999999999977077;0.87499999999903061;0.26666666666449199
0;0.33;0.47137733276422433;0.16674354605647795;0;-0.16674354608408282;0.4713773327639611;0;0.5;-0.1250000000001181;0.49999999999976383;0.87499999999896885;0.26666666666436162
1;0.33;-0.47137733276422433;-0.16674354605647795;0;0.16674354608408282;-0.4713773327639611;0;0.5;-0.1250000000001181;0.49999999999976383;0.87499999999896885;0.26666666666436162
0;0.34;0.46968635642373918;0.17144890371340082;0;-0.17144890374187721;0.46968635642344414;0;0.5;-0.12500000000012159;0.49999999999975683;0.87499999999890527;0.26666666666422756
1;0.34;-0.46968635642373918;-0.17144890371340082;0;0.17144890374187721;-0.46968635642344414;0;0.5;-0.12500000000012159;0.49999999999975683;0.87499999999890527;0.26666666666422756
0;0.35;0.46794841183901481;0.17613711662282558;0;-0.17613711665217832;0.46794841183868519;0;0.5;-0.12500000000012509;0.49999999999974987;0.87499999999883983;0.26666666666408984
1;0.35;-0.46794841183901481;-0.17613711662282558;0;0.17613711665217832;-0.46794841183868519;0;0.5;-0.12500000000012509;0.49999999999974987;0.87499999999883983;0.26666666666408984
0;0.36;0.46616367280306131;0.18080771596736808;0;-0.18080771599760206;0.46616367280269422;0;0.5;-0.12500000000012854;0.49999999999974293;0.87499999999877255;0.26666666666394847
1;0.36;-0.46616367280306131;-0.18080771596736808;0;0.18080771599760206;-0.46616367280269422;0;0.5;-0.12500000000012854;0.49999999999974293;0.87499999999877255;0.26666666666394847
0;0.37;0.46433231778829492;0.18546023469098596;0;-0.18546023472210618;0.46433231778788731;0;0.5;-0.125000000000132;0.49999999999973599;0.87499999999870343;0.26666666666380344
1;0.37;-0.46433231778829492;-0.18546023469098596;0;0.18546023472210618;-0.46433231778788731;0;0.5;-0.125000000000132;0.49999999999973599;0.87499999999870343;0.26666666666380344
0;0.38;0.46245452992869096;0.19009420754568393;0;-0.19009420757769546;0.46245452992823954;0;0.5;-0.12500000000013548;0.49999999999972906;0.87499999999863249;0.2666666666636548
1;0.38;-0.46245452992869096;-0.19009420754568393;0;0.19009420757769546;-0.46245452992823954;0;0.5;-0.12500000000013548;0.49999999999972906;0.87499999999863249;0.2666666666636548
0;0.39;0.46053049700147047;0.1947091711380381;0;-0.1947091711709461;0.46053049700097187;0;0.5;-0.12500000000013892;0.49999999999972216;0.87499999999855972;0.26666666666350255
1;0.39;-0.46053049700147047;-0.1947091711380381;0;0.1947091711709461;-0.46053049700097187;0;0.5;-0.12500000000013892;0.49999999999972216;0.87499999999855972;0.26666666666350255
0;0.4;0.45856041140832271;0.19930466397553495;0;-0.19930466400934466;0.45856041140777337;0;0.5;-0.12500000000014239;0.49999999999971521;0.87499999999848516;0.26666666666334669
1;0.4;-0.45856041140832271;-0.19930466397553495;0;0.19930466400934466;-0.45856041140777337;0;0.5;-0.12500000000014239;0.49999999999971521;0.87499999999848516;0.26666666666334669
0;0.41;0.45654447015616523;0.20388022651272028;0;-0.20388022654743698;0.45654447015556138;0;0.5;-0.12500000000014589;0.49999999999970827;0.87499999999840881;0.26666666666318725
1;0.41;-0.45654447015616523;-0.20388022651272028;0;0.20388022654743698;-0.45654447015556138;0;0.5;-0.12500000000014589;0.49999999999970827;0.87499999999840881;0.26666666666318725
0;0.42;0.45448287483744315;0.20843540119715326;0;-0.20843540123278234;0.45448287483678096;0;0.5;-0.12500000000014933;0.49999999999970132;0.87499999999833065;0.26666666666302422
1;0.42;-0.45448287483744315;-0.20843540119715326;0;0.20843540123278234;-0.45448287483678096;0;0.5;-0.12500000000014933;0.49999999999970132;0.87499999999833065;0.26666666666302422
0;0.43;0.4523758316099703;0.21296973251516135;0;-0.21296973255170826;0.45237583160924572;0;0.5;-0.1250000000001528;0.49999999999969436;0.87499999999825072;0.26666666666285763
1;0.43;-0.4523758316099703;-0.21296973251516135;0;0.21296973255170826;-0.45237583160924572;0;0.5;-0.1250000000001528;0.49999999999969436;0.87499999999825072;0.26666666666285763
0;0.44;0.45022355117631352;0.21748276703739131;0;-0.21748276707486153;0.45022355117552226;0;0.5;-0.12500000000015631;0.4999999999996874;0.874999999998169;0.26666666666268751
1;0.44;-0.45022355117631352;-0.21748276703739131;0;0.21748276707486153;-0.45022355117552226;0;0.5;-0.12500000000015631;0.4999999999996874;0.874999999998169;0.26666666666268751
0;0.45;0.44802624876272251;0.22197405346415167;0;-0.22197405350255078;0.4480262487618602;0;0.5;-0.12500000000015976;0.4999999999996805;0.8749999999980855;0.26666666666251387
1;0.45;-0.44802624876272251;-0.22197405346415167;0;0.22197405350255078;-0.4480262487618602;0;0.5;-0.12500000000015976;0.4999999999996805;0.8749999999980855;0.26666666666251387
0;0.46;0.44578414409760747;0.22644314267054244;0;-0.22644314270987603;0.4457841440966695;0;0.5;-0.12500000000016322;0.49999999999967358;0.87499999999800024;0.26666666666233673
1;0.46;-0.44578414409760747;-0.22644314267054244;0;0.22644314270987603;-0.4457841440966695;0;0.5;-0.12500000000016322;0.49999999999967358;0.87499999999800024;0.26666666666233673
0;0.47;0.44349746138956636;0.23088958775136714;0;-0.23088958779164087;0.44349746138854795;0;0.5;-0.12500000000016672;0.49999999999966659;0.87499999999791325;0.26666666666215607
1;0.47;-0.44349746138956636;-0.23088958775136714;0;0.23088958779164087;-0.44349746138854795;0;0.5;-0.12500000000016672;0.49999999999966659;0.87499999999791325;0.26666666666215607
0;0.48;0.44116642930496441;0.23531294406582298;0;-0.23531294410704257;0.44116642930386057;0;0.5;-0.12500000000017019;0.49999999999965965;0.8749999999978245;0.26666666666197196
1;0.48;-0.44116642930496441;-0.23531294406582298;0;0.23531294410704257;-0.44116642930386057;0;0.5;-0.12500000000017019;0.49999999999965965;0.8749999999978245;0.26666666666197196
0;0.49;0.43879128094506742;0.23971276928196458;0;-0.23971276932413574;0.43879128094387304;0;0.5;-0.12500000000017364;0.4999999999996527;0.87499999999773402;0.26666666666178439
1;0.49;-0.43879128094506742;-0.23971276928196458;0;0.23971276932413574;-0.43879128094387304;0;0.5;-0.12500000000017364;0.4999999999996527;0.87499999999773402;0.26666666666178439
0;0.5;0.43637225382273204;0.24408862342093673;0;-0.24408862346406524;0.43637225382144179;0;0.5;-0.1250000000001771;0.49999999999964578;0.8749999999976418;0.26666666666159338
1;0.5;-0.43637225382273204;-0.24408862342093673;0;0.24408862346406524;-0.43637225382144179;0;0.5;-0.1250000000001771;0.49999999999964578;0.8749999999976418;0.26666666666159338
0;0.51;0.43390958983865452;0.24844006890097201;0;-0.24844006894506365;0.43390958983726291;0;0.5;-0.12500000000018057;0.49999999999963883;0.87499999999754786;0.26666666666139894
1;0.51;-0.43390958983865452;-0.24844006890097201;0;0.24844006894506365;-0.43390958983726291;0;0.5;-0.12500000000018057;0.49999999999963883;0.87499999999754786;0.26666666666139894
0;0.52;0.431403535257181;0.25276667058114854;0;-0.25276667062620911;0.43140353525568231;0;0.5;-0.12500000000018405;0.49999999999963189;0.87499999999745222;0.26666666666120111
1;0.52;-0.431403535257181;-0.25276667058114854;0;0.25276667062620911;-0.43140353525568231;0;0.5;-0.12500000000018405;0.49999999999963189;0.87499999999745222;0.26666666666120111
0;0.53;0.42885434068168121;0.25706799580490369;0;-0.25706799585093904;0.42885434068006945;0;0.5;-0.12500000000018753;0.49999999999962495;0.87499999999735489;0.26666666666099991
1;0.53;-0.42885434068168121;-0.25706799580490369;0;0.25706799585093904;-0.42885434068006945;0;0.5;-0.12500000000018753;0.49999999999962495;0.87499999999735489;0.26666666666099991
0;0.54;0.42626226102948822;0.2613436144432994;0;-0.2613436144903154;0.42626226102775733;0;0.5;-0.12500000000019102;0.499999999999618;0.87499999999725587;0.26666666666079533
1;0.54;-0.42626226102948822;-0.2613436144432994;0;0.2613436144903154;-0.42626226102775733;0;0.5;-0.12500000000019102;0.499999999999618;0.87499999999725587;0.26666666666079533
0;0.55;0.42362755550640713;0.26559309893803479;0;-0.26559309898603733;0.42362755550455078;0;0.5;-0.12500000000019448;0.49999999999961106;0.87499999999715516;0.26666666666058742
1;0.55;-0.42362755550640713;-0.26559309893803479;0;0.26559309898603733;-0.42362755550455078;0;0.5;-0.12500000000019448;0.49999999999961106;0.87499999999715516;0.26666666666058742
0;0.56;0.42095048758079456;0.26981602434420149;0;-0.26981602439319646;0.42095048757880626;0;0.5;-0.12500000000019795;0.49999999999960412;0.87499999999705279;0.26666666666037618
1;0.56;-0.42095048758079456;-0.26981602434420149;0;0.26981602439319646;-0.42095048757880626;0;0.5;-0.12500000000019795;0.49999999999960412;0.87499999999705279;0.26666666666037618
0;0.57;0.41823132495721216;0.27401196837277791;0;-0.27401196842277115;0.41823132495508514;0;0.5;-0.12500000000020138;0.49999999999959719;0.87499999999694876;0.26666666666016165
1;0.57;-0.41823132495721216;-0.27401196837277791;0;0.27401196842277115;-0.41823132495508514;0;0.5;-0.12500000000020138;0.49999999999959719;0.87499999999694876;0.26666666666016165
0;0.58;0.41547033954965618;0.27818051143285766;0;-0.27818051148385509;0.41547033954738355;0;0.5;-0.12500000000020485;0.49999999999959026;0.87499999999684308;0.26666666665994384
1;0.58;-0.41547033954965618;-0.27818051143285766;0;0.27818051148385509;-0.41547033954738355;0;0.5;-0.12500000000020485;0.49999999999959026;0.87499999999684308;0.26666666665994384
0;0.59;0.41266780745436649;0.28232123667360842;0;-0.28232123672561588;0.41266780745194115;0;0.5;-0.12500000000020831;0.49999999999958333;0.87499999999673577;0.26666666665972276
1;0.59;-0.41266780745436649;-0.28232123667360842;0;0.28232123672561588;-0.41266780745194115;0;0.5;-0.12500000000020831;0.49999999999958333;0.87499999999673577;0.26666666665972276
0;0.6;0.40982400892221704;0.28643373002595662;0;-0.28643373007897999;0.40982400891963172;0;0.5;-0.12500000000021182;0.49999999999957638;0.87499999999662682;0.26666666665949843
1;0.6;-0.40982400892221704;-0.28643373002595662;0;0.28643373007897999;-0.40982400891963172;0;0.5;-0.12500000000021182;0.49999999999957638;0.87499999999662682;0.26666666665949843
0;0.61;0.40693922833069118;0.29051758024399399;0;-0.29051758029803909;0.40693922832793833;0;0.5;-0.1250000000002153;0.49999999999956942;0.87499999999651627;0.26666666665927088
1;0.61;-0.40693922833069118;-0.29051758024399399;0;0.29051758029803909;-0.40693922832793833;0;0.5;-0.1250000000002153;0.49999999999956942;0.87499999999651627;0.26666666665927088
0;0.62;0.40401375415544399;0.29457237894610183;0;-0.29457237900117444;0.40401375415251589;0;0.5;-0.12500000000021875;0.49999999999956247;0.87499999999640411;0.26666666665904014
1;0.62;-0.40401375415544399;-0.29457237894610183;0;0.29457237900117444;-0.40401375415251589;0;0.5;-0.12500000000021875;0.49999999999956247;0.87499999999640411;0.26666666665904014
0;0.63;0.40104787894145505;0.29859772065578877;0;-0.29859772071189467;0.40104787893834376;0;0.5;-0.12500000000022222;0.49999999999955553;0.87499999999629035;0.26666666665880623
1;0.63;-0.40104787894145505;-0.29859772065578877;0;0.29859772071189467;-0.40104787893834376;0;0.5;-0.12500000000022222;0.49999999999955553;0.87499999999629035;0.26666666665880623
0;0.64;0.39804189927377409;0.30259320284223817;0;-0.30259320289938313;0.39804189927047146;0;0.5;-0.12500000000022569;0.49999999999954861;0.874999999996175;0.26666666665856918
1;0.64;-0.39804189927377409;-0.30259320284223817;0;0.30259320289938313;-0.39804189927047146;0;0.5;-0.12500000000022569;0.49999999999954861;0.874999999996175;0.26666666665856918
0;0.65;0.39499611574786281;0.30655842596056082;0;-0.30655842601875055;0.39499611574436044;0;0.5;-0.1250000000002292;0.49999999999954163;0.87499999999605811;0.26666666665832899
1;0.65;-0.39499611574786281;-0.30655842596056082;0;0.30655842601875055;-0.39499611574436044;0;0.5;-0.1250000000002292;0.49999999999954163;0.87499999999605811;0.26666666665832899
0;0.66;0.3919108329395356;0.31049299349174914;0;-0.31049299355098925;0.39191083293582496;0;0.5;-0.12500000000023265;0.49999999999953471;0.87499999999593963;0.26666666665808572
1;0.66;-0.3919108329395356;-0.31049299349174914;0;0.31049299355098925;-0.39191083293582496;0;0.5;-0.12500000000023265;0.49999999999953471;0.87499999999593963;0.26666666665808572
0;0.67;0.38878635937450212;0.31439651198232865;0;-0.31439651204262481;0.38878635937057443;0;0.5;-0.12500000000023608;0.49999999999952781;0.8749999999958196;0.26666666665783937
1;0.67;-0.38878635937450212;-0.31439651198232865;0;0.31439651204262481;-0.38878635937057443;0;0.5;-0.12500000000023608;0.49999999999952781;0.8749999999958196;0.26666666665783937
0;0.68;0.38562300749751505;0.31826859108370309;0;-0.31826859114506084;0.38562300749336131;0;0.5;-0.1250000000002396;0.49999999999952085;0.87499999999569806;0.26666666665758994
1;0.68;-0.38562300749751505;-0.31826859108370309;0;0.31826859114506084;-0.38562300749336131;0;0.5;-0.1250000000002396;0.49999999999952085;0.87499999999569806;0.26666666665758994
0;0.69;0.38242109364112592;0.32210884359118891;0;-0.32210884365361375;0.38242109363673693;0;0.5;-0.12500000000024304;0.4999999999995139;0.874999999995575;0.26666666665733749
1;0.69;-0.38242109364112592;-0.32210884359118891;0;0.32210884365361375;-0.38242109363673693;0;0.5;-0.12500000000024304;0.4999999999995139;0.874999999995575;0.26666666665733749
0;0.7;0.379180937994052;0.3259168854827354;0;-0.32591688554623283;0.37918093798941838;0;0.5;-0.12500000000024652;0.49999999999950694;0.87499999999545042;0.26666666665708202
1;0.7;-0.379180937994052;-0.3259168854827354;0;0.32591688554623283;-0.37918093798941838;0;0.5;-0.12500000000024652;0.49999999999950694;0.87499999999545042;0.26666666665708202
0;0.71;0.37590286456915784;0.32969233595732667;0;-0.32969233602190201;0.37590286456426997;0;0.5;-0.12500000000025;0.49999999999950001;0.87499999999532434;0.26666666665682358
1;0.71;-0.37590286456915784;-0.32969233595732667;0;0.32969233602190201;-0.37590286456426997;0;0.5;-0.12500000000025;0.49999999999950001;0.87499999999532434;0.26666666665682358
0;0.72;0.37258720117105409;0.33343481747306131;0;-0.33343481753871984;0.37258720116590216;0;0.5;-0.12500000000025349;0.49999999999949308;0.87499999999519677;0.26666666665656219
1;0.72;-0.37258720117105409;-0.33343481747306131;0;0.33343481753871984;-0.37258720116590216;0;0.5;-0.12500000000025349;0.49999999999949308;0.87499999999519677;0.26666666665656219
0;0.73;0.36923427936331743;0.3371439557849063;0;-0.33714395585165324;0.36923427935789144;0;0.5;-0.12500000000025694;0.49999999999948612;0.87499999999506774;0.26666666665629785
1;0.73;-0.36923427936331743;-0.3371439557849063;0;0.33714395585165324;-0.36923427935789144;0;0.5;-0.12500000000025694;0.49999999999948612;0.87499999999506774;0.26666666665629785
0;0.74;0.36584443443533449;0.34081937998212125;0;-0.34081938004996176;0.36584443442962417;0;0.5;-0.12500000000026043;0.49999999999947915;0.87499999999493725;0.2666666666560306
1;0.74;-0.36584443443533449;-0.34081937998212125;0;0.34081938004996176;-0.36584443442962417;0;0.5;-0.12500000000026043;0.49999999999947915;0.87499999999493725;0.2666666666560306
0;0.75;0.36241800536877311;0.34446072252534915;0;-0.34446072259428828;0.36241800536276803;0;0.5;-0.12500000000026387;0.49999999999947221;0.8749999999948053;0.26666666665576047
1;0.75;-0.36241800536877311;-0.34446072252534915;0;0.34446072259428828;-0.36241800536276803;0;0.5;-0.12500000000026387;0.49999999999947221;0.8749999999948053;0.26666666665576047
0;0.76;0.35895533480368452;0.34806761928336993;0;-0.34806761935341263;0.35895533479737401;0;0.5;-0.12500000000026741;0.49999999999946522;0.87499999999467194;0.26666666665548748
1;0.76;-0.35895533480368452;-0.34806761928336993;0;0.34806761935341263;-0.35895533479737401;0;0.5;-0.12500000000026741;0.49999999999946522;0.87499999999467194;0.26666666665548748
0;0.77;0.35545676900423961;0.3516397095695134;0;-0.35163970964066454;0.35545676899761286;0;0.5;-0.12500000000027085;0.49999999999945828;0.87499999999453714;0.26666666665521166
1;0.77;-0.35545676900423961;-0.3516397095695134;0;0.35163970964066454;-0.35545676899761286;0;0.5;-0.12500000000027085;0.49999999999945828;0.87499999999453714;0.26666666665521166
0;0.78;0.35192265782410281;0.35517663617772754;0;-0.3551766362499918;0.35192265781714871;0;0.5;-0.12500000000027431;0.49999999999945132;0.87499999999440094;0.26666666665493305
1;0.78;-0.35192265782410281;-0.35517663617772754;0;0.3551766362499918;-0.35192265781714871;0;0.5;-0.12500000000027431;0.49999999999945132;0.87499999999440094;0.26666666665493305
0;0.79;0.34835335467144696;0.35867804541829879;0;-0.35867804549168081;0.34835335466415424;0;0.5;-0.12500000000027778;0.4999999999994444;0.87499999999426333;0.26666666665465168
1;0.79;-0.34835335467144696;-0.35867804541829879;0;0.35867804549168081;-0.34835335466415424;0;0.5;-0.12500000000027778;0.4999999999994444;0.87499999999426333;0.26666666665465168
0;0.8;0.34474921647361284;0.3621435871532207;0;-0.36214358722772499;0.34474921646597001;0;0.5;-0.1250000000002813;0.49999999999943744;0.87499999999412436;0.26666666665436755
1;0.8;-0.34474921647361284;-0.3621435871532207;0;0.36214358722772499;-0.34474921646597001;0;0.5;-0.1250000000002813;0.49999999999943744;0.87499999999412436;0.26666666665436755
0;0.81;0.34111060364141677;0.36557291483120757;0;-0.36557291490683858;0.34111060363341211;0;0.5;-0.12500000000028476;0.4999999999994305;0.87499999999398402;0.26666666665408071
1;0.81;-0.34111060364141677;-0.36557291483120757;0;0.36557291490683858;-0.34111060363341211;0;0.5;-0.12500000000028476;0.4999999999994305;0.87499999999398402;0.26666666665408071
0;0.82;0.33743788003310965;0.36896568552234921;0;-0.36896568559911114;0.33743788002473135;0;0.5;-0.12500000000028822;0.49999999999942351;0.87499999999384234;0.26666666665379116
1;0.82;-0.33743788003310965;-0.36896568552234921;0;0.36896568559911114;-0.33743788002473135;0;0.5;-0.12500000000028822;0.49999999999942351;0.87499999999384234;0.26666666665379116
0;0.83;0.33373141291799174;0.37232155995240362;0;-0.37232156003030065;0.3337314129092277;0;0.5;-0.12500000000029173;0.49999999999941659;0.8749999999936993;0.26666666665349898
1;0.83;-0.33373141291799174;-0.37232155995240362;0;0.37232156003030065;-0.3337314129092277;0;0.5;-0.12500000000029173;0.49999999999941659;0.8749999999936993;0.26666666665349898
0;0.84;0.32999157293968573;0.3756402025367242;0;-0.37564020261576031;0.32999157293052367;0;0.5;-0.12500000000029516;0.49999999999940968;0.87499999999355493;0.26666666665320415
1;0.84;-0.32999157293968573;-0.3756402025367242;0;0.37564020261576031;-0.32999157293052367;0;0.5;-0.12500000000029516;0.49999999999940968;0.87499999999355493;0.26666666665320415
0;0.85;0.32621873407907287;0.37892128141381781;0;-0.37892128149399684;0.3262187340695003;0;0.5;-0.12500000000029866;0.49999999999940272;0.87499999999340928;0.26666666665290672
1;0.85;-0.32621873407907287;-0.37892128141381781;0;0.37892128149399684;-0.3262187340695003;0;0.5;-0.12500000000029866;0.49999999999940272;0.87499999999340928;0.26666666665290672
0;0.86;0.32241327361689515;0.38216446847853081;0;-0.38216446855985647;0.32241327360689942;0;0.5;-0.12500000000030209;0.49999999999939577;0.87499999999326233;0.26666666665260671
1;0.86;-0.32241327361689515;-0.38216446847853081;0;0.38216446855985647;-0.32241327360689942;0;0.5;-0.12500000000030209;0.49999999999939577;0.87499999999326233;0.26666666665260671
0;0.87;0.31857557209602749;0.38536943941485918;0;-0.38536943949733504;0.31857557208559578;0;0.5;-0.12500000000030558;0.49999999999938884;0.87499999999311409;0.26666666665230415
1;0.87;-0.31857557209602749;-0.38536943941485918;0;0.38536943949733504;-0.31857557208559578;0;0.5;-0.12500000000030558;0.49999999999938884;0.87499999999311409;0.26666666665230415
0;0.88;0.3147060132834239;0.38853587372837989;0;-0.38853587381200938;0.31470601327254311;0;0.5;-0.12500000000030904;0.4999999999993819;0.87499999999296459;0.26666666665199907
1;0.88;-0.3147060132834239;-0.38853587372837989;0;0.38853587381200938;-0.31470601327254311;0;0.5;-0.12500000000030904;0.4999999999993819;0.87499999999296459;0.26666666665199907
0;0.89;0.3108049841317409;0.39166345477830011;0;-0.39166345486308646;0.31080498412039786;0;0.5;-0.12500000000031251;0.49999999999937498;0.87499999999281382;0.2666666666516915
1;0.89;-0.3108049841317409;-0.39166345477830011;0;0.39166345486308646;-0.31080498412039786;0;0.5;-0.12500000000031251;0.49999999999937498;0.87499999999281382;0.2666666666516915
0;0.9;0.30687287474064284;0.39475186980912097;0;-0.39475186989506716;0.30687287472882407;0;0.5;-0.12500000000031598;0.49999999999936805;0.87499999999266184;0.2666666666513815
1;0.9;-0.30687287474064284;-0.39475186980912097;0;0.39475186989506716;-0.30687287472882407;0;0.5;-0.12500000000031598;0.49999999999936805;0.87499999999266184;0.2666666666513815
0;0.91;0.30291007831779199;0.39780080998191281;0;-0.39780081006902179;0.30291007830548389;0;0.5;-0.12500000000031946;0.49999999999936111;0.87499999999250864;0.26666666665106905
1;0.91;-0.30291007831779199;-0.39780080998191281;0;0.39780081006902179;-0.30291007830548389;0;0.5;-0.12500000000031946;0.49999999999936111;0.87499999999250864;0.26666666665106905
0;0.92;0.29891699113952824;0.40080997040519895;0;-0.40080997049347344;0.29891699112671705;0;0.5;-0.12500000000032292;0.49999999999935415;0.87499999999235424;0.2666666666507542
1;0.92;-0.29891699113952824;-0.40080997040519895;0;0.40080997049347344;-0.29891699112671705;0;0.5;-0.12500000000032292;0.49999999999935415;0.87499999999235424;0.2666666666507542
0;0.93;0.29489401251124187;0.40377905016544446;0;-0.40377905025488703;0.29489401249791364;0;0.5;-0.12500000000032641;0.49999999999934722;0.87499999999219864;0.26666666665043699
1;0.93;-0.29489401251124187;-0.40377905016544446;0;0.40377905025488703;-0.29489401249791364;0;0.5;-0.12500000000032641;0.49999999999934722;0.87499999999219864;0.26666666665043699
0;0.94;0.29084154472744317;0.40670775235714735;0;-0.40670775244776036;0.29084154471358376;0;0.5;-0.12500000000032988;0.49999999999934028;0.87499999999204186;0.26666666665011743
1;0.94;-0.29084154472744317;-0.40670775235714735;0;0.40670775244776036;-0.29084154471358376;0;0.5;-0.12500000000032988;0.49999999999934028;0.87499999999204186;0.26666666665011743
0;0.95;0.28675999303153343;0.40959578411252884;0;-0.40959578420431442;0.28675999301712857;0;0.5;-0.12500000000033331;0.49999999999933336;0.87499999999188393;0.26666666664979558
1;0.95;-0.28675999303153343;-0.40959578411252884;0;0.40959578420431442;-0.28675999301712857;0;0.5;-0.12500000000033331;0.49999999999933336;0.87499999999188393;0.26666666664979558
0;0.96;0.28264976557528099;0.41244285663081981;0;-0.41244285672377995;0.28264976556031612;0;0.5;-0.12500000000033681;0.49999999999932642;0.87499999999172486;0.26666666664947146
1;0.96;-0.28264976557528099;-0.41244285663081981;0;0.41244285672377995;-0.28264976556031612;0;0.5;-0.12500000000033681;0.49999999999932642;0.87499999999172486;0.26666666664947146
0;0.97;0.27851127337800619;0.41524868520714081;0;-0.41524868530127729;0.27851127336246673;0;0.5;-0.12500000000034023;0.49999999999931951;0.87499999999156465;0.26666666664914509
1;0.97;-0.27851127337800619;-0.41524868520714081;0;0.41524868530127729;-0.27851127336246673;0;0.5;-0.12500000000034023;0.49999999999931951;0.87499999999156465;0.26666666664914509
0;0.98;0.27434493028548002;0.41801298926097213;0;-0.4180129893562865;0.27434493026935114;0;0.5;-0.12500000000034373;0.49999999999931253;0.87499999999140336;0.2666666666488165
1;0.98;-0.27434493028548002;-0.41801298926097213;0;0.4180129893562865;-0.27434493026935114;0;0.5;-0.12500000000034373;0.49999999999931253;0.87499999999140336;0.2666666666488165
0;0.99;0.27015115292853981;0.42073549236421182;0;-0.42073549246070541;0.27015115291180647;0;0.5;-0.12500000000034721;0.49999999999930558;0.87499999999124097;0.26666666664848575
1;0.99;-0.27015115292853981;-0.42073549236421182;0;0.42073549246070541;-0.27015115291180647;0;0.5;-0.12500000000034721;0.49999999999930558;0.87499999999124097;0.26666666664848575
0;1;0.26593036068142639;0.42341592226881802;0;-0.423415922366492;0.2659303606640735;0;0.5;-0.12500000000035064;0.49999999999929867;0.87499999999107748;0.26666666664815286
1;1;-0.26593036068142639;-0.42341592226881802;0;0.423415922366492;-0.2659303606640735;0;0.5;-0.12500000000035064;0.49999999999929867;0.87499999999107748;0.26666666664815286
0;1.01;0.2616829756198471;0.42605401093403378;0;-0.42605401103288904;0.26168297560185938;0;0.5;-0.12500000000035413;0.49999999999929173;0.87499999999091295;0.26666666664781786
1;1.01;-0.2616829756198471;-0.42605401093403378;0;0.42605401103288904;-0.26168297560185938;0;0.5;-0.12500000000035413;0.49999999999929173;0.87499999999091295;0.26666666664781786
0;1.02;0.25740942247876869;0.42864949455319068;0;-0.42864949465322794;0.25740942246013071;0;0.5;-0.12500000000035761;0.4999999999992848;0.87499999999074737;0.26666666664748077
1;1.02;-0.25740942247876869;-0.42864949455319068;0;0.42864949465322794;-0.25740942246013071;0;0.5;-0.12500000000035761;0.4999999999992848;0.87499999999074737;0.26666666664748077
0;1.03;0.25311012860994392;0.43120211358008953;0;-0.43120211368130923;0.25311012859064008;0;0.5;-0.12500000000036108;0.49999999999927787;0.87499999999058076;0.26666666664714164
1;1.03;-0.25311012860994392;-0.43120211358008953;0;0.43120211368130923;-0.25311012859064008;0;0.5;-0.12500000000036108;0.49999999999927787;0.87499999999058076;0.26666666664714164
0;1.04;0.24878552393917694;0.43371161275495457;0;-0.43371161285735693;0.24878552391919154;0;0.5;-0.12500000000036451;0.49999999999927093;0.87499999999041315;0.2666666666468005
1;1.04;-0.24878552393917694;-0.43371161275495457;0;0.43371161285735693;-0.24878552391919154;0;0.5;-0.12500000000036451;0.49999999999927093;0.87499999999041315;0.2666666666468005
0;1.05;0.24443604092333099;0.43617774112995927;0;-0.43617774123354436;0.24443604090264817;0;0.5;-0.12500000000036801;0.49999999999926398;0.87499999999024454;0.26666666664645737
1;1.05;-0.24443604092333099;-0.43617774112995927;0;0.43617774123354436;-0.24443604090264817;0;0.5;-0.12500000000036801;0.49999999999926398;0.87499999999024454;0.26666666664645737
0;1.06;0.24006211450708312;0.43860025209432107;0;-0.4386002521990886;0.24006211448568687;0;0.5;-0.12500000000037146;0.49999999999925704;0.87499999999007495;0.2666666666461123
1;1.06;-0.24006211450708312;-0.43860025209432107;0;0.4386002521990886;-0.24006211448568687;0;0.5;-0.12500000000037146;0.49999999999925704;0.87499999999007495;0.2666666666461123
0;1.07;0.23566418207943002;0.44097890339896201;0;-0.44097890350491153;0.23566418205730422;0;0.5;-0.12500000000037493;0.49999999999925012;0.87499999998990439;0.26666666664576532
1;1.07;-0.23566418207943002;-0.44097890339896201;0;0.44097890350491153;-0.23566418205730422;0;0.5;-0.12500000000037493;0.49999999999925012;0.87499999998990439;0.26666666664576532
0;1.08;0.2312426834299495;0.44331345718073356;0;-0.44331345728786437;0.2312426834070779;0;0.5;-0.12500000000037843;0.49999999999924313;0.87499999998973292;0.26666666664541644
1;1.08;-0.2312426834299495;-0.44331345718073356;0;0.44331345728786437;-0.2312426834070779;0;0.5;-0.12500000000037843;0.49999999999924313;0.87499999998973292;0.26666666664541644
0;1.09;0.22679806070482197;0.44560367998620282;0;-0.4456036800945139;0.22679806068118821;0;0.5;-0.12500000000038194;0.49999999999923617;0.8749999999895605;0.26666666664506572
1;1.09;-0.22679806070482197;-0.44560367998620282;0;0.4456036800945139;-0.22679806068118821;0;0.5;-0.12500000000038194;0.49999999999923617;0.8749999999895605;0.26666666664506572
0;1.1;0.22233075836261615;0.4478493427949975;0;-0.44784934290448764;0.2223307583382037;0;0.5;-0.12500000000038536;0.49999999999922927;0.87499999998938716;0.26666666664471321
1;1.1;-0.22233075836261615;-0.4478493427949975;0;0.44784934290448764;-0.2223307583382037;0;0.5;-0.12500000000038536;0.49999999999922927;0.87499999998938716;0.26666666664471321
0;1.11;0.2178412231298435;0.45005022104270781;0;-0.45005022115337551;0.21784122310463577;0;0.5;-0.12500000000038886;0.49999999999922232;0.87499999998921294;0.26666666664435892
1;1.11;-0.2178412231298435;-0.45005022104270781;0;0.45005022115337551;-0.21784122310463577;0;0.5;-0.12500000000038886;0.49999999999922232;0.87499999998921294;0.26666666664435892
0;1.12;0.21332990395628607;0.45220609464334283;0;-0.45220609475518636;0.21332990393026632;0;0.5;-0.12500000000039227;0.49999999999921541;0.87499999998903784;0.26666666664400289
1;1.12;-0.21332990395628607;-0.45220609464334283;0;0.45220609475518636;-0.21332990393026632;0;0.5;-0.12500000000039227;0.49999999999921541;0.87499999998903784;0.26666666664400289
0;1.13;0.20879725197010179;0.45431674801133876;0;-0.45431674812435613;0.20879725194325321;0;0.5;-0.12500000000039574;0.49999999999920846;0.87499999998886188;0.26666666664364513
1;1.13;-0.20879725197010179;-0.45431674801133876;0;0.45431674812435613;-0.20879725194325321;0;0.5;-0.12500000000039574;0.49999999999920846;0.87499999998886188;0.26666666664364513
0;1.14;0.20424372043271213;0.45638197008311748;0;-0.45638197019730636;0.20424372040501781;0;0.5;-0.12500000000039921;0.49999999999920154;0.87499999998868508;0.26666666664328572
1;1.14;-0.20424372043271213;-0.45638197008311748;0;0.45638197019730636;-0.20424372040501781;0;0.5;-0.12500000000039921;0.49999999999920154;0.87499999998868508;0.26666666664328572
0;1.15;0.19966976469347628;0.45840155433819252;0;-0.45840155445355035;0.19966976466491917;0;0.5;-0.12500000000040274;0.49999999999919455;0.87499999998850749;0.26666666664292465
1;1.15;-0.19966976469347628;-0.45840155433819252;0;0.45840155445355035;-0.19966976466491917;0;0.5;-0.12500000000040274;0.49999999999919455;0.87499999998850749;0.26666666664292465
0;1.16;0.19507584214415657;0.46037529881982114;0;-0.4603752989363451;0.19507584211471957;0;0.5;-0.12500000000040619;0.49999999999918762;0.87499999998832907;0.266666666642562
1;1.16;-0.19507584214415657;-0.46037529881982114;0;0.4603752989363451;-0.19507584211471957;0;0.5;-0.12500000000040619;0.49999999999918762;0.87499999998832907;0.266666666642562
0;1.17;0.19046241217317972;0.4623030061551997;0;-0.46230300627288667;0.19046241214284562;0;0.5;-0.12500000000040966;0.49999999999918069;0.87499999998814986;0.26666666664219779
1;1.17;-0.19046241217317972;-0.4623030061551997;0;0.46230300627288667;-0.19046241214284562;0;0.5;-0.12500000000040966;0.49999999999918069;0.87499999998814986;0.26666666664219779
0;1.18;0.18582993611969836;0.46418448357520081;0;-0.46418448369404736;0.18582993608844989;0;0.5;-0.12500000000041311;0.49999999999917373;0.8749999999879699;0.26666666664183204
1;1.18;-0.18582993611969836;-0.46418448357520081;0;0.46418448369404736;-0.18582993608844989;0;0.5;-0.12500000000041311;0.49999999999917373;0.8749999999879699;0.26666666664183204
0;1.19;0.18117887722745749;0.46601954293365011;0;-0.46601954305365256;0.18117887719527731;0;0.5;-0.12500000000041662;0.49999999999916678;0.87499999998778918;0.2666666666414648
1;1.19;-0.18117887722745749;-0.46601954293365011;0;0.46601954305365256;-0.18117887719527731;0;0.5;-0.12500000000041662;0.49999999999916678;0.87499999998778918;0.2666666666414648
0;1.2;0.17650970059847054;0.4678080007261407;0;-0.46780800084729507;0.17650970056534121;0;0.5;-0.1250000000004201;0.49999999999915981;0.87499999998760774;0.26666666664109609
1;1.2;-0.17650970059847054;-0.4678080007261407;0;0.46780800084729507;-0.17650970056534121;0;0.5;-0.1250000000004201;0.49999999999915981;0.87499999998760774;0.26666666664109609
0;1.21;0.17182287314650949;0.46954967810838349;0;-0.4695496782306855;0.17182287311241354;0;0.5;-0.12500000000042354;0.49999999999915289;0.87499999998742556;0.26666666664072599
1;1.21;-0.17182287314650949;-0.46954967810838349;0;0.4695496782306855;-0.17182287311241354;0;0.5;-0.12500000000042354;0.49999999999915289;0.87499999998742556;0.26666666664072599
0;1.22;0.16711886355041392;0.47124440091409131;0;-0.47124440103753645;0.16711886351533378;0;0.5;-0.12500000000042702;0.49999999999914594;0.8749999999872427;0.26666666664035447
1;1.22;-0.16711886355041392;-0.47124440091409131;0;0.47124440103753645;-0.16711886351533378;0;0.5;-0.12500000000042702;0.49999999999914594;0.8749999999872427;0.26666666664035447
0;1.23;0.16239814220722351;0.47289199967239565;0;-0.47289199979697905;0.1623981421711416;0;0.5;-0.12500000000043051;0.49999999999913898;0.87499999998705917;0.26666666663998161
1;1.23;-0.16239814220722351;-0.47289199967239565;0;0.47289199979697905;-0.1623981421711416;0;0.5;-0.12500000000043051;0.49999999999913898;0.87499999998705917;0.26666666663998161
0;1.24;0.15766118118513875;0.47449230962479338;0;-0.47449230975050988;0.1576611811480374;0;0.5;-0.12500000000043399;0.49999999999913202;0.87499999998687498;0.26666666663960744
1;1.24;-0.15766118118513875;-0.47449230962479338;0;0.47449230975050988;-0.1576611811480374;0;0.5;-0.12500000000043399;0.49999999999913202;0.87499999998687498;0.26666666663960744
0;1.25;0.15290845417631446;0.47604517074162261;0;-0.47604517086846676;0.15290845413817597;0;0.5;-0.12500000000043747;0.49999999999912506;0.87499999998669014;0.26666666663923199
1;1.25;-0.15290845417631446;-0.47604517074162261;0;0.47604517086846676;-0.15290845413817597;0;0.5;-0.12500000000043747;0.49999999999912506;0.87499999998669014;0.26666666663923199
0;1.26;0.14814043644949099;0.47755042773806544;0;-0.47755042786603147;0.14814043641029764;0;0.5;-0.12500000000044097;0.49999999999911811;0.87499999998650468;0.2666666666388553
1;1.26;-0.14814043644949099;-0.47755042773806544;0;0.47755042786603147;-0.14814043641029764;0;0.5;-0.12500000000044097;0.49999999999911811;0.87499999998650468;0.2666666666388553
0;1.27;0.14335760480246779;0.47900793008967635;0;-0.47900793021875815;0.1433576047622018;0;0.5;-0.12500000000044446;0.49999999999911114;0.87499999998631863;0.26666666663847742
1;1.27;-0.14335760480246779;-0.47900793008967635;0;0.47900793021875815;-0.1433576047622018;0;0.5;-0.12500000000044446;0.49999999999911114;0.87499999998631863;0.26666666663847742
0;1.28;0.13856043751442398;0.48041753204743448;0;-0.48041753217762567;0.13856043747306757;0;0.5;-0.12500000000044788;0.4999999999991042;0.87499999998613199;0.26666666663809838
1;1.28;-0.13856043751442398;-0.48041753204743448;0;0.48041753217762567;-0.13856043747306757;0;0.5;-0.12500000000044788;0.4999999999991042;0.87499999998613199;0.26666666663809838
0;1.29;0.13374941429809084;0.48177909265231844;0;-0.48177909278361236;0.13374941425562617;0;0.5;-0.12500000000045139;0.49999999999909725;0.87499999998594477;0.26666666663771821
1;1.29;-0.13374941429809084;-0.48177909265231844;0;0.48177909278361236;-0.13374941425562617;0;0.5;-0.12500000000045139;0.49999999999909725;0.87499999998594477;0.26666666663771821
0;1.3;0.12892501625178091;0.48309247574940212;0;-0.48309247588179177;0.12892501620819014;0;0.5;-0.12500000000045483;0.4999999999990903;0.87499999998575701;0.26666666663733695
1;1.3;-0.12892501625178091;-0.48309247574940212;0;0.48309247588179177;-0.12892501620819014;0;0.5;-0.12500000000045483;0.4999999999990903;0.87499999998575701;0.26666666663733695
0;1.31;0.1240877258112786;0.48435755000147002;0;-0.48435755013494808;0.12408772576654389;0;0.5;-0.12500000000045833;0.49999999999908333;0.87499999998556873;0.26666666663695462
1;1.31;-0.1240877258112786;-0.48435755000147002;0;0.48435755013494808;-0.12408772576654389;0;0.5;-0.12500000000045833;0.49999999999908333;0.87499999998556873;0.26666666663695462
0;1.32;0.11923802670159701;0.48557418890215093;0;-0.48557418903670974;0.11923802665570053;0;0.5;-0.12500000000046178;0.49999999999907639;0.87499999998537994;0.26666666663657131
1;1.32;-0.11923802670159701;-0.48557418890215093;0;0.48557418903670974;-0.11923802665570053;0;0.5;-0.12500000000046178;0.49999999999907639;0.87499999998537994;0.26666666663657131
0;1.33;0.11437640388860584;0.4867422707885683;0;-0.48674227092419997;0.11437640384152974;0;0.5;-0.12500000000046529;0.49999999999906942;0.87499999998519065;0.26666666663618699
1;1.33;-0.11437640388860584;-0.4867422707885683;0;0.48674227092419997;-0.11437640384152974;0;0.5;-0.12500000000046529;0.49999999999906942;0.87499999998519065;0.26666666663618699
0;1.34;0.10950334353053516;0.48786167885350668;0;-0.48786167899020294;0.10950334348226159;0;0.5;-0.12500000000046874;0.49999999999906246;0.87499999998500089;0.26666666663580173
1;1.34;-0.10950334353053516;-0.48786167885350668;0;0.48786167899020294;-0.10950334348226159;0;0.5;-0.12500000000046874;0.49999999999906246;0.87499999998500089;0.26666666663580173
0;1.35;0.10461933292936001;0.48893230115709213;0;-0.48893230129484438;0.10461933287987117;0;0.5;-0.12500000000047227;0.49999999999905549;0.87499999998481068;0.26666666663541557
1;1.35;-0.10461933292936001;-0.48893230115709213;0;0.48893230129484438;-0.10461933287987117;0;0.5;-0.12500000000047227;0.49999999999905549;0.87499999998481068;0.26666666663541557
0;1.36;0.099724860482070674;0.48995403063798626;0;-0.48995403077678557;0.099724860431348733;0;0.5;-0.1250000000004757;0.49999999999904856;0.87499999998462003;0.26666666663502857
1;1.36;-0.099724860482070674;-0.48995403063798626;0;0.48995403077678557;-0.099724860431348733;0;0.5;-0.1250000000004757;0.49999999999904856;0.87499999998462003;0.26666666663502857
0;1.37;0.094820415631833271;0.49092676512409206;0;-0.49092676526392925;0.094820415579860456;0;0.5;-0.12500000000047921;0.4999999999990416;0.87499999998442897;0.26666666663464071
1;1.37;-0.094820415631833271;-0.49092676512409206;0;0.49092676526392925;-0.094820415579860456;0;0.5;-0.12500000000047921;0.4999999999990416;0.87499999998442897;0.26666666663464071
0;1.38;0.089906488819045949;0.49185040734277136;0;-0.49185040748363684;0.089906488765804524;0;0.5;-0.12500000000048265;0.49999999999903469;0.87499999998423749;0.2666666666342521
1;1.38;-0.089906488819045949;-0.49185040734277136;0;0.49185040748363684;-0.089906488765804524;0;0.5;-0.12500000000048265;0.49999999999903469;0.87499999998423749;0.2666666666342521
0;1.39;0.084983571432295207;0.49272486493057166;0;-0.49272486507245555;0.08498357137776745;0;0.5;-0.12500000000048614;0.49999999999902773;0.87499999998404566;0.26666666663386272
1;1.39;-0.084983571432295207;-0.49272486493057166;0;0.49272486507245555;-0.08498357137776745;0;0.5;-0.12500000000048614;0.49999999999902773;0.87499999998404566;0.26666666663386272
0;1.4;0.080052155759217453;0.49355005044246264;0;-0.49355005058535478;0.080052155703385697;0;0.5;-0.12500000000048962;0.4999999999990208;0.87499999998385346;0.26666666663347263
1;1.4;-0.080052155759217453;-0.49355005044246264;0;0.49355005058535478;-0.080052155703385697;0;0.5;-0.12500000000048962;0.4999999999990208;0.87499999998385346;0.26666666663347263
0;1.41;0.075112734937270637;0.49432588136058053;0;-0.49432588150447038;0.075112734880117271;0;0.5;-0.12500000000049305;0.49999999999901389;0.87499999998366091;0.26666666663308187
1;1.41;-0.075112734937270637;-0.49432588136058053;0;0.49432588150447038;-0.075112734880117271;0;0.5;-0.12500000000049305;0.49999999999901389;0.87499999998366091;0.26666666663308187
0;1.42;0.07016580290442094;0.49505228010247976;0;-0.49505228024735642;0.07016580284592841;0;0.5;-0.12500000000049651;0.49999999999900694;0.87499999998346806;0.26666666663269047
1;1.42;-0.07016580290442094;-0.49505228010247976;0;0.49505228024735642;-0.07016580284592841;0;0.5;-0.12500000000049651;0.49999999999900694;0.87499999998346806;0.26666666663269047
0;1.43;0.065211854349749382;0.49572917402889122;0;-0.49572917417474355;0.065211854289900201;0;0.5;-0.1250000000005;0.49999999999900004;0.87499999998327489;0.26666666663229849
1;1.43;-0.065211854349749382;-0.49572917402889122;0;0.49572917417474355;-0.065211854289900201;0;0.5;-0.1250000000005;0.49999999999900004;0.87499999998327489;0.26666666663229849
0;1.44;0.060251384663983325;0.49635649545098603;0;-0.49635649559780254;0.060251384602760062;0;0.5;-0.12500000000050347;0.49999999999899309;0.87499999998308146;0.26666666663190593
1;1.44;-0.060251384663983325;-0.49635649545098603;0;0.49635649559780254;-0.060251384602760062;0;0.5;-0.12500000000050347;0.49999999999899309;0.87499999998308146;0.26666666663190593
0;1.45;0.055284889889957799;0.49693418163714453;0;-0.49693418178491339;0.055284889827343107;0;0.5;-0.12500000000050696;0.49999999999898612;0.87499999998288777;0.26666666663151284
1;1.45;-0.055284889889957799;-0.49693418163714453;0;0.49693418178491339;-0.055284889827343107;0;0.5;-0.12500000000050696;0.49999999999898612;0.87499999998288777;0.26666666663151284
0;1.46;0.050312866673011658;0.49746217481922927;0;-0.49746217496793832;0.050312866608988267;0;0.5;-0.12500000000051042;0.4999999999989792;0.87499999998269382;0.26666666663111928
1;1.46;-0.050312866673011658;-0.49746217481922927;0;0.49746217496793832;-0.050312866608988267;0;0.5;-0.12500000000051042;0.4999999999989792;0.87499999998269382;0.26666666663111928
0;1.47;0.045335812211323434;0.49794042219836177;0;-0.49794042234799851;0.045335812145874163;0;0.5;-0.12500000000051383;0.49999999999897228;0.87499999998249965;0.26666666663072529
1;1.47;-0.045335812211323434;-0.49794042219836177;0;0.49794042234799851;-0.045335812145874163;0;0.5;-0.12500000000051383;0.49999999999897228;0.87499999998249965;0.26666666663072529
0;1.48;0.040354224206191953;0.49836887595020235;0;-0.49836887610075398;0.040354224139299719;0;0.5;-0.12500000000051733;0.4999999999989653;0.8749999999823053;0.26666666663033087
1;1.48;-0.040354224206191953;-0.49836887595020235;0;0.49836887610075398;-0.040354224139299719;0;0.5;-0.12500000000051733;0.4999999999989653;0.8749999999823053;0.26666666663033087
0;1.49;0.035368600812266608;0.49874749322973266;0;-0.49874749338118607;0.035368600743914423;0;0.5;-0.1250000000005208;0.49999999999895836;0.87499999998211074;0.26666666662993609
1;1.49;-0.035368600812266608;-0.49874749322973266;0;0.49874749338118607;-0.035368600743914423;0;0.5;-0.1250000000005208;0.49999999999895836;0.87499999998211074;0.26666666662993609
0;1.5;0.030379440587732315;0.49907623617554003;0;-0.49907623632788173;0.030379440517903308;0;0.5;-0.12500000000052425;0.49999999999895145;0.87499999998191602;0.266666666629541
1;1.5;-0.030379440587732315;-0.49907623617554003;0;0.49907623632788173;-0.030379440517903308;0;0.5;-0.12500000000052425;0.49999999999895145;0.87499999998191602;0.266666666629541
0;1.51;0.02538724244445411;0.49935507191360357;0;-0.49935507206681973;0.025387242373131516;0;0.5;-0.12500000000052771;0.49999999999894453;0.87499999998172116;0.26666666662914562
1;1.51;-0.02538724244445411;-0.49935507191360357;0;0.49935507206681973;-0.025387242373131516;0;0.5;-0.12500000000052771;0.49999999999894453;0.87499999998172116;0.26666666662914562
0;1.52;0.020392505598086374;0.49958397256058151;0;-0.49958397271465804;0.020392505525253551;0;0.5;-0.12500000000053122;0.49999999999893753;0.87499999998152619;0.26666666662874997
1;1.52;-0.020392505598086374;-0.49958397256058151;0;0.49958397271465804;-0.020392505525253551;0;0.5;-0.12500000000053122;0.49999999999893753;0.87499999998152619;0.26666666662874997
0;1.53;0.01539572951815169;0.49976291522659977;0;-0.49976291538152223;0.015395729443792116;0;0.5;-0.1250000000005347;0.49999999999893063;0.87499999998133109;0.26666666662835414
1;1.53;-0.01539572951815169;-0.49976291522659977;0;0.49976291538152223;-0.015395729443792116;0;0.5;-0.1250000000005347;0.49999999999893063;0.87499999998133109;0.26666666662835414
0;1.54;0.010397413878094298;0.49989188201754053;0;-0.49989188217329417;0.01039741380219159;0;0.5;-0.12500000000053814;0.49999999999892368;0.87499999998113593;0.26666666662795812
1;1.54;-0.010397413878094298;-0.49989188201754053;0;0.49989188217329417;-0.01039741380219159;0;0.5;-0.12500000000053814;0.49999999999892368;0.87499999998113593;0.26666666662795812
0;1.55;0.0053980585053131766;0.499970860036832;0;-0.4999708601934017;0.0053980584278510895;0;0.5;-0.12500000000054164;0.49999999999891676;0.87499999998094068;0.26666666662756198
1;1.55;-0.0053980585053131766;-0.499970860036832;0;0.4999708601934017;-0.0053980584278510895;0;0.5;-0.12500000000054164;0.49999999999891676;0.87499999998094068;0.26666666662756198
0;1.56;0.00039816333117971228;0.49999984138673775;0;-0.49999984154410815;0.0003981632521421458;0;0.5;-0.12500000000054508;0.49999999999890982;0.87499999998074539;0.26666666662716574
1;1.56;-0.00039816333117971228;-0.49999984138673775;0;0.49999984154410815;-0.0003981632521421458;0;0.5;-0.12500000000054508;0.49999999999890982;0.87499999998074539;0.26666666662716574
0;1.57;-0.0046017716589550166;0.49997882316914671;0;-0.49997882332730209;-0.0046017717395840114;0;0.5;-0.12500000000054859;0.49999999999890283;0.87499999998055009;0.26666666662676943
1;1.57;0.0046017716589550166;-0.49997882316914671;0;0.49997882332730209;0.0046017717395840114;0;0.5;-0.12500000000054859;0.49999999999890283;0.87499999998055009;0.26666666662676943
0;1.58;-0.0096012464757583606;0.49990780748586294;0;-0.49990780764478726;-0.0096012465579945767;0;0.5;-0.12500000000055205;0.49999999999889589;0.87499999998035477;0.26666666662637312
1;1.58;0.0096012464757583606;-0.49990780748586294;0;0.49990780764478726;0.0096012465579945767;0;0.5;-0.12500000000055205;0.49999999999889589;0.87499999998035477;0.26666666662637312
0;1.59;-0.014599761175914616;0.49978680143839532;0;-0.49978680159807226;-0.014599761259773679;0;0.5;-0.12500000000055554;0.49999999999888897;0.87499999998015945;0.26666666662597683
1;1.59;0.014599761175914616;-0.49978680143839532;0;0.49978680159807226;0.014599761259773679;0;0.5;-0.12500000000055554;0.49999999999888897;0.87499999998015945;0.26666666662597683
0;1.6;-0.019596815912118939;0.49961581712724756;0;-0.49961581728766041;-0.019596815997616302;0;0.5;-0.12500000000055896;0.49999999999888206;0.87499999997996416;0.26666666662558061
1;1.6;0.019596815912118939;-0.49961581712724756;0;0.49961581728766041;0.019596815997616302;0;0.5;-0.12500000000055896;0.49999999999888206;0.87499999997996416;0.26666666662558061
0;1.61;-0.024591910983061658;0.49939487165070801;0;-0.49939487181183984;-0.024591911070212601;0;0.5;-0.12500000000056245;0.49999999999887514;0.87499999997976892;0.26666666662518448
1;1.61;0.024591910983061658;-0.49939487165070801;0;0.49939487181183984;0.024591911070212601;0;0.5;-0.12500000000056245;0.49999999999887514;0.87499999997976892;0.26666666662518448
0;1.62;-0.02958454688339799;0.49912398710313999;0;-0.49912398726497348;-0.029584546972217608;0;0.5;-0.12500000000056592;0.49999999999886818;0.87499999997957376;0.26666666662478849
1;1.62;0.02958454688339799;-0.49912398710313999;0;0.49912398726497348;0.029584546972217608;0;0.5;-0.12500000000056592;0.49999999999886818;0.87499999997957376;0.26666666662478849
0;1.63;-0.034574224353698162;0.49880319057277228;0;-0.49880319073528989;-0.034574224444201357;0;0.5;-0.12500000000056938;0.49999999999886124;0.87499999997937869;0.26666666662439267
1;1.63;0.034574224353698162;-0.49880319057277228;0;0.49880319073528989;0.034574224444201357;0;0.5;-0.12500000000056938;0.49999999999886124;0.87499999997937869;0.26666666662439267
0;1.64;-0.039560444430372925;0.49843251413899042;0;-0.49843251430217422;-0.039560444522574414;0;0.5;-0.12500000000057284;0.49999999999885431;0.87499999997918372;0.26666666662399708
1;1.64;0.039560444430372925;-0.49843251413899042;0;0.49843251430217422;0.039560444522574414;0;0.5;-0.12500000000057284;0.49999999999885431;0.87499999997918372;0.26666666662399708
0;1.65;-0.044542708495569523;0.49801199486912867;0;-0.4980119950329604;-0.044542708589483809;0;0.5;-0.1250000000005763;0.49999999999884737;0.8749999999789889;0.26666666662360175
1;1.65;0.044542708495569523;-0.49801199486912867;0;0.4980119950329604;0.044542708589483809;0;0.5;-0.1250000000005763;0.49999999999884737;0.8749999999789889;0.26666666662360175
0;1.66;-0.049520518327033032;0.4975416748147633;0;-0.49754167497922452;-0.049520518422674423;0;0.5;-0.12500000000057977;0.49999999999884042;0.87499999997879421;0.2666666666232067
1;1.66;0.049520518327033032;-0.4975416748147633;0;0.49754167497922452;0.049520518422674423;0;0.5;-0.12500000000057977;0.49999999999884042;0.87499999997879421;0.2666666666232067
0;1.67;-0.054493376147928194;0.49702160100750764;0;-0.49702160117257954;-0.054493376245310775;0;0.5;-0.12500000000058329;0.49999999999883343;0.87499999997859971;0.26666666662281197
1;1.67;0.054493376147928194;-0.49702160100750764;0;0.49702160117257954;0.054493376245310775;0;0.5;-0.12500000000058329;0.49999999999883343;0.87499999997859971;0.26666666662281197
0;1.68;-0.059460784676616668;0.49645182545430883;0;-0.49645182561997231;-0.059460784775754311;0;0.5;-0.12500000000058677;0.49999999999882646;0.87499999997840539;0.26666666662241763
1;1.68;0.059460784676616668;-0.49645182545430883;0;0.49645182561997231;0.059460784775754311;0;0.5;-0.12500000000058677;0.49999999999882646;0.87499999997840539;0.26666666662241763
0;1.69;-0.064422247176384798;0.49583240513224719;0;-0.49583240529848283;-0.064422247277291136;0;0.5;-0.12500000000059027;0.49999999999881951;0.87499999997821128;0.26666666662202371
1;1.69;0.064422247176384798;-0.49583240513224719;0;0.49583240529848283;0.064422247277291136;0;0.5;-0.12500000000059027;0.49999999999881951;0.87499999997821128;0.26666666662202371
0;1.7;-0.069377267505116857;0.49516340198283848;0;-0.49516340214962667;-0.069377267607805299;0;0.5;-0.12500000000059372;0.49999999999881258;0.87499999997801737;0.26666666662163022
1;1.7;0.069377267505116857;-0.49516340198283848;0;0.49516340214962667;0.069377267607805299;0;0.5;-0.12500000000059372;0.49999999999881258;0.87499999997801737;0.26666666662163022
0;1.71;-0.074325350164908835;0.49444488290583999;0;-0.49444488307316076;-0.074325350269392562;0;0.5;-0.12500000000059717;0.49999999999880564;0.87499999997782371;0.26666666662123723
1;1.71;0.074325350164908835;-0.49444488290583999;0;0.49444488307316076;0.074325350269392562;0;0.5;-0.12500000000059717;0.49999999999880564;0.87499999997782371;0.26666666662123723
0;1.72;-0.079266000351617863;0.49367691975256045;0;-0.49367691992039353;-0.079266000457909797;0;0.5;-0.12500000000060064;0.4999999999987987;0.87499999997763032;0.26666666662084477
1;1.72;0.079266000351617863;-0.49367691975256045;0;0.49367691992039353;0.079266000457909797;0;0.5;-0.12500000000060064;0.4999999999987987;0.87499999997763032;0.26666666662084477
0;1.73;-0.084198724004342154;0.49285958931867502;0;-0.49285958948699987;-0.084198724112454978;0;0.5;-0.12500000000060411;0.49999999999879172;0.87499999997743723;0.26666666662045286
1;1.73;0.084198724004342154;-0.49285958931867502;0;0.49285958948699987;0.084198724112454978;0;0.5;-0.12500000000060411;0.49999999999879172;0.87499999997743723;0.26666666662045286
0;1.74;-0.089123027854826717;0.49199297333654579;0;-0.49199297350534166;-0.089123027964772852;0;0.5;-0.12500000000060759;0.49999999999878478;0.87499999997724443;0.26666666662006156
1;1.74;0.089123027854826717;-0.49199297333654579;0;0.49199297350534166;0.089123027964772852;0;0.5;-0.12500000000060759;0.49999999999878478;0.87499999997724443;0.26666666662006156
0;1.75;-0.094038419476789759;0.49107715846704864;0;-0.49107715863629442;-0.094038419588581376;0;0.5;-0.12500000000061108;0.49999999999877783;0.87499999997705195;0.26666666661967091
1;1.75;0.094038419476789759;-0.49107715846704864;0;0.49107715863629442;0.094038419588581376;0;0.5;-0.12500000000061108;0.49999999999877783;0.87499999997705195;0.26666666661967091
0;1.76;-0.098944407335164922;0.49011223629090717;0;-0.4901122364605815;-0.098944407448813915;0;0.5;-0.12500000000061454;0.49999999999877091;0.87499999997685981;0.26666666661928095
1;1.76;0.098944407335164922;-0.49011223629090717;0;0.4901122364605815;0.098944407448813915;0;0.5;-0.12500000000061454;0.49999999999877091;0.87499999997685981;0.26666666661928095
0;1.77;-0.10384050083525437;0.48909830329953469;0;-0.48909830346961597;-0.10384050095077235;0;0.5;-0.125000000000618;0.499999999998764;0.87499999997666802;0.2666666666188917
1;1.77;0.10384050083525437;-0.48909830329953469;0;0.48909830346961597;0.10384050095077235;0;0.5;-0.125000000000618;0.499999999998764;0.87499999997666802;0.2666666666188917
0;1.78;-0.10872621037178783;0.48803546088538519;0;-0.48803546105585155;-0.10872621048918614;0;0.5;-0.1250000000006215;0.499999999998757;0.87499999997647665;0.26666666661850319
1;1.78;0.10872621037178783;-0.48803546088538519;0;0.48803546105585155;0.10872621048918614;0;0.5;-0.1250000000006215;0.499999999998757;0.87499999997647665;0.26666666661850319
0;1.79;-0.11360104737788272;0.48692381533181428;0;-0.48692381550264358;-0.11360104749717242;0;0.5;-0.12500000000062496;0.49999999999875004;0.87499999997628566;0.26666666661811549
1;1.79;0.11360104737788272;-0.48692381533181428;0;0.48692381550264358;0.11360104749717242;0;0.5;-0.12500000000062496;0.49999999999875004;0.87499999997628566;0.26666666661811549
0;1.8;-0.11846452437390047;0.48576347780245077;0;-0.48576347797362063;-0.11846452449509233;0;0.5;-0.12500000000062848;0.49999999999874308;0.87499999997609509;0.26666666661772863
1;1.8;0.11846452437390047;-0.48576347780245077;0;0.48576347797362063;0.11846452449509233;0;0.5;-0.12500000000062848;0.49999999999874308;0.87499999997609509;0.26666666661772863
0;1.81;-0.12331615501619402;0.48455456433008048;0;-0.48455456450156831;-0.12331615513929851;0;0.5;-0.12500000000063189;0.49999999999873616;0.87499999997590494;0.26666666661734264
1;1.81;0.12331615501619402;-0.48455456433008048;0;0.48455456450156831;0.12331615513929851;0;0.5;-0.12500000000063189;0.49999999999873616;0.87499999997590494;0.26666666661734264
0;1.82;-0.12815545414574181;0.4832971958050431;0;-0.48329719597682597;-0.12815545427076913;0;0.5;-0.12500000000063539;0.49999999999872922;0.87499999997571526;0.26666666661695756
1;1.82;0.12815545414574181;-0.4832971958050431;0;0.48329719597682597;0.12815545427076913;0;0.5;-0.12500000000063539;0.49999999999872922;0.87499999997571526;0.26666666661695756
0;1.83;-0.13298193783666329;0.48199149796314311;0;-0.48199149813519798;-0.13298193796362329;0;0.5;-0.12500000000063884;0.49999999999872228;0.87499999997552605;0.26666666661657342
1;1.83;0.13298193783666329;-0.48199149796314311;0;0.48199149813519798;0.13298193796362329;0;0.5;-0.12500000000063884;0.49999999999872228;0.87499999997552605;0.26666666661657342
0;1.84;-0.13779512344461106;0.48063760137307654;0;-0.48063760154538004;-0.13779512357351331;0;0.5;-0.12500000000064234;0.49999999999871535;0.87499999997533733;0.26666666661619026
1;1.84;0.13779512344461106;-0.48063760137307654;0;0.48063760154538004;0.13779512357351331;0;0.5;-0.12500000000064234;0.49999999999871535;0.87499999997533733;0.26666666661619026
0;1.85;-0.14259452965503497;0.47923564142337399;0;-0.47923564159590254;-0.14259452978588874;0;0.5;-0.12500000000064577;0.49999999999870841;0.87499999997514913;0.26666666661580813
1;1.85;0.14259452965503497;-0.47923564142337399;0;0.47923564159590254;0.14259452978588874;0;0.5;-0.12500000000064577;0.49999999999870841;0.87499999997514913;0.26666666661580813
0;1.86;-0.14737967653131309;0.477785758308862;0;-0.47778575848159177;-0.14737967666412732;0;0.5;-0.1250000000006493;0.49999999999870143;0.87499999997496148;0.26666666661542704
1;1.86;0.14737967653131309;-0.477785758308862;0;0.47778575848159177;0.14737967666412732;0;0.5;-0.1250000000006493;0.49999999999870143;0.87499999997496148;0.26666666661542704
0;1.87;-0.15215008556274509;0.47628809701664365;0;-0.47628809718955067;-0.15215008569752836;0;0.5;-0.12500000000065273;0.4999999999986945;0.87499999997477435;0.26666666661504707
1;1.87;0.15215008556274509;-0.47628809701664365;0;0.47628809718955067;0.15215008569752836;0;0.5;-0.12500000000065273;0.4999999999986945;0.87499999997477435;0.26666666661504707
0;1.88;-0.15690527971240276;0.47474280731160001;0;-0.47474280748466002;-0.15690527984916336;0;0.5;-0.12500000000065624;0.49999999999868756;0.8749999999745878;0.26666666661466822
1;1.88;0.15690527971240276;-0.47474280731160001;0;0.47474280748466002;0.15690527984916336;0;0.5;-0.12500000000065624;0.49999999999868756;0.8749999999745878;0.26666666661466822
0;1.89;-0.16164478346483344;0.47315004372141373;0;-0.47315004389460225;-0.16164478360357931;0;0.5;-0.12500000000065968;0.49999999999868063;0.87499999997440184;0.26666666661429055
1;1.89;0.16164478346483344;-0.47315004372141373;0;0.47315004389460225;0.16164478360357931;0;0.5;-0.12500000000065968;0.49999999999868063;0.87499999997440184;0.26666666661429055
0;1.9;-0.16636812287361108;0.4715099655211164;0;-0.47150996569440878;-0.16636812301434983;0;0.5;-0.12500000000066311;0.49999999999867372;0.87499999997421647;0.2666666666139141
1;1.9;0.16636812287361108;-0.4715099655211164;0;0.47150996569440878;0.16636812301434983;0;0.5;-0.12500000000066311;0.49999999999867372;0.87499999997421647;0.2666666666139141
0;1.91;-0.17107482560873055;0.46982273671716118;0;-0.46982273689053261;-0.17107482575146943;0;0.5;-0.12500000000066659;0.49999999999866678;0.87499999997403174;0.26666666661353888
1;1.91;0.17107482560873055;-0.46982273671716118;0;0.46982273689053261;0.17107482575146943;0;0.5;-0.12500000000066659;0.49999999999866678;0.87499999997403174;0.26666666661353888
0;1.92;-0.17576442100384021;0.46808852603102236;0;-0.4680885262044478;-0.17576442114858612;0;0.5;-0.12500000000067007;0.49999999999865984;0.87499999997384765;0.26666666661316493
1;1.92;0.17576442100384021;-0.46808852603102236;0;0.4680885262044478;0.17576442114858612;0;0.5;-0.12500000000067007;0.49999999999865984;0.87499999997384765;0.26666666661316493
0;1.93;-0.18043644010330814;0.46630750688232331;0;-0.46630750705577745;-0.18043644025006766;0;0.5;-0.12500000000067354;0.49999999999865288;0.87499999997366424;0.26666666661279231
1;1.93;0.18043644010330814;-0.46630750688232331;0;0.46630750705577745;0.18043644025006766;0;0.5;-0.12500000000067354;0.49999999999865288;0.87499999997366424;0.26666666661279231
0;1.94;-0.18509041570911738;0.46447985737149461;0;-0.46447985754495202;-0.18509041585789671;0;0.5;-0.12500000000067704;0.49999999999864593;0.8749999999734815;0.26666666661242105
1;1.94;0.18509041570911738;-0.46447985737149461;0;0.46447985754495202;0.18509041585789671;0;0.5;-0.12500000000067704;0.49999999999864593;0.8749999999734815;0.26666666661242105
0;1.95;-0.18972588242758526;0.46260576026196421;0;-0.4626057604353993;-0.18972588257839021;0;0.5;-0.12500000000068053;0.49999999999863897;0.87499999997329947;0.26666666661205117
1;1.95;0.18972588242758526;-0.46260576026196421;0;0.4626057604353993;0.18972588257839021;0;0.5;-0.12500000000068053;0.49999999999863897;0.87499999997329947;0.26666666661205117
0;1.96;-0.1943423767159024;0.46068540296188121;0;-0.46068540313526823;-0.19434237686873848;0;0.5;-0.12500000000068404;0.49999999999863198;0.87499999997311816;0.26666666661168271
1;1.96;0.1943423767159024;-0.46068540296188121;0;0.46068540313526823;0.19434237686873848;0;0.5;-0.12500000000068404;0.49999999999863198;0.87499999997311816;0.26666666661168271
0;1.97;-0.1989394369284867;0.45871897750537532;0;-0.4587189776786883;-0.19893943708335898;0;0.5;-0.12500000000068749;0.49999999999862505;0.87499999997293757;0.26666666661131574
1;1.97;0.1989394369284867;-0.45871897750537532;0;0.4587189776786883;0.19893943708335898;0;0.5;-0.12500000000068749;0.49999999999862505;0.87499999997293757;0.26666666661131574
0;1.98;-0.20351660336314734;0.45670668053335339;0;-0.45670668070656623;-0.2035166035200606;0;0.5;-0.12500000000069095;0.49999999999861812;0.87499999997275773;0.26666666661095027
1;1.98;0.20351660336314734;-0.45670668053335339;0;0.45670668070656623;0.2035166035200606;0;0.5;-0.12500000000069095;0.49999999999861812;0.87499999997275773;0.26666666661095027
0;1.99;-0.20807341830705478;0.4546487132738356;0;-0.45464871344692209;-0.20807341846601335;0;0.5;-0.12500000000069444;0.49999999999861116;0.87499999997257866;0.26666666661058631
1;1.99;0.20807341830705478;-0.4546487132738356;0;0.45464871344692209;0.20807341846601335;0;0.5;-0.12500000000069444;0.49999999999861116;0.87499999997257866;0.26666666661058631
0;2;-0.21260942608251157;0.45254528152183293;0;-0.45254528169476665;-0.21260942624351942;0;0.5;-0.12500000000069789;0.4999999999986042;0.87499999997240039;0.26666666661022393
1;2;0.21260942608251157;-0.45254528152183293;0;0.45254528169476665;0.21260942624351942;0;0.5;-0.12500000000069789;0.4999999999986042;0.87499999997240039;0.26666666661022393
