# column style format: id;time;x;y;z;vx;vy;vz;mass;totalEnergy;totalSpecificAngularMomentum;rungeLenzVector;semiMajorAxis
# this file will be overwritten without any precaution
# used integrator was hermite
0;0;0.49937513019195579;0.024989584636225391;0;-0.024989586588536169;0.49937513012685164;0;0.5;-0.12499999998920006;0.50000000002159981;0.87499999998783106;0.26666666666547675
1;0;-0.49937513019195579;-0.024989584636225391;0;0.024989586588536169;-0.49937513012685164;0;0.5;-0.12499999998920006;0.50000000002159981;0.87499999998783106;0.26666666666547675
0;0.05;0.49750208253016637;0.049916708321367444;0;-0.049916712229230657;0.49750208239959232;0;0.5;-0.12499999997840026;0.50000000004319949;0.87499999995127349;0.26666666661572623
1;0.05;-0.49750208253016637;-0.049916708321367444;0;0.049916712229230657;-0.49750208239959232;0;0.5;-0.12499999997840026;0.50000000004319949;0.87499999995127349;0.26666666661572623
0;0.1;0.49438553865786727;0.074719066223041752;0;-0.074719072099304479;0.49438553845975847;0;0.5;-0.12499999996760035;0.50000000006479922;0.87499999989041861;0.26666666651759711
1;0.1;-0.49438553865786727;-0.074719066223041752;0;0.074719072099304479;-0.49438553845975847;0;0.5;-0.12499999996760035;0.50000000006479922;0.87499999989041861;0.26666666651759711
0;0.15;0.49003328831075338;0.099334665358182195;0;-0.099334673224990455;0.49003328803991603;0;0.5;-0.12499999995680053;0.50000000008639887;0.87499999980541856;0.2666666663713922
1;0.15;-0.49003328831075338;-0.099334665358182195;0;0.099334673224990455;-0.49003328803991603;0;0.5;-0.12499999995680053;0.50000000008639887;0.87499999980541856;0.2666666663713922
0;0.2;0.48445620984672466;0.12370197954311966;0;-0.12370198943144695;0.48445620949344909;0;0.5;-0.12499999994600071;0.50000000010799846;0.8749999996964858;0.26666666617753453
1;0.2;-0.48445620984672466;-0.12370197954311966;0;0.12370198943144695;-0.48445620949344909;0;0.5;-0.12499999994600071;0.50000000010799846;0.8749999996964858;0.26666666617753453
0;0.25;0.477668243055696;0.14776010317690924;0;-0.14776011512592543;0.47766824260443047;0;0.5;-0.12499999993520093;0.50000000012959797;0.8749999995638926;0.26666666593656622
1;0.25;-0.477668243055696;-0.14776010317690924;0;0.14776011512592543;-0.47766824260443047;0;0.5;-0.12499999993520093;0.50000000012959797;0.8749999995638926;0.26666666593656622
0;0.3;0.46968635431743277;0.17144890347352879;0;-0.17144891752981681;0.46968635374553452;0;0.5;-0.12499999992440115;0.50000000015119751;0.87499999940797034;0.26666666564914719
1;0.3;-0.46968635431743277;-0.17144890347352879;0;0.17144891752981681;-0.46968635374553452;0;0.5;-0.12499999992440115;0.50000000015119751;0.87499999940797034;0.26666666564914719
0;0.35;0.4605304941944981;0.1947091707624489;0;-0.19470918697907794;0.46053049347107794;0;0.5;-0.12499999991360141;0.50000000017279696;0.8749999992291088;0.26666666531605341
1;0.35;-0.4605304941944981;-0.1947091707624489;0;0.19470918697907794;-0.46053049347107794;0;0.5;-0.12499999991360141;0.50000000017279696;0.8749999992291088;0.26666666531605341
0;0.4;0.45022354756630745;0.21748276648190235;0;-0.21748278491736825;0.45022354665118269;0;0.5;-0.12499999990280165;0.50000000019439637;0.87499999902775501;0.266666664938175
1;0.4;-0.45022354756630745;-0.21748276648190235;0;0.21748278491736825;-0.45022354665118269;0;0.5;-0.12499999990280165;0.50000000019439637;0.87499999902775501;0.266666664938175
0;0.45;0.43879127642892801;0.23971276849494788;0;-0.23971278921199263;0.43879127527169737;0;0.5;-0.12499999989200202;0.50000000021599567;0.87499999880441226;0.26666666451651404
1;0.45;-0.43879127642892801;-0.23971276849494788;0;0.23971278921199263;-0.43879127527169737;0;0.5;-0.12499999989200202;0.50000000021599567;0.87499999880441226;0.26666666451651404
0;0.5;0.42626225550359309;0.2613436133651148;0;-0.26134363642943853;0.42626225404284618;0;0.5;-0.12499999988120223;0.50000000023759504;0.87499999855963875;0.26666666405218211
1;0.5;-0.42626225550359309;-0.2613436133651148;0;0.26134363642943853;-0.42626225404284618;0;0.5;-0.12499999988120223;0.50000000023759504;0.87499999855963875;0.26666666405218211
0;0.55;0.41266780081487475;0.28232123523601421;0;-0.2823212607148945;0.41266779897754752;0;0.5;-0.12499999987040254;0.50000000025919436;0.87499999829404631;0.26666666354639735
1;0.55;-0.41266780081487475;-0.28232123523601421;0;0.2823212607148945;-0.41266779897754752;0;0.5;-0.12499999987040254;0.50000000025919436;0.87499999829404631;0.26666666354639735
0;0.6;0.39804189141703233;0.30259320096779097;0;-0.30259322892862495;0.39804188911791766;0;0.5;-0.1249999998596029;0.50000000028079358;0.87499999800829881;0.26666666300048151
1;0.6;-0.39804189141703233;-0.30259320096779097;0;0.30259322892862495;-0.39804188911791766;0;0.5;-0.1249999998596029;0.50000000028079358;0.87499999800829881;0.26666666300048151
0;0.65;0.38242108446417805;0.32210884119264638;0;-0.32210887170143238;0.38242108160559934;0;0.5;-0.1249999998488032;0.50000000030239284;0.87499999770311041;0.26666666241585674
1;0.65;-0.38242108446417805;-0.32210884119264638;0;0.32210887170143238;-0.38242108160559934;0;0.5;-0.1249999998488032;0.50000000030239284;0.87499999770311041;0.26666666241585674
0;0.7;0.36584442383653859;0.34081937696186126;0;-0.34081941008163735;0.36584442030819281;0;0.5;-0.12499999983800358;0.50000000032399199;0.874999997379244;0.26666666179404183
1;0.7;-0.36584442383653859;-0.34081937696186126;0;0.34081941008163735;-0.36584442030819281;0;0.5;-0.12499999983800358;0.50000000032399199;0.874999997379244;0.26666666179404183
0;0.75;0.34835334255119921;0.3586780416677684;0;-0.35867807745702585;0.34835333823017345;0;0.5;-0.12499999982720402;0.5000000003455911;0.87499999703750902;0.26666666113664859
1;0.75;-0.34835334255119921;-0.3586780416677684;0;0.35867807745702585;-0.34835333823017345;0;0.5;-0.12499999982720402;0.5000000003455911;0.87499999703750902;0.26666666113664859
0;0.8;0.32999155920125023;0.37564019793593312;0;-0.37564023644702293;0.32999155395221413;0;0.5;-0.12499999981640444;0.50000000036719008;0.87499999667875968;0.26666666044537775
1;0.8;-0.32999155920125023;-0.37564019793593312;0;0.37564023644702293;-0.32999155395221413;0;0.5;-0.12499999981640444;0.50000000036719008;0.87499999667875968;0.26666666044537775
0;0.85;0.31080496868218338;0.39166344919537238;0;-0.39166349047292376;0.31080496235775862;0;0.5;-0.12499999980560488;0.50000000038878908;0.8749999963038926;0.26666665972201471
1;0.85;-0.31080496868218338;-0.39166344919537238;0;0.39166349047292376;-0.31080496235775862;0;0.5;-0.12499999980560488;0.50000000038878908;0.8749999963038926;0.26666665972201471
0;0.9;0.29084152747866338;0.40670774564794521;0;-0.40670778972731408;0.29084151991996798;0;0.5;-0.1249999997948053;0.50000000041038806;0.87499999591384477;0.2666666589684251
1;0.9;-0.29084152747866338;-0.40670774564794521;0;0.40670778972731408;-0.29084151991996798;0;0.5;-0.1249999997948053;0.50000000041038806;0.87499999591384477;0.2666666589684251
0;0.95;0.27015113379839717;0.4207354843720455;0;-0.42073553127781166;0.27015112483576226;0;0.5;-0.12499999978400579;0.50000000043198699;0.87499999550959113;0.26666665818655009
1;0.95;-0.27015113379839717;-0.4207354843720455;0;0.42073553127781166;-0.27015112483576226;0;0.5;-0.12499999978400579;0.50000000043198699;0.87499999550959113;0.26666665818655009
0;1;0.24878550285270176;0.43371160331039027;0;-0.43371165305492132;0.24878549230655519;0;0.5;-0.12499999977320628;0.5000000004535859;0.87499999509214207;0.26666665737840154
1;1;-0.24878550285270176;-0.43371160331039027;0;0.43371165305492132;-0.24878549230655519;0;0.5;-0.12499999977320628;0.5000000004535859;0.87499999509214207;0.26666665737840154
0;1.05;0.22679803759550349;0.44560366890698211;0;-0.44560372148908112;0.22679802527741375;0;0.5;-0.12499999976240675;0.50000000047518481;0.874999994662541;0.26666665654605699
1;1.05;-0.22679803759550349;-0.44560366890698211;0;0.44560372148908112;-0.22679802527741375;0;0.5;-0.12499999976240675;0.50000000047518481;0.874999994662541;0.26666665654605699
0;1.1;0.20424369524385252;0.45638195717419838;0;-0.45638201257785227;0.20424368095772397;0;0.5;-0.12499999975160725;0.50000000049678372;0.87499999422186169;0.26666665569165443
1;1.1;-0.20424369524385252;-0.45638195717419838;0;0.45638201257785227;-0.20424368095772397;0;0.5;-0.12499999975160725;0.50000000049678372;0.87499999422186169;0.26666665569165443
0;1.15;0.18117884991358049;0.46601952798738122;0;-0.46601958618062544;0.18117883345698968;0;0.5;-0.12499999974080771;0.50000000051838265;0.87499999377120561;0.26666665481738704
1;1.15;-0.18117884991358049;-0.46601952798738122;0;0.46601958618062544;-0.18117883345698968;0;0.5;-0.12499999974080771;0.50000000051838265;0.87499999377120561;0.26666665481738704
0;1.2;0.15766115171343947;0.47449229242122937;0;-0.47449235335514361;0.15766113287910088;0;0.5;-0.12499999973000822;0.50000000053998152;0.87499999331169918;0.26666665392549758
1;1.2;-0.15766115171343947;-0.47449229242122937;0;0.47449235335514361;-0.15766113287910088;0;0.5;-0.12499999973000822;0.50000000053998152;0.87499999331169918;0.26666665392549758
0;1.25;0.13374938264991276;0.48177907295968536;0;-0.48177913656753352;0.1337493612272603;0;0.5;-0.12499999971920868;0.50000000056158038;0.87499999284449093;0.26666665301827292
1;1.25;-0.13374938264991276;-0.48177907295968536;0;0.48177913656753352;-0.1337493612272603;0;0.5;-0.12499999971920868;0.50000000056158038;0.87499999284449093;0.26666665301827292
0;1.3;0.10950330970285913;0.48786165642882318;0;-0.48786172262534988;0.10950328547972886;0;0.5;-0.12499999970840917;0.50000000058317924;0.87499999237074862;0.26666665209803822
1;1.3;-0.10950330970285913;-0.48786165642882318;0;0.48786172262534988;-0.10950328547972886;0;0.5;-0.12499999970840917;0.50000000058317924;0.87499999237074862;0.26666665209803822
0;1.35;0.084983535439224406;0.49272483952043095;0;-0.49272490820132486;0.084983508203622535;0;0.5;-0.12499999969760969;0.50000000060477807;0.87499999189165635;0.26666665116715116
1;1.35;-0.084983535439224406;-0.49272483952043095;0;0.49272490820132486;-0.084983508203622535;0;0.5;-0.12499999969760969;0.50000000060477807;0.87499999189165635;0.26666665116715116
0;1.4;0.060251346538207518;0.49635646679250212;0;-0.49635653783403483;0.060251316080146791;0;0.5;-0.12499999968681022;0.50000000062637685;0.87499999140841164;0.26666665022799607
1;1.4;-0.060251346538207518;-0.49635646679250212;0;0.49635653783403483;-0.060251316080146791;0;0.5;-0.12499999968681022;0.50000000062637685;0.87499999140841164;0.26666665022799607
0;1.45;0.035368560606488478;0.49874746105165213;0;-0.49874753431050017;0.035368526719875289;0;0.5;-0.12499999967601076;0.50000000064797567;0.8749999909222223;0.26666664928297795
1;1.45;-0.035368560606488478;-0.49874746105165213;0;0.49874753431050017;-0.035368526719875289;0;0.5;-0.12499999967601076;0.50000000064797567;0.8749999909222223;0.26666664928297795
0;1.5;0.010397371666400264;0.49989184604151921;0;-0.49989192135477423;0.010397334150953876;0;0.5;-0.12499999966521126;0.5000000006695745;0.87499999043430356;0.26666664833451641
1;1.5;-0.010397371666400264;-0.49989184604151921;0;0.49989192135477423;-0.010397334150953876;0;0.5;-0.12499999966521126;0.5000000006695745;0.87499999043430356;0.26666664833451641
0;1.55;-0.014599805296756809;0.49978676138043882;0;-0.49978683856580919;-0.014599846633571761;0;0.5;-0.12499999965441181;0.50000000069117326;0.87499998994587499;0.26666664738503969
1;1.55;0.014599805296756809;-0.49978676138043882;0;0.49978683856580919;0.014599846633571761;0;0.5;-0.12499999965441181;0.50000000069117326;0.87499998994587499;0.26666664738503969
0;1.6;-0.039560490339707481;0.49843246971105365;0;-0.4984325485672596;-0.039560535680754495;0;0.5;-0.12499999964361234;0.50000000071277208;0.87499998945815736;0.2666666464369786
1;1.6;0.039560490339707481;-0.49843246971105365;0;0.4984325485672596;0.039560535680754495;0;0.5;-0.12499999964361234;0.50000000071277208;0.87499998945815736;0.2666666464369786
0;1.65;-0.064422294728569598;0.4958323560439874;0;-0.49583243635134883;-0.064422344245139207;0;0.5;-0.12499999963281286;0.50000000073437088;0.87499998897236976;0.26666664549276039
1;1.65;0.064422294728569598;-0.4958323560439874;0;0.49583243635134883;0.064422344245139207;0;0.5;-0.12499999963281286;0.50000000073437088;0.87499998897236976;0.26666664549276039
0;1.7;-0.089123076878260474;0.49199291929722161;0;-0.49199300081843667;-0.089123130728213831;0;0.5;-0.12499999962201336;0.50000000075596971;0.87499998848972636;0.26666664455480268
1;1.7;0.089123076878260474;-0.49199291929722161;0;0.49199300081843667;0.089123130728213831;0;0.5;-0.12499999962201336;0.50000000075596971;0.87499998848972636;0.26666664455480268
0;1.75;-0.11360109767417413;0.48692375605232119;0;-0.48692383853343085;-0.11360115600015035;0;0.5;-0.12499999961121386;0.50000000077756858;0.87499998801143352;0.26666664362550746
1;1.75;0.11360109767417413;-0.48692375605232119;0;0.48692383853343085;0.11360115600015035;0;0.5;-0.12499999961121386;0.50000000077756858;0.87499998801143352;0.26666664362550746
0;1.8;-0.13779517478790559;0.48063753656810798;0;-0.48063761973964092;-0.13779523771561128;0;0.5;-0.12499999960041436;0.5000000007991674;0.87499998753868676;0.26666664270725506
1;1.8;0.13779517478790559;-0.48063753656810798;0;0.48063761973964092;0.13779523771561128;0;0.5;-0.12499999960041436;0.5000000007991674;0.87499998753868676;0.26666664270725506
0;1.85;-0.16164483560131276;0.47314997311173468;0;-0.4731500566900243;-0.16164490323791192;0;0.5;-0.12499999958961488;0.50000000082076624;0.87499998707266768;0.26666664180239822
1;1.85;0.16164483560131276;-0.47314997311173468;0;0.4731500566900243;0.16164490323791192;0;0.5;-0.12499999958961488;0.50000000082076624;0.87499998707266768;0.26666664180239822
0;1.9;-0.18509046835668461;0.46447978068631324;0;-0.46447986437497718;-0.1850905407893057;0;0.5;-0.12499999957881539;0.50000000084236509;0.87499998661454107;0.2666666409132562
1;1.9;0.18509046835668461;-0.46447978068631324;0;0.46447986437497718;0.1850905407893057;0;0.5;-0.12499999957881539;0.50000000084236509;0.87499998661454107;0.2666666409132562
0;1.95;-0.20807347115521832;0.45464863025325736;0;-0.45464871374482785;-0.20807354844959478;0;0.5;-0.12499999956801587;0.50000000086396393;0.87499998616545203;0.26666664004210897
1;1.95;0.20807347115521832;-0.45464863025325736;0;0.45464871374482785;0.20807354844959478;0;0.5;-0.12499999956801587;0.50000000086396393;0.87499998616545203;0.26666664004210897
0;2;-0.2305363984313856;0.44368109456625754;0;-0.44368117754394987;-0.23053648063064472;0;0.5;-0.12499999955721633;0.50000000088556288;0.87499998572652299;0.26666663919119157
1;2;0.2305363984313856;-0.44368109456625754;0;0.44368117754394987;0.23053648063064472;0;0.5;-0.12499999955721633;0.50000000088556288;0.87499998572652299;0.26666663919119157
0;2.05;-0.25242310453707778;0.43160458675227414;0;-0.43160466889187865;-0.25242319166069138;0;0.5;-0.12499999954641681;0.50000000090716184;0.87499998529885109;0.26666663836268838
1;2.05;0.25242310453707778;-0.43160458675227414;0;0.43160466889187865;0.25242319166069138;0;0.5;-0.12499999954641681;0.50000000090716184;0.87499998529885109;0.26666663836268838
0;2.1;-0.27367888407664259;0.41844929179306395;0;-0.41844937276494565;-0.27367897611955183;0;0.5;-0.12499999953561722;0.50000000092876078;0.8749999848835053;0.26666663755872783
1;2.1;0.27367888407664259;-0.41844929179306395;0;0.41844937276494565;0.27367897611955183;0;0.5;-0.12499999953561722;0.50000000092876078;0.8749999848835053;0.26666663755872783
0;2.15;-0.29425060864204722;0.40424809107849885;0;-0.40424817054968792;-0.29425070557397204;0;0.5;-0.12499999952481769;0.50000000095035978;0.87499998448152376;0.26666663678137703
1;2.15;0.29425060864204722;-0.40424809107849885;0;0.40424817054968792;0.29425070557397204;0;0.5;-0.12499999952481769;0.50000000095035978;0.87499998448152376;0.26666663678137703
0;2.2;-0.3140868596063992;0.38903648022025383;0;-0.38903655785660929;-0.31408696137134118;0;0.5;-0.12499999951401811;0.50000000097195876;0.87499998409391121;0.26666663603263648
1;2.2;0.3140868596063992;-0.38903648022025383;0;0.38903655785660929;0.31408696137134118;0;0.5;-0.12499999951401811;0.50000000097195876;0.87499998409391121;0.26666663603263648
0;2.25;-0.33313805664390966;0.37285248033128704;0;-0.3728525557997141;-0.33313816315985539;0;0.5;-0.12499999950321851;0.50000000099355786;0.87499998372163643;0.26666663531443527
1;2.25;0.33313805664390966;-0.37285248033128704;0;0.3728525557997141;0.33313816315985539;0;0.5;-0.12499999950321851;0.50000000099355786;0.87499998372163643;0.26666663531443527
0;2.3;-0.35135658165506389;0.35573654299286561;0;-0.35573661596356793;-0.35135669281389409;0;0.5;-0.1249999994924189;0.50000000101515697;0.87499998336562998;0.26666663462862609
1;2.3;0.35135658165506389;-0.35573654299286561;0;0.35573661596356793;0.35135669281389409;0;0.5;-0.1249999994924189;0.50000000101515697;0.87499998336562998;0.26666663462862609
0;2.35;-0.36869689778724962;0.33773144914667097;0;-0.33773151929541761;-0.36869701345485745;0;0.5;-0.12499999948161932;0.50000000103675607;0.87499998302678167;0.26666663397698067
1;2.35;0.36869689778724962;-0.33773144914667097;0;0.33773151929541761;0.36869701345485745;0;0.5;-0.12499999948161932;0.50000000103675607;0.87499998302678167;0.26666663397698067
0;2.4;-0.38511566325335228;0.31888220216469976;0;-0.31888226917508689;-0.38511578326997153;0;0.5;-0.12499999947081964;0.50000000105835524;0.87499998270593843;0.26666663336118541
1;2.4;0.38511566325335228;-0.31888220216469976;0;0.31888226917508689;0.38511578326997153;0;0.5;-0.12499999947081964;0.50000000105835524;0.87499998270593843;0.26666663336118541
0;2.45;-0.40057183966382748;0.29923591536423028;0;-0.29923597892991705;-0.40057196384457094;0;0.5;-0.12499999946002003;0.50000000107995444;0.87499998240390221;0.26666663278283705
1;2.45;0.40057183966382748;-0.29923591536423028;0;0.29923597892991705;0.40057196384457094;0;0.5;-0.12499999946002003;0.50000000107995444;0.87499998240390221;0.26666663278283705
0;2.5;-0.41502679460147657;0.27884169424900856;0;-0.2788417540759075;-0.41502692273708103;0;0.5;-0.12499999944922035;0.5000000011015537;0.87499998212142794;0.26666663224343875
1;2.5;0.41502679460147657;-0.27884169424900856;0;0.2788417540759075;0.41502692273708103;0;0.5;-0.12499999944922035;0.5000000011015537;0.87499998212142794;0.26666663224343875
0;2.55;-0.42844439818253943;0.25775051377098995;0;-0.25775056957939174;-0.4284445300403133;0;0.5;-0.12499999943842066;0.50000000112315297;0.87499998185922166;0.26666663174439629
1;2.55;0.42844439818253943;-0.25775051377098995;0;0.25775056957939174;0.4284445300403133;0;0.5;-0.12499999943842066;0.50000000112315297;0.87499998185922166;0.26666663174439629
0;2.6;-0.44079111336275106;0.23601509091941869;0;-0.23601514244603203;-0.44079124868771768;0;0.5;-0.12499999942762095;0.50000000114475233;0.87499998161793874;0.26666663128701464
1;2.6;0.44079111336275106;-0.23601509091941869;0;0.23601514244603203;0.44079124868771768;0;0.5;-0.12499999942762095;0.50000000114475233;0.87499998161793874;0.26666663128701464
0;2.65;-0.45203607976264182;0.21368975295570661;0;-0.21368979995559476;-0.45203621827887042;0;0.5;-0.12499999941682124;0.50000000116635169;0.87499998139818229;0.26666663087249456
1;2.65;0.45203607976264182;-0.21368975295570661;0;0.21368979995559476;0.45203621827887042;0;0.5;-0.12499999941682124;0.50000000116635169;0.87499998139818229;0.26666663087249456
0;2.7;-0.46215119080256134;0.19083030162345602;0;-0.19083034387185216;-0.46215133221467503;0;0.5;-0.1249999994060215;0.50000000118795114;0.87499998120050154;0.26666663050192976
1;2.7;0.46215119080256134;-0.19083030162345602;0;0.19083034387185216;0.46215133221467503;0;0.5;-0.1249999994060215;0.50000000118795114;0.87499998120050154;0.26666663050192976
0;2.75;-0.47111116395462616;0.16749387367303206;0;-0.16749391096701685;-0.47111130794947542;0;0.5;-0.12499999939522176;0.50000000120955058;0.87499998102539065;0.26666663017630402
1;2.75;0.47111116395462616;-0.16749387367303206;0;0.16749391096701685;0.47111130794947542;0;0.5;-0.12499999939522176;0.50000000120955058;0.87499998102539065;0.26666663017630402
0;2.8;-0.47889360393599767;0.14373879804930109;0;-0.14373883020932704;-0.47889375018448593;0;0.5;-0.12499999938442196;0.50000000123115011;0.87499998087328724;0.26666662989648882
1;2.8;0.47889360393599767;-0.14373879804930109;0;0.14373883020932704;0.47889375018448593;0;0.5;-0.12499999938442196;0.50000000123115011;0.87499998087328724;0.26666662989648882
0;2.85;-0.48547905868553848;0.1196244500994927;0;-0.11962447697074112;-0.48547920684458407;0;0.5;-0.12499999937362215;0.50000000125274967;0.87499998074457154;0.26666662966324117
1;2.85;0.48547905868553848;-0.1196244500994927;0;0.11962447697074112;0.48547920684458407;0;0.5;-0.12499999937362215;0.50000000125274967;0.87499998074457154;0.26666662966324117
0;2.9;-0.49085106798393341;0.095211103165590977;0;-0.095211124619149004;-0.490851217698553;0;0.5;-0.12499999936282228;0.50000000127434934;0.87499998063956523;0.26666662947720166
1;2.9;0.49085106798393341;-0.095211103165590977;0;0.095211124619149004;0.490851217698553;0;0.5;-0.12499999936282228;0.50000000127434934;0.87499998063956523;0.26666662947720166
0;2.95;-0.49499620459574994;0.070559777932197879;0;-0.070559793866044676;-0.49499635550124477;0;0.5;-0.12499999935202245;0.500000001295949;0.87499998055853082;0.26666662933889281
1;2.95;0.49499620459574994;-0.070559777932197879;0;0.070559793866044676;0.49499635550124477;0;0.5;-0.12499999935202245;0.500000001295949;0.87499998055853082;0.26666662933889281
0;3;-0.49790410783060329;0.045732089906422121;0;-0.045732100246214977;-0.49790425955483031;0;0.5;-0.1249999993412226;0.50000000131754866;0.87499998050167084;0.26666662924871794
1;3;0.49790410783060329;-0.045732089906422121;0;0.045732100246214977;0.49790425955483031;0;0.5;-0.1249999993412226;0.50000000131754866;0.87499998050167084;0.26666662924871794
0;3.05;-0.49956750943953976;0.020790095411015848;0;-0.020790100110668782;-0.49956766160524863;0;0.5;-0.12499999933042276;0.50000000133914844;0.87499998046912735;0.26666662920696004
1;3.05;0.49956750943953976;-0.020790095411015848;0;0.020790100110668782;0.49956766160524863;0;0.5;-0.12499999933042276;0.50000000133914844;0.87499998046912735;0.26666662920696004
0;3.1;-0.49998225178191086;-0.0042038635243025506;0;0.0042038644822531444;-0.4999824040091263;0;0.5;-0.12499999931962284;0.50000000136074824;0.87499998046098178;0.26666662921378107
1;3.1;0.49998225178191086;0.0042038635243025506;0;-0.0042038644822531444;0.4999824040091263;0;0.5;-0.12499999931962284;0.50000000136074824;0.87499998046098178;0.26666662921378107
0;3.15;-0.49914729821732984;-0.029187314985646914;0;0.02918732158989314;-0.49914745012575995;0;0.5;-0.12499999930882288;0.50000000138234812;0.87499998047725443;0.26666662926922158
1;3.15;0.49914729821732984;0.029187314985646914;0;-0.02918732158989314;0.49914745012575995;0;0.5;-0.12499999930882288;0.50000000138234812;0.87499998047725443;0.26666662926922158
0;3.2;-0.49706473569673615;-0.054097813322405749;0;0.054097825532937113;-0.49706488690818518;0;0.5;-0.12499999929802298;0.50000000140394803;0.87499998051790465;0.26666662937320058
1;3.2;0.49706473569673615;0.054097813322405749;0;-0.054097825532937113;0.49706488690818518;0;0.5;-0.12499999929802298;0.50000000140394803;0.87499998051790465;0.26666662937320058
0;3.25;-0.49373976954609133;-0.07887309522903975;0;0.078873112977429702;-0.49373991968685693;0;0.5;-0.12499999928722297;0.50000000142554802;0.87499998058283082;0.26666662952551574
1;3.25;0.49373976954609133;0.07887309522903975;0;-0.078873112977429702;0.49373991968685693;0;0.5;-0.12499999928722297;0.50000000142554802;0.87499998058283082;0.26666662952551574
0;3.3;-0.48918071045574468;-0.10345123537110955;0;0.10345125856101713;-0.48918085915897858;0;0.5;-0.12499999927642296;0.50000000144714803;0.87499998067187068;0.26666662972584395
1;3.3;0.48918071045574468;0.10345123537110955;0;-0.10345125856101713;0.48918085915897858;0;0.5;-0.12499999927642296;0.50000000144714803;0.87499998067187068;0.26666662972584395
0;3.35;-0.48339895370798858;-0.12777080116654826;0;0.12777082967443049;-0.48339910061600078;0;0.5;-0.12499999926562299;0.50000000146874807;0.87499998078480169;0.26666662997374209
1;3.35;0.48339895370798858;0.12777080116654826;0;-0.12777082967443049;0.48339910061600078;0;0.5;-0.12499999926562299;0.50000000146874807;0.87499998078480169;0.26666662997374209
0;3.4;-0.47640895069472405;-0.1517710063353046;0;0.15177104001133315;-0.4764090954612113;0;0.5;-0.12499999925482289;0.50000000149034822;0.87499998092134152;0.26666663026864816
1;3.4;0.47640895069472405;0.1517710063353046;0;-0.15177104001133315;0.4764090954612113;0;0.5;-0.12499999925482289;0.50000000149034822;0.87499998092134152;0.26666663026864816
0;3.45;-0.46822817279642853;-0.17539186283356101;0;0.17539190150273498;-0.46822831508860741;0;0.5;-0.12499999924402285;0.50000000151194838;0.87499998108114895;0.26666663060988258
1;3.45;0.46822817279642853;0.17539186283356101;0;-0.17539190150273498;0.46822831508860741;0;0.5;-0.12499999924402285;0.50000000151194838;0.87499998108114895;0.26666663060988258
0;3.5;-0.45887706771271014;-0.19857433079276898;0;0.1985743742562138;-0.45887720721333708;0;0.5;-0.12499999923322276;0.50000000153354862;0.87499998126382452;0.26666663099665006
1;3.5;0.45887706771271014;0.19857433079276898;0;-0.1985743742562138;0.45887720721333708;0;0.5;-0.12499999923322276;0.50000000153354862;0.87499998126382452;0.26666663099665006
0;3.55;-0.44837900835359973;-0.22126046608873068;0;0.22126051412517109;-0.44837914476286128;0;0.5;-0.12499999922242271;0.50000000155514883;0.87499998146891165;0.26666663142804144
1;3.55;0.44837900835359973;0.22126046608873068;0;-0.22126051412517109;0.44837914476286128;0;0.5;-0.12499999922242271;0.50000000155514883;0.87499998146891165;0.26666663142804144
0;3.6;-0.43676023441932776;-0.24339356517187974;0;0.24339361753927408;-0.4367603674565847;0;0.5;-0.1249999992116226;0.50000000157674908;0.87499998169589773;0.26666663190303608
1;3.6;0.43676023441932776;0.24339356517187974;0;-0.24339361753927408;0.4367603674565847;0;0.5;-0.1249999992116226;0.50000000157674908;0.87499998169589773;0.26666663190303608
0;3.65;-0.42404978681460598;-0.26491830679676004;0;0.26491836323408041;-0.42404991621997773;0;0.5;-0.12499999920082245;0.50000000159834942;0.87499998194421538;0.26666663242050434
1;3.65;0.42404978681460598;0.26491830679676004;0;-0.26491836323408041;0.42404991621997773;0;0.5;-0.12499999920082245;0.50000000159834942;0.87499998194421538;0.26666663242050434
0;3.7;-0.41027943506134629;-0.2857808902964511;0;0.28578095052559394;-0.41027956059712206;0;0.5;-0.12499999919002234;0.50000000161994982;0.87499998221324396;0.26666663297921039
1;3.7;0.41027943506134629;0.2857808902964511;0;-0.28578095052559394;0.41027956059712206;0;0.5;-0.12499999919002234;0.50000000161994982;0.87499998221324396;0.26666663297921039
0;3.75;-0.39548359789124787;-0.30592917005632553;0;0.30592923378413484;-0.39548371934311388;0;0.5;-0.12499999917922212;0.50000000164155027;0.87499998250231103;0.26666663357781537
1;3.75;0.39548359789124787;0.30592917005632553;0;-0.30592923378413484;0.39548371934311388;0;0.5;-0.12499999917922212;0.50000000164155027;0.87499998250231103;0.26666663357781537
0;3.8;-0.37969925721673131;-0.32531278585102302;0;0.32531285277140853;-0.37969937439480433;0;0.5;-0.12499999916842194;0.50000000166315076;0.87499998281069408;0.26666663421488065
1;3.8;0.37969925721673131;0.32531278585102302;0;-0.32531285277140853;0.37969937439480433;0;0.5;-0.12499999916842194;0.50000000166315076;0.87499998281069408;0.26666663421488065
0;3.85;-0.3629658656952488;-0.3438832887188662;0;0.34388335851499685;-0.36296597843490858;0;0.5;-0.12499999915762171;0.50000000168475127;0.87499998313762232;0.26666663488887146
1;3.85;0.3629658656952488;0.3438832887188662;0;-0.34388335851499685;0.36296597843490858;0;0.5;-0.12499999915762171;0.50000000168475127;0.87499998313762232;0.26666663488887146
0;3.9;-0.34532524811801346;-0.36159426205909651;0;0.36159433440565009;-0.34532535628052796;0;0.5;-0.12499999914682151;0.50000000170635186;0.87499998348227858;0.2666666355981608
1;3.9;0.34532524811801346;0.36159426205909651;0;-0.36159433440565009;0.34532535628052796;0;0.5;-0.12499999914682151;0.50000000170635186;0.87499998348227858;0.2666666355981608
0;3.95;-0.32682149686962519;-0.37840143764925055;0;0.37840151221469909;-0.32682160034256547;0;0.5;-0.12499999913602123;0.50000000172795247;0.87499998384380141;0.26666663634103339
1;3.95;0.32682149686962519;0.37840143764925055;0;-0.37840151221469909;0.32682160034256547;0;0.5;-0.12499999913602123;0.50000000172795247;0.87499998384380141;0.26666663634103339
0;4;-0.30750086171989244;-0.39426280629269295;0;0.39426288274160382;-0.30750096041733449;0;0.5;-0.124999999125221;0.5000000017495531;0.8749999842212872;0.26666663711569002
1;4;0.30750086171989244;0.39426280629269295;0;-0.39426288274160382;0.30750096041733449;0;0.5;-0.124999999125221;0.5000000017495531;0.8749999842212872;0.26666663711569002
0;4.05;-0.28741163422331278;-0.40913872281974517;0;0.40913880081507714;-0.2874117280858276;0;0.5;-0.12499999911442074;0.50000000177115378;0.87499998461379242;0.26666663792025207
1;4.05;0.28741163422331278;0.40913872281974517;0;-0.40913880081507714;0.2874117280858276;0;0.5;-0.12499999911442074;0.50000000177115378;0.87499998461379242;0.26666663792025207
0;4.1;-0.26660402701515667;-0.42299200517996138;0;0.42299208438533575;-0.26660411600958983;0;0.5;-0.12499999910362042;0.50000000179275451;0.87499998502033602;0.26666663875276613
1;4.1;0.26660402701515667;0.42299200517996138;0;-0.42299208438533575;0.26660411600958983;0;0.5;-0.12499999910362042;0.50000000179275451;0.87499998502033602;0.26666663875276613
0;4.15;-0.2451300483058515;-0.43578802737787325;0;0.43578810745980001;-0.24513013242489684;0;0.5;-0.12499999909282009;0.50000000181435527;0.87499998543990184;0.26666663961120892
1;4.15;0.2451300483058515;0.43578802737787325;0;-0.43578810745980001;0.24513013242489684;0;0.5;-0.12499999909282009;0.50000000181435527;0.87499998543990184;0.26666663961120892
0;4.2;-0.22304337188736698;-0.44749480601991259;0;0.44749488664995218;-0.22304345114894025;0;0.5;-0.12499999908201983;0.50000000183595595;0.87499998587144125;0.26666664049349236
1;4.2;0.22304337188736698;0.44749480601991259;0;-0.44749488664995218;0.22304345114894025;0;0.5;-0.12499999908201983;0.50000000183595595;0.87499998587144125;0.26666664049349236
0;4.25;-0.20039920297651917;-0.45808308025619049;0;0.45808316111303288;-0.20039927742293973;0;0.5;-0.12499999907121953;0.5000000018575567;0.87499998631387554;0.2666666413974688
1;4.25;0.20039920297651917;0.45808308025619049;0;-0.45808316111303288;0.20039927742293973;0;0.5;-0.12499999907121953;0.5000000018575567;0.87499998631387554;0.2666666413974688
0;4.3;-0.17725414023051644;-0.46752638491732035;0;0.46752646568876327;-0.17725420992750646;0;0.5;-0.12499999906041919;0.50000000187915746;0.8749999867660989;0.26666664232093638
1;4.3;0.17725414023051644;0.46752638491732035;0;-0.46752646568876327;0.17725420992750646;0;0.5;-0.12499999906041919;0.50000000187915746;0.8749999867660989;0.26666664232093638
0;4.35;-0.15366603427963835;-0.47580111666348202;0;0.4758011970482921;-0.15366609931515107;0;0.5;-0.12499999904961886;0.50000000190075828;0.87499998722698099;0.26666664326164452
1;4.35;0.15366603427963835;0.47580111666348202;0;-0.4758011970482921;0.15366609931515107;0;0.5;-0.12499999904961886;0.50000000190075828;0.87499998722698099;0.26666664326164452
0;4.4;-0.12969384313064267;-0.48288659298038933;0;0.48288667269003077;-0.12969390361353245;0;0.5;-0.12499999903881857;0.50000000192235908;0.87499998769536986;0.26666664421729947
1;4.4;0.12969384313064267;0.48288659298038933;0;-0.48288667269003077;0.12969390361353245;0;0.5;-0.12499999903881857;0.50000000192235908;0.87499998769536986;0.26666664421729947
0;4.45;-0.1053974848023185;-0.48876510387470357;0;0.48876518263491969;-0.10539754086086704;0;0.5;-0.12499999902801821;0.50000000194395992;0.87499998817009477;0.26666664518557023
1;4.45;0.1053974848023185;0.48876510387470357;0;-0.48876518263491969;0.10539754086086704;0;0.5;-0.12499999902801821;0.50000000194395992;0.87499998817009477;0.26666664518557023
0;4.5;-0.08083768756152046;-0.49342195613968121;0;0.49342203369191728;-0.080837739341834677;0;0.5;-0.12499999901721787;0.50000000196556075;0.87499998864996918;0.2666666461640942
1;4.5;0.08083768756152046;0.49342195613968121;0;-0.49342203369191728;0.080837739341834677;0;0.5;-0.12499999901721787;0.50000000196556075;0.87499998864996918;0.2666666461640942
0;4.55;-0.056075838134016842;-0.49684551008041727;0;0.49684558618307312;-0.056075885798315198;0;0.5;-0.12499999900641748;0.50000000198716164;0.8749999891337936;0.26666664715048318
1;4.55;0.056075838134016842;0.49684551008041727;0;-0.49684558618307312;0.056075885798315198;0;0.5;-0.12499999900641748;0.50000000198716164;0.8749999891337936;0.26666664715048318
0;4.6;-0.031173828269546483;-0.49902720860689076;0;0.49902728303639399;-0.03117387199435135;0;0.5;-0.12499999899561717;0.50000000200876247;0.8749999896203588;0.26666664814232927
1;4.6;0.031173828269546483;0.49902720860689076;0;-0.49902728303639399;0.03117387199435135;0;0.5;-0.12499999899561717;0.50000000200876247;0.8749999896203588;0.26666664814232927
0;4.65;-0.0061939000445923077;-0.49996159862209655;0;0.49996167117378942;-0.0061939400188467855;0;0.5;-0.12499999898481682;0.50000000203036333;0.87499999010844857;0.26666664913721099
1;4.65;0.0061939000445923077;0.49996159862209655;0;-0.49996167117378942;0.0061939400188467855;0;0.5;-0.12499999898481682;0.50000000203036333;0.87499999010844857;0.26666664913721099
0;4.7;0.018801509710465382;-0.49964634465180557;0;0.49964641514063962;0.018801473287337216;0;0.5;-0.12499999897401643;0.50000000205196415;0.87499999059684297;0.26666665013269925
1;4.7;-0.018801509710465382;0.49964634465180557;0;-0.49964641514063962;-0.018801473287337216;0;0.5;-0.12499999897401643;0.50000000205196415;0.87499999059684297;0.26666665013269925
0;4.75;0.043749925470964408;-0.49808223468188767;0;0.49808230294292294;0.043749892391034391;0;0.5;-0.12499999896321617;0.50000000207356496;0.87499999108432125;0.2666666511263634
1;4.75;-0.043749925470964408;0.49808223468188767;0;-0.49808230294292294;-0.043749892391034391;0;0.5;-0.12499999896321617;0.50000000207356496;0.87499999108432125;0.2666666511263634
0;4.8;0.068588989174277068;-0.49527317818860839;0;0.49527324407731516;0.068588959223107385;0;0.5;-0.12499999895241579;0.50000000209516577;0.87499999156966498;0.26666665211577743
1;4.8;-0.068588989174277068;0.49527317818860839;0;-0.49527324407731516;-0.068588959223107385;0;0.5;-0.12499999895241579;0.50000000209516577;0.87499999156966498;0.26666665211577743
0;4.85;0.093256616082517702;-0.49122619636682407;0;0.49122625975918782;0.093256589041153387;0;0.5;-0.12499999894161547;0.50000000211676659;0.87499999205166105;0.26666665309852592
1;4.85;-0.093256616082517702;0.49122619636682407;0;-0.49122625975918782;-0.093256589041153387;0;0.5;-0.12499999894161547;0.50000000211676659;0.87499999205166105;0.26666665309852592
0;4.9;0.11769114996206605;-0.4859514045805014;0;0.48595146537293332;0.11769112560900598;0;0.5;-0.12499999893081514;0.50000000213836742;0.87499999252910471;0.26666665407221007
1;4.9;-0.11769114996206605;0.4859514045805014;0;-0.48595146537293332;-0.11769112560900598;0;0.5;-0.12499999893081514;0.50000000213836742;0.87499999252910471;0.26666665407221007
0;4.95;0.14183151719203857;-0.4794619870794275;0;0.47946204518848429;0.14183149530516598;0;0.5;-0.12499999892001479;0.50000000215996825;0.87499999300080261;0.26666665503445378
1;4.95;-0.14183151719203857;0.4794619870794275;0;-0.47946204518848429;-0.14183149530516598;0;0.5;-0.12499999892001479;0.50000000215996825;0.87499999300080261;0.26666665503445378
0;5;0.16561737941651722;-0.47177416404530664;0;0.4717742194072263;0.16561735977497122;0;0.5;-0.12499999890921446;0.50000000218156903;0.87499999346557576;0.2666666559829095
1;5;-0.16561737941651722;0.47177416404530664;0;-0.4717742194072263;-0.16561735977497122;0;0.5;-0.12499999890921446;0.50000000218156903;0.87499999346557576;0.2666666559829095
0;5.05;0.1889892843589849;-0.46290715104961316;0;0.46290720361967391;0.18898926674495556;0;0.5;-0.12499999889841417;0.50000000220316977;0.87499999392226248;0.2666666569152642
1;5.05;-0.1889892843589849;0.46290715104961316;0;-0.46290720361967391;-0.18898926674495556;0;0.5;-0.12499999889841417;0.50000000220316977;0.87499999392226248;0.2666666569152642
0;5.1;0.21188881442201105;-0.45288311102453538;0;0.45288316077624802;0.21188879862244081;0;0.5;-0.12499999888761385;0.50000000222477053;0.87499999436972126;0.26666665782924509
1;5.1;-0.21188881442201105;0.45288311102453538;0;-0.45288316077624802;-0.21188879862244081;0;0.5;-0.12499999888761385;0.50000000222477053;0.87499999436972126;0.26666665782924509
0;5.15;0.23425873270076583;-0.44172709886705991;0;0.44172714579120426;0.23425871850894192;0;0.5;-0.12499999887681356;0.50000000224637128;0.87499999480683371;0.26666665872262527
1;5.15;-0.23425873270076583;0.44172709886705991;0;-0.44172714579120426;-0.23425871850894192;0;0.5;-0.12499999887681356;0.50000000224637128;0.87499999480683371;0.26666665872262527
0;5.2;0.25604312604540647;-0.42946699881465838;0;0.42946704291817667;0.25604311326242962;0;0.5;-0.12499999886601327;0.50000000226797194;0.8749999952325073;0.26666665959322933
1;5.2;-0.25604312604540647;0.42946699881465838;0;-0.42946704291817667;-0.25604311326242962;0;0.5;-0.12499999886601327;0.50000000226797194;0.8749999952325073;0.26666665959322933
0;5.25;0.27718754481475499;-0.41613345474910568;0;0.41613349605386685;0.27718753325087164;0;0.5;-0.12499999885521303;0.50000000228957264;0.87499999564567801;0.26666666043893882
1;5.25;-0.27718754481475499;0.41613345474910568;0;-0.41613349605386685;-0.27718753325087164;0;0.5;-0.12499999885521303;0.50000000228957264;0.87499999564567801;0.26666666043893882
0;5.3;0.29763913897195715;-0.4017597936026347;0;0.40175983214408462;0.29763912844774321;0;0.5;-0.12499999884441275;0.50000000231117328;0.87499999604531318;0.26666666125769749
1;5.3;-0.29763913897195715;0.4017597936026347;0;-0.40175983214408462;-0.29763912844774321;0;0.5;-0.12499999884441275;0.50000000231117328;0.87499999604531318;0.26666666125769749
0;5.35;0.31734679018195522;-0.38638194205787341;0;0.38638197788358775;0.31734678052934184;0;0.5;-0.12499999883361247;0.50000000233277392;0.87499999643041391;0.26666666204751648
1;5.35;-0.31734679018195522;0.38638194205787341;0;-0.38638197788358775;-0.31734678052934184;0;0.5;-0.12499999883361247;0.50000000233277392;0.87499999643041391;0.26666666204751648
0;5.4;0.33626123958060139;-0.37003833674977149;0;0.37003836991792788;0.3362612306437342;0;0.5;-0.12499999882281222;0.50000000235437455;0.87499999680001766;0.26666666280647923
1;5.4;-0.33626123958060139;0.37003833674977149;0;-0.37003836991792788;-0.3362612306437342;0;0.5;-0.12499999882281222;0.50000000235437455;0.87499999680001766;0.26666666280647923
0;5.45;0.3543352108960563;-0.35276982819396568;0;0.35276985877175326;0.35433520253198192;0;0.5;-0.124999998812012;0.50000000237597514;0.87499999715320059;0.26666666353274631
1;5.45;-0.3543352108960563;0.35276982819396568;0;-0.35276985877175326;-0.35433520253198192;0;0.5;-0.124999998812012;0.50000000237597514;0.87499999715320059;0.26666666353274631
0;5.5;0.37152352861473531;-0.33461957868171321;0;0.33461960674369773;0.37152352069391015;0;0.5;-0.12499999880121176;0.50000000239757566;0.87499999748907999;0.26666666422456002
1;5.5;-0.37152352861473531;0.33461957868171321;0;-0.33461960674369773;-0.37152352069391015;0;0.5;-0.12499999880121176;0.50000000239757566;0.87499999748907999;0.26666666422456002
0;5.55;0.38778323089644973;-0.31563295439660322;0;0.31563298002306645;0.38778322330306914;0;0.5;-0.12499999879041154;0.50000000241917618;0.87499999780681627;0.2666666648802488
1;5.55;-0.38778323089644973;0.31563295439660322;0;-0.31563298002306645;-0.38778322330306914;0;0.5;-0.12499999879041154;0.50000000241917618;0.87499999780681627;0.2666666648802488
0;5.6;0.40307367695651625;-0.29585741202269789;0;0.29585743529797037;0.40307366958866225;0;0.5;-0.1249999987796114;0.50000000244077664;0.8749999981056153;0.26666666549823134
1;5.6;-0.40307367695651625;0.29585741202269789;0;-0.29585743529797037;-0.40307366958866225;0;0.5;-0.1249999987796114;0.50000000244077664;0.8749999981056153;0.26666666549823134
0;5.65;0.41735664864643585;-0.27534238012752499;0;0.2753424011383302;0.41735664141604534;0;0.5;-0.12499999876881122;0.50000000246237706;0.87499999838473022;0.26666666607702061
1;5.65;-0.41735664864643585;0.27534238012752499;0;-0.2753424011383302;-0.41735664141604534;0;0.5;-0.12499999876881122;0.50000000246237706;0.87499999838473022;0.26666666607702061
0;5.7;0.43059644597924507;-0.25413913561640106;0;0.25413915445023033;0.43059643881190124;0;0.5;-0.1249999987580111;0.50000000248397743;0.87499999864346339;0.2666666666152275
1;5.7;-0.43059644597924507;0.25413913561640106;0;-0.25413915445023033;-0.43059643881190124;0;0.5;-0.1249999987580111;0.50000000248397743;0.87499999864346339;0.2666666666152275
0;5.75;0.44275997636077774;-0.23230067556688586;0;0.23230069231042119;0.44275996919532945;0;0.5;-0.12499999874721097;0.50000000250557775;0.87499999888116814;0.26666666711156439
1;5.75;-0.44275997636077774;0.23230067556688586;0;-0.23230069231042119;-0.44275996919532945;0;0.5;-0.12499999874721097;0.50000000250557775;0.87499999888116814;0.26666666711156439
0;5.8;0.45381683730380601;-0.20988158476371413;0;0.20988159950131718;0.45381683009182211;0;0.5;-0.12499999873641086;0.50000000252717803;0.87499999909725031;0.26666666756484829
1;5.8;-0.45381683730380601;0.20988158476371413;0;-0.20988159950131718;-0.45381683009182211;0;0.5;-0.12499999873641086;0.50000000252717803;0.87499999909725031;0.26666666756484829
0;5.85;0.4637393924183203;-0.18693789926529841;0;0.18693791207758154;0.46373938512338714;0;0.5;-0.12499999872561075;0.50000000254877828;0.87499999929116979;0.2666666679740038
1;5.85;-0.4637393924183203;0.18693789926529841;0;-0.18693791207758154;-0.46373938512338714;0;0.5;-0.12499999872561075;0.50000000254877828;0.87499999929116979;0.2666666679740038
0;5.9;0.47250284048801305;-0.1635269663428143;0;0.16352697730530985;0.472502833084885;0;0.5;-0.12499999871481069;0.50000000257037847;0.87499999946244193;0.26666666833806585
1;5.9;-0.47250284048801305;0.1635269663428143;0;-0.16352697730530985;-0.472502833084885;0;0.5;-0.12499999871481069;0.50000000257037847;0.87499999946244193;0.26666666833806585
0;5.95;0.48008527746031215;-0.13970730114194724;0;0.13970731032388917;0.48008526993392714;0;0.5;-0.12499999870401063;0.50000000259197865;0.87499999961063858;0.26666666865618205
1;5.95;-0.48008527746031215;0.13970730114194724;0;-0.13970731032388917;-0.48008526993392714;0;0.5;-0.12499999870401063;0.50000000259197865;0.87499999961063858;0.26666666865618205
0;6;0.48646775119502206;-0.11553844042557058;0;0.11553844788880191;0.48646774353939481;0;0.5;-0.12499999869321062;0.50000000261357869;0.8749999997353894;0.26666666892761484
1;6;-0.48646775119502206;0.11553844042557058;0;-0.11553844788880191;-0.48646774353939481;0;0.5;-0.12499999869321062;0.50000000261357869;0.8749999997353894;0.26666666892761484
0;6.05;0.49163430883473114;-0.091080793762921275;0;0.091080799560938952;0.49163430105173839;0;0.5;-0.12499999868241059;0.50000000263517877;0.87499999983638251;0.26666666915174342
1;6.05;-0.49163430883473114;0.091080793762921275;0;-0.091080799560938952;-0.49163430105173839;0;0.5;-0.12499999868241059;0.50000000263517877;0.87499999983638251;0.26666666915174342
0;6.1;0.49557203667858357;-0.066395492537221476;0;0.066395496714369104;0.49557202877665663;0;0.5;-0.12499999867161065;0.50000000265677871;0.87499999991336554;0.26666666932806513
1;6.1;-0.49557203667858357;0.066395492537221476;0;-0.066395496714369104;-0.49557202877665663;0;0.5;-0.12499999867161065;0.50000000265677871;0.87499999991336554;0.26666666932806513
0;6.15;0.49827109245975409;-0.041544237149147428;0;0.041544239739964448;0.49827108445249524;0;0.5;-0.1249999986608107;0.50000000267837863;0.87499999996614603;0.26666666945619686
1;6.15;-0.49827109245975409;0.041544237149147428;0;-0.041544239739964448;-0.49827108445249524;0;0.5;-0.1249999986608107;0.50000000267837863;0.87499999996614603;0.26666666945619686
0;6.2;0.49972472994594835;-0.016589142798055963;0;0.016589143826790081;0.49972472185068784;0;0.5;-0.12499999865001077;0.50000000269997849;0.87499999999459207;0.26666666953587594
1;6.2;-0.49972472994594835;0.016589142798055963;0;-0.016589143826790081;-0.49972472185068784;0;0.5;-0.12499999865001077;0.50000000269997849;0.87499999999459207;0.26666666953587594
0;6.25;0.49992931580144134;0.0084074157735659558;0;-0.0084074162932778283;0.49992930763775295;0;0.5;-0.12499999863921086;0.50000000272157831;0.87499999999863255;0.2666666695669608
1;6.25;-0.49992931580144134;-0.0084074157735659558;0;0.0084074162932778283;-0.49992930763775295;0;0.5;-0.12499999863921086;0.50000000272157831;0.87499999999863255;0.2666666695669608
0;6.3;0.49888433866850779;0.033382960184371917;0;-0.03338296224965108;0.49888433045670094;0;0.5;-0.12499999862841097;0.50000000274317808;0.87499999997825738;0.26666666954943133
1;6.3;-0.49888433866850779;-0.033382960184371917;0;0.03338296224965108;-0.49888433045670094;0;0.5;-0.12499999862841097;0.50000000274317808;0.87499999997825738;0.26666666954943133
0;6.35;0.49659241044554581;0.058275064577468907;0;-0.058275068196169205;0.49659240220515266;0;0.5;-0.12499999861761111;0.5000000027647778;0.87499999993351749;0.26666666948338893
1;6.35;-0.49659241044554581;-0.058275064577468907;0;0.058275068196169205;-0.49659240220515266;0;0.5;-0.12499999861761111;0.5000000027647778;0.87499999993351749;0.26666666948338893
0;6.4;0.49305925975869924;0.083021511652446658;0;-0.083021516842956236;0.49305925150697505;0;0.5;-0.12499999860681128;0.50000000278637744;0.87499999986452472;0.26666666936905627
1;6.4;-0.49305925975869924;-0.083021511652446658;0;0.083021516842956236;-0.49305925150697505;0;0.5;-0.12499999860681128;0.50000000278637744;0.87499999986452472;0.26666666936905627
0;6.45;0.48829371764329615;0.10756044817612602;0;-0.10756045496699895;0.48829370939375133;0;0.5;-0.12499999859601143;0.50000000280797709;0.87499999977145148;0.26666666920677674
1;6.45;-0.48829371764329615;-0.10756044817612602;0;0.10756045496699895;-0.48829370939375133;0;0.5;-0.12499999859601143;0.50000000280797709;0.87499999977145148;0.26666666920677674
0;6.5;0.48230769547089186;0.13183053958333191;0;-0.1318305480127539;0.48230768723187356;0;0.5;-0.12499999858521165;0.50000000282957665;0.87499999965453043;0.26666666899701345
1;6.5;-0.48230769547089186;-0.13183053958333191;0;0.1318305480127539;-0.48230768723187356;0;0.5;-0.12499999858521165;0.50000000282957665;0.87499999965453043;0.26666666899701345
0;6.55;0.475116155177088;0.15577112328127057;0;-0.15577113339636484;0.47511614695042803;0;0.5;-0.12499999857441182;0.5000000028511762;0.87499999951405379;0.26666666874034838
1;6.55;-0.475116155177088;-0.15577112328127057;0;0.15577113339636484;-0.47511614695042803;0;0.5;-0.12499999857441182;0.5000000028511762;0.87499999951405379;0.26666666874034838
0;6.6;0.46673707186454028;0.17932236027433135;0;-0.17932237213031255;0.46673706364428724;0;0.5;-0.12499999856361209;0.50000000287277565;0.87499999935037271;0.26666666843748058
1;6.6;-0.46673707186454028;-0.17932236027433135;0;0.17932237213031255;-0.46673706364428724;0;0.5;-0.12499999856361209;0.50000000287277565;0.87499999935037271;0.26666666843748058
0;6.65;0.45719138887462946;0.2024253847303312;0;-0.20242539838951693;0.45719138064587944;0;0.5;-0.12499999855281232;0.50000000289437507;0.87499999916389629;0.26666666808922468
1;6.65;-0.45719138887462946;-0.2024253847303312;0;0.20242539838951693;-0.45719138064587944;0;0.5;-0.12499999855281232;0.50000000289437507;0.87499999916389629;0.26666666808922468
0;6.7;0.44650296544009027;0.22502245111436517;0;-0.22502246664505599;0.44650295717793198;0;0.5;-0.1249999985420126;0.50000000291597449;0.87499999895509059;0.26666666769650873
1;6.7;-0.44650296544009027;-0.22502245111436517;0;0.22502246664505599;-0.44650295717793198;0;0.5;-0.1249999985420126;0.50000000291597449;0.87499999895509059;0.26666666769650873
0;6.75;0.43469851704943985;0.24705707852250613;0;-0.24705709599774678;0.43469850871802679;0;0.5;-0.12499999853121293;0.50000000293757381;0.87499999872447758;0.26666666726037188
1;6.75;-0.43469851704943985;-0.24705707852250613;0;0.24705709599774678;-0.43469850871802679;0;0.5;-0.12499999853121293;0.50000000293757381;0.87499999872447758;0.26666666726037188
0;6.8;0.42180754867226194;0.26847419185459537;0;-0.26847421135083105;0.42180754022402467;0;0.5;-0.12499999852041319;0.50000000295917315;0.87499999847263361;0.26666666678196185
1;6.8;-0.42180754867226194;-0.26847419185459537;0;0.26847421135083105;-0.42180754022402467;0;0.5;-0.12499999852041319;0.50000000295917315;0.87499999847263361;0.26666666678196185
0;6.85;0.40786228101224808;0.28922025947326646;0;-0.28922028106890918;0.40786227238725636;0;0.5;-0.12499999850961353;0.50000000298077239;0.87499999820018821;0.26666666626253199
1;6.85;-0.40786228101224808;-0.28922025947326646;0;0.28922028106890918;-0.40786227238725636;0;0.5;-0.12499999850961353;0.50000000298077239;0.87499999820018821;0.26666666626253199
0;6.9;0.39289756997232345;0.30924342700512752;0;-0.30924345077904869;0.3928975610978081;0;0.5;-0.12499999849881391;0.50000000300237155;0.87499999790782234;0.26666666570343816
1;6.9;-0.39289756997232345;-0.30924342700512752;0;0.30924345077904869;-0.3928975610978081;0;0.5;-0.12499999849881391;0.50000000300237155;0.87499999790782234;0.26666666570343816
0;6.95;0.37695081953315157;0.32849364694966887;0;-0.328493672979635;0.37695081032319294;0;0.5;-0.12499999848801429;0.5000000030239707;0.87499999759626672;0.26666666510613542
1;6.95;-0.37695081953315157;-0.32849364694966887;0;0.328493672979635;-0.37695081032319294;0;0.5;-0.12499999848801429;0.5000000030239707;0.87499999759626672;0.26666666510613542
0;7;0.36006188826277485;0.34692280377194173;0;-0.34692283213301106;0.36006187861816369;0;0.5;-0.12499999847721463;0.50000000304556987;0.87499999726630009;0.26666666447217433
1;7;-0.36006188826277485;-0.34692280377194173;0;0.34692283213301106;-0.36006187861816369;0;0.5;-0.12499999847721463;0.50000000304556987;0.87499999726630009;0.26666666447217433
0;7.05;0.34227298969106645;0.36448483416634225;0;-0.36448486492924048;0.34227297949934121;0;0.5;-0.12499999846641503;0.50000000306716897;0.87499999691874721;0.266666663803197
1;7.05;-0.34227298969106645;-0.36448483416634225;0;0.36448486492924048;-0.34227297949934121;0;0.5;-0.12499999846641503;0.50000000306716897;0.87499999691874721;0.266666663803197
0;7.1;0.32362858679800521;0.38113584219090363;0;-0.38113587542039712;0.32362857593366723;0;0.5;-0.12499999845561545;0.50000000308876805;0.87499999655447678;0.26666666310093314
1;7.1;-0.32362858679800521;-0.38113584219090363;0;0.38113587542039712;-0.32362857593366723;0;0.5;-0.12499999845561545;0.50000000308876805;0.87499999655447678;0.26666666310093314
0;7.15;0.30417528087949514;0.39683420898432098;0;-0.39683424473760609;0.30417526920440252;0;0.5;-0.12499999844481588;0.50000000311036707;0.87499999617439928;0.26666666236719559
1;7.15;-0.30417528087949514;-0.39683420898432098;0;0.39683424473760609;-0.30417526920440252;0;0.5;-0.12499999844481588;0.50000000311036707;0.87499999617439928;0.26666666236719559
0;7.2;0.28396169506850694;0.41154069679147359;0;-0.41154073511660066;0.2839616824324443;0;0.5;-0.12499999843401632;0.50000000313196611;0.87499999577946469;0.26666666160387595
1;7.2;-0.28396169506850694;-0.41154069679147359;0;0.41154073511660066;-0.2839616824324443;0;0.5;-0.12499999843401632;0.50000000313196611;0.87499999577946469;0.26666666160387595
0;7.25;0.26303835280267601;0.42521854703743373;0;-0.42521858797178452;0.26303833904409712;0;0.5;-0.12499999842321674;0.50000000315356507;0.87499999537066017;0.26666666081293968
1;7.25;-0.26303835280267601;-0.42521854703743373;0;0.42521858797178452;-0.26303833904409712;0;0.5;-0.12499999842321674;0.50000000315356507;0.87499999537066017;0.26666666081293968
0;7.3;0.24145755154212353;0.43783357220482916;0;-0.43783361577366514;0.24145753648906071;0;0.5;-0.12499999841241723;0.50000000317516399;0.8749999949490075;0.26666665999642126
1;7.3;-0.24145755154212353;-0.43783357220482916;0;0.43783361577366514;-0.24145753648906071;0;0.5;-0.12499999841241723;0.50000000317516399;0.8749999949490075;0.26666665999642126
0;7.35;0.21927323205313867;0.44935424128491247;0;-0.44935428750001111;0.2192732155242719;0;0.5;-0.12499999840161768;0.50000000319676296;0.87499999451556056;0.26666665915641921
1;7.35;-0.21927323205313867;-0.44935424128491247;0;0.44935428750001111;-0.2192732155242719;0;0.5;-0.12499999840161768;0.50000000319676296;0.87499999451556056;0.26666665915641921
0;7.4;0.19654084358444412;0.45975175858875289;0;-0.459751807447149;0.19654082539032036;0;0.5;-0.12499999839081814;0.50000000321836189;0.87499999407140278;0.26666665829509064
1;7.4;-0.19654084358444412;-0.45975175858875289;0;0.459751807447149;-0.19654082539032036;0;0.5;-0.12499999839081814;0.50000000321836189;0.87499999407140278;0.26666665829509064
0;7.45;0.17331720527303207;0.46900013572156418;0;-0.46900018720441139;0.17331718521742426;0;0.5;-0.12499999838001862;0.50000000323996078;0.87499999361764431;0.266666657414646
1;7.45;-0.17331720527303207;-0.46900013572156418;0;0.46900018720441139;-0.17331718521742426;0;0.5;-0.12499999838001862;0.50000000323996078;0.87499999361764431;0.266666657414646
0;7.5;0.14966036412598338;0.47707625654026842;0;-0.47707631061183509;0.1496603420073766;0;0.5;-0.12499999836921917;0.50000000326155961;0.87499999315541933;0.26666665651734354
1;7.5;-0.14966036412598338;-0.47707625654026842;0;0.47707631061183509;-0.1496603420073766;0;0.5;-0.12499999836921917;0.50000000326155961;0.87499999315541933;0.26666665651734354
0;7.55;0.12562944993324007;0.48395993493193484;0;-0.48395999153874786;0.12562942554643117;0;0.5;-0.12499999835841965;0.50000000328315847;0.87499999268588312;0.26666665560548366
1;7.55;-0.12562944993324007;-0.48395993493193484;0;0.48395999153874786;-0.12562942554643117;0;0.5;-0.12499999835841965;0.50000000328315847;0.87499999268588312;0.26666665560548366
0;7.6;0.10128452747397286;0.48963396526867675;0;-0.48963402433882436;0.10128450061176844;0;0.5;-0.12499999834762016;0.50000000330475727;0.87499999221020931;0.26666665468140306
1;7.6;-0.10128452747397286;-0.48963396526867675;0;0.48963402433882436;-0.10128450061176844;0;0.5;-0.12499999834762016;0.50000000330475727;0.87499999221020931;0.26666665468140306
0;7.65;0.076686446385950166;0.49408416541289446;0;-0.49408422685549847;0.07668641684094675;0;0.5;-0.12499999833682066;0.50000000332635613;0.87499999172958679;0.26666665374746912
1;7.65;-0.076686446385950166;-0.49408416541289446;0;0.49408422685549847;-0.07668641684094675;0;0.5;-0.12499999833682066;0.50000000332635613;0.87499999172958679;0.26666665374746912
0;7.7;0.051896689073156144;0.49729941216537171;0;-0.49729947587023748;0.051896656639585315;0;0.5;-0.1249999983260212;0.50000000334795492;0.87499999124521692;0.26666665280607371
1;7.7;-0.051896689073156144;-0.49729941216537171;0;0.49729947587023748;-0.051896656639585315;0;0.5;-0.1249999983260212;0.50000000334795492;0.87499999124521692;0.26666665280607371
0;7.75;0.026977217031809043;0.49927166906762332;0;-0.49927173490507432;0.026977181507429632;0;0.5;-0.12499999831522173;0.50000000336955372;0.87499999075831033;0.26666665185962744
1;7.75;-0.026977217031809043;-0.49927166906762332;0;0.49927173490507432;-0.026977181507429632;0;0.5;-0.12499999831522173;0.50000000336955372;0.87499999075831033;0.26666665185962744
0;7.8;0.0019903159788843641;0.49999600648900061;0;-0.49999607430990195;0.0019902771669029992;0;0.5;-0.12499999830442224;0.50000000339115253;0.87499999027008404;0.26666665091055351
1;7.8;-0.0019903159788843641;-0.49999600648900061;0;0.49999607430990195;-0.0019902771669029992;0;0.5;-0.12499999830442224;0.50000000339115253;0.87499999027008404;0.26666665091055351
0;7.85;-0.023001559829759367;0.49947061394834619;0;-0.49947068358432051;-0.023001602118758364;0;0.5;-0.12499999829362276;0.50000000341275132;0.87499998978175837;0.2666666499612817
1;7.85;0.023001559829759367;-0.49947061394834619;0;0.49947068358432051;0.023001602118758364;0;0.5;-0.12499999829362276;0.50000000341275132;0.87499998978175837;0.2666666499612817
0;7.9;-0.047935943702528738;0.49769680463939886;0;-0.49769687590323552;-0.047935989648663448;0;0.5;-0.12499999828282325;0.50000000343435016;0.87499998929455386;0.26666664901424231
1;7.9;0.047935943702528738;-0.49769680463939886;0;0.49769687590323552;0.047935989648663448;0;0.5;-0.12499999828282325;0.50000000343435016;0.87499998929455386;0.26666664901424231
0;7.95;-0.072750512646340984;0.49467901214863597;0;-0.49467908483489265;-0.072750562418541317;0;0.5;-0.12499999827202377;0.50000000345594898;0.87499998880968829;0.26666664807185997
1;7.95;0.072750512646340984;-0.49467901214863597;0;0.49467908483489265;0.072750562418541317;0;0.5;-0.12499999827202377;0.50000000345594898;0.87499998880968829;0.26666664807185997
0;8;-0.097383243141712275;0.49042477937375584;0;-0.49042485325954938;-0.097383296895878046;0;0.5;-0.12499999826122425;0.50000000347754786;0.87499998832837353;0.26666664713654777
1;8;0.097383243141712275;-0.49042477937375584;0;0.49042485325954938;0.097383296895878046;0;0.5;-0.12499999826122425;0.50000000347754786;0.87499998832837353;0.26666664713654777
0;8.05;-0.12177256616933207;0.48494473967049612;0;-0.48494481451647831;-0.12177262404655849;0;0.5;-0.12499999825042478;0.50000000349914668;0.87499998785181266;0.26666664621070104
1;8.05;0.12177256616933207;-0.48494473967049612;0;0.48494481451647831;0.12177262404655849;0;0.5;-0.12499999825042478;0.50000000349914668;0.87499998785181266;0.26666664621070104
0;8.1;-0.14585752110063721;0.47825259027491068;0;-0.47825266582642206;-0.1458575832255263;0;0.5;-0.1249999982396253;0.50000000352074552;0.87499998738119682;0.26666664529669154
1;8.1;0.14585752110063721;-0.47825259027491068;0;0.47825266582642206;0.1458575832255263;0;0.5;-0.1249999982396253;0.50000000352074552;0.87499998738119682;0.26666664529669154
0;8.15;-0.16957790806773887;0.47036505806753343;0;-0.47036513405592667;-0.16957797454681459;0;0.5;-0.1249999982288258;0.50000000354234436;0.87499998691770231;0.26666664439686142
1;8.15;0.16957790806773887;-0.47036505806753343;0;0.47036513405592667;0.16957797454681459;0;0.5;-0.1249999982288258;0.50000000354234436;0.87499998691770231;0.26666664439686142
0;8.2;-0.19287443843185642;0.46130185776499971;0;-0.46130193390912283;-0.19287450935209996;0;0.5;-0.12499999821802633;0.50000000356394319;0.87499998646248762;0.26666664351351731
1;8.2;0.19287443843185642;-0.46130185776499971;0;0.46130193390912283;0.19287450935209996;0;0.5;-0.12499999821802633;0.50000000356394319;0.87499998646248762;0.26666664351351731
0;8.25;-0.21568888297416425;0.451085642643624;0;-0.45108571865145053;-0.21568895840168556;0;0.5;-0.1249999982072268;0.50000000358554213;0.87499998601669051;0.26666664264892478
1;8.25;0.21568888297416425;-0.451085642643624;0;0.45108571865145053;0.21568895840168556;0;0.5;-0.1249999982072268;0.50000000358554213;0.87499998601669051;0.26666664264892478
0;8.3;-0.2379642174386509;0.43974194791809651;0;-0.43974202348849045;-0.23796429741751099;0;0.5;-0.12499999819642726;0.50000000360714104;0.87499998558142528;0.26666664180530237
1;8.3;0.2379642174386509;-0.43974194791809651;0;0.43974202348849045;0.23796429741751099;0;0.5;-0.12499999819642726;0.50000000360714104;0.87499998558142528;0.26666664180530237
0;8.35;-0.25964476506320811;0.42729912691682348;0;-0.42729920174142333;-0.25964484961440493;0;0.5;-0.12499999818562775;0.50000000362873995;0.87499998515777987;0.26666664098481631
1;8.35;0.25964476506320811;-0.42729912691682348;0;0.42729920174142333;0.25964484961440493;0;0.5;-0.12499999818562775;0.50000000362873995;0.87499998515777987;0.26666664098481631
0;8.4;-0.28067633574269479;0.413788280213437;0;-0.41378835397864316;-0.280676424863325;0;0.5;-0.12499999817482811;0.50000000365033903;0.8749999847468131;0.26666664018957502
1;8.4;0.28067633574269479;-0.413788280213437;0;0.41378835397864316;0.280676424863325;0;0.5;-0.12499999817482811;0.50000000365033903;0.8749999847468131;0.26666664018957502
0;8.45;-0.30100636147613979;0.39924317789160846;0;-0.39924325028065699;-0.30100645513874574;0;0.5;-0.12499999816402853;0.50000000367193811;0.87499998434955224;0.2666666394216237
1;8.45;0.30100636147613979;-0.39924317789160846;0;0.39924325028065699;0.30100645513874574;0;0.5;-0.12499999816402853;0.50000000367193811;0.87499998434955224;0.2666666394216237
0;8.5;-0.32058402775953448;0.38370017513746291;0;-0.38370024583256701;-0.32058412591164537;0;0.5;-0.12499999815322894;0.5000000036935371;0.87499998396699027;0.26666663868293942
1;8.5;0.32058402775953448;-0.38370017513746291;0;0.38370024583256701;0.32058412591164537;0;0.5;-0.12499999815322894;0.5000000036935371;0.87499998396699027;0.26666663868293942
0;8.55;-0.33936040059580053;0.36719812137056801;0;-0.36719819005510895;-0.3393605031596737;0;0.5;-0.12499999814242939;0.50000000371513619;0.87499998360008333;0.26666663797542612
1;8.55;0.33936040059580053;-0.36719812137056801;0;0.36719819005510895;0.3393605031596737;0;0.5;-0.12499999814242939;0.50000000371513619;0.87499998360008333;0.26666663797542612
0;8.6;-0.35728854880447164;0.34977826314062282;0;-0.34977832950137011;-0.35728865567703938;0;0.5;-0.12499999813162975;0.50000000373673532;0.87499998324974851;0.26666663730090981
1;8.6;0.35728854880447164;-0.34977826314062282;0;0.34977832950137011;0.35728865567703938;0;0.5;-0.12499999813162975;0.50000000373673532;0.87499998324974851;0.26666663730090981
0;8.65;-0.37432366132537875;0.33148414103255364;0;-0.33148420476189533;-0.37432377237840231;0;0.5;-0.1249999981208301;0.50000000375833446;0.87499998291686147;0.266666636661134
1;8.65;0.37432366132537875;-0.33148414103255364;0;0.33148420476189533;0.37432377237840231;0;0.5;-0.1249999981208301;0.50000000375833446;0.87499998291686147;0.266666636661134
0;8.7;-0.39042315922313769;0.31236148083770066;0;-0.31236154163586299;-0.39042327430357021;0;0.5;-0.12499999811003048;0.50000000377993362;0.87499998260225427;0.26666663605775537
1;8.7;0.39042315922313769;-0.31236148083770066;0;0.31236154163586299;0.39042327430357021;0;0.5;-0.12499999811003048;0.50000000377993362;0.87499998260225427;0.26666663605775537
0;8.75;-0.40554680211248556;0.29245807926311079;0;-0.29245813684034716;-0.4055469210430423;0;0.5;-0.1249999980992308;0.50000000380153287;0.87499998230671322;0.26666663549233966
1;8.75;0.40554680211248556;-0.29245807926311079;0;0.29245813684034716;0.4055469210430423;0;0.5;-0.1249999980992308;0.50000000380153287;0.87499998230671322;0.26666663549233966
0;8.8;-0.41965678873845652;0.27182368446460348;0;-0.27182373854333319;-0.41965691131838856;0;0.5;-0.12499999808843116;0.50000000382313209;0.87499998203097708;0.26666663496635768
1;8.8;0.41965678873845652;-0.27182368446460348;0;0.27182373854333319;0.41965691131838856;0;0.5;-0.12499999808843116;0.50000000382313209;0.87499998203097708;0.26666663496635768
0;8.85;-0.43271785145999686;0.25050987170221578;0;-0.25050992201909278;-0.43271797746606427;0;0.5;-0.12499999807763147;0.50000000384473136;0.87499998177573501;0.26666663448118172
1;8.85;0.43271785145999686;-0.25050987170221578;0;0.25050992201909278;0.43271797746606427;0;0.5;-0.12499999807763147;0.50000000384473136;0.87499998177573501;0.26666663448118172
0;8.9;-0.4446973444008584;0.22856991442882352;0;-0.22856996073671582;-0.4446974735884951;0;0.5;-0.12499999806683184;0.50000000386633064;0.87499998154162499;0.26666663403808202
1;8.9;0.4446973444008584;-0.22856991442882352;0;0.22856996073671582;0.4446974735884951;0;0.5;-0.12499999806683184;0.50000000386633064;0.87499998154162499;0.26666663403808202
0;8.95;-0.4555653250474378;0.20605865113415028;0;-0.20605869320401213;-0.45556545715209895;0;0.5;-0.12499999805603212;0.50000000388792999;0.87499998132923217;0.26666663363822372
1;8.95;0.4555653250474378;-0.20605865113415028;0;0.20605869320401213;0.45556545715209895;0;0.5;-0.12499999805603212;0.50000000388792999;0.87499998132923217;0.26666663363822372
0;9;-0.46529462908960745;0.18303234827698575;0;-0.18303238589960524;-0.4652947638282896;0;0.5;-0.12499999804523235;0.50000000390952942;0.87499998113908739;0.26666663328266384
1;9;0.46529462908960745;-0.18303234827698575;0;0.18303238589960524;0.4652947638282896;0;0.5;-0.12499999804523235;0.50000000390952942;0.87499998113908739;0.26666663328266384
0;9.05;-0.47386093831747456;0.15954855964821238;0;-0.15954859263581825;-0.47386107539039529;0;0.5;-0.12499999803443258;0.5000000039311289;0.87499998097166594;0.26666663297234867
1;9.05;0.47386093831747456;-0.15954855964821238;0;0.15954859263581825;0.47386107539039529;0;0.5;-0.12499999803443258;0.5000000039311289;0.87499998097166594;0.26666663297234867
0;9.1;-0.48124284140436013;0.13566598251616058;0;-0.13566601070387302;-0.48124298049678388;0;0.5;-0.12499999802363283;0.50000000395272846;0.87499998082738627;0.26666663270811143
1;9.1;0.48124284140436013;-0.13566598251616058;0;0.13566601070387302;0.48124298049678388;0;0.5;-0.12499999802363283;0.50000000395272846;0.87499998082738627;0.26666663270811143
0;9.15;-0.48742188742407094;0.11144431091385526;0;-0.11144433416096758;-0.48742202820826563;0;0.5;-0.12499999801283296;0.50000000397432807;0.87499998070660902;0.26666663249067016
1;9.15;0.48742188742407094;-0.11144431091385526;0;0.11144433416096758;0.48742202820826563;0;0.5;-0.12499999801283296;0.50000000397432807;0.87499998070660902;0.26666663249067016
0;9.2;-0.49238263196869864;0.086944086434860277;0;-0.086944104625939073;-0.49238277410600645;0;0.5;-0.12499999800203315;0.50000000399592766;0.8749999806096361;0.26666663232062592
1;9.2;0.49238263196869864;-0.086944086434860277;0;0.086944104625939073;0.49238277410600645;0;0.5;-0.12499999800203315;0.50000000399592766;0.8749999806096361;0.26666663232062592
0;9.25;-0.49611267575167428;0.062226546910655038;0;-0.062226559956448671;-0.49611281889467906;0;0.5;-0.12499999799123331;0.50000000401752732;0.87499998053670986;0.26666663219846134
1;9.25;0.49611267575167428;-0.062226546910655038;0;0.062226559956448671;0.49611281889467906;0;0.5;-0.12499999799123331;0.50000000401752732;0.87499998053670986;0.26666663219846134
0;9.3;-0.49860269559959008;0.037353473347772115;0;-0.037353481185918948;-0.49860283939436284;0;0.5;-0.12499999798043345;0.50000000403912706;0.87499998048801256;0.26666663212453936
1;9.3;0.49860269559959008;-0.037353473347772115;0;0.037353481185918948;0.49860283939436284;0;0.5;-0.12499999798043345;0.50000000403912706;0.87499998048801256;0.26666663212453936
0;9.35;-0.49984646775532465;0.012387035507274958;0;-0.012387038102804527;-0.49984661184372747;0;0.5;-0.12499999796963357;0.50000000406072682;0.87499998046366595;0.26666663209910229
1;9.35;0.49984646775532465;-0.012387035507274958;0;0.012387038102804527;0.49984661184372747;0;0.5;-0.12499999796963357;0.50000000406072682;0.87499998046366595;0.26666663209910229
0;9.4;-0.49984088343422539;-0.012610363487451988;0;0.012610366141829647;-0.49984102745625414;0;0.5;-0.12499999795883369;0.50000000408232662;0.87499998046373086;0.26666663212227134
1;9.4;0.49984088343422539;0.012610363487451988;0;-0.012610366141829647;0.49984102745625414;0;0.5;-0.12499999795883369;0.50000000408232662;0.87499998046373086;0.26666663212227134
0;9.45;-0.49858595659446542;-0.037576243126199602;0;0.037576251010019317;-0.49858610019061084;0;0.5;-0.12499999794803374;0.50000000410392654;0.87499998048820713;0.2666666321940462
1;9.45;0.49858595659446542;0.037576243126199602;0;-0.037576251010019317;0.49858610019061084;0;0.5;-0.12499999794803374;0.50000000410392654;0.87499998048820713;0.2666666321940462
0;9.5;-0.4960848239021528;-0.062448201680857816;0;0.062448214746040252;-0.49608496671575969;0;0.5;-0.12499999793723378;0.50000000412552644;0.87499998053703361;0.26666663231430502
1;9.5;0.4960848239021528;0.062448201680857816;0;-0.062448214746040252;0.49608496671575969;0;0.5;-0.12499999793723378;0.50000000412552644;0.87499998053703361;0.26666663231430502
0;9.55;-0.49234373689128019;-0.08716407217742414;0;0.087164090348631207;-0.49234387857088374;0;0.5;-0.1249999979264338;0.5000000041471264;0.87499998061008824;0.26666663248280481
1;9.55;0.49234373689128019;0.08716407217742414;0;-0.087164090348631207;0.49234387857088374;0;0.5;-0.1249999979264338;0.5000000041471264;0.87499998061008824;0.26666663248280481
0;9.6;-0.48737204633810988;-0.11166207778124672;0;0.11166210095644835;-0.48737218653972925;0;0.5;-0.1249999979156338;0.50000000416872642;0.87499998070718842;0.26666663269918202
1;9.6;0.48737204633810988;0.11166207778124672;0;-0.11166210095644835;0.48737218653972925;0;0.5;-0.1249999979156338;0.50000000416872642;0.87499998070718842;0.26666663269918202
0;9.65;-0.48118217888905124;-0.13588098620711814;0;0.13588101425836527;-0.48118231727842042;0;0.5;-0.12499999790483376;0.50000000419032652;0.87499998082809143;0.26666663296295338
1;9.65;0.48118217888905124;0.13588098620711814;0;-0.13588101425836527;0.48118231727842042;0;0.5;-0.12499999790483376;0.50000000419032652;0.87499998082809143;0.26666663296295338
0;9.7;-0.47378960600044911;-0.15976026276827371;0;0.15976029554267057;-0.47378974225516557;0;0.5;-0.12499999789403372;0.5000000042119267;0.87499998097249509;0.26666663327351722
1;9.7;0.47378960600044911;0.15976026276827371;0;-0.15976029554267057;0.47378974225516557;0;0.5;-0.12499999789403372;0.5000000042119267;0.87499998097249509;0.26666663327351722
0;9.75;-0.46521280526791764;-0.18324022168174992;0;0.18324025900261681;-0.46521293907949052;0;0.5;-0.12499999788323368;0.50000000423352686;0.8749999811400385;0.26666663363015483
1;9.75;0.46521280526791764;0.18324022168174992;0;-0.18324025900261681;0.46521293907949052;0;0.5;-0.12499999788323368;0.50000000423352686;0.8749999811400385;0.26666663363015483
0;9.8;-0.45547321424187748;-0.20626217525191723;0;0.206262216920133;-0.45547334531765754;0;0.5;-0.12499999787243362;0.50000000425512703;0.87499998133030288;0.26666663403203242
1;9.8;0.45547321424187748;0.20626217525191723;0;-0.206262216920133;0.45547334531765754;0;0.5;-0.12499999787243362;0.50000000425512703;0.87499998133030288;0.26666663403203242
0;9.85;-0.44459517684473365;-0.22876858055930457;0;0.22876862635481687;-0.44459530490970889;0;0.5;-0.12499999786163345;0.50000000427672735;0.87499998154281261;0.26666663447820312
1;9.85;0.44459517684473365;0.22876858055930457;0;-0.22876862635481687;0.44459530490970889;0;0.5;-0.12499999786163345;0.50000000427672735;0.87499998154281261;0.26666663447820312
0;9.9;-0.43260588252362459;-0.25070318328806895;0;0.25070323297155817;-0.43260600732206572;0;0.5;-0.12499999785083333;0.50000000429832768;0.87499998177703658;0.26666663496760929
1;9.9;0.43260588252362459;0.25070318328806895;0;-0.25070323297155817;0.43260600732206572;0;0.5;-0.12499999785083333;0.50000000429832768;0.87499998177703658;0.26666663496760929
0;9.95;-0.41953529829083003;-0.27201115833261474;0;0.2720112116472968;-0.4195354195877728;0;0.5;-0.1249999978400332;0.50000000431992805;0.87499998203238934;0.26666663549908527
1;9.95;0.41953529829083003;0.27201115833261474;0;-0.2720112116472968;0.4195354195877728;0;0.5;-0.1249999978400332;0.50000000431992805;0.87499998203238934;0.26666663549908527
0;10;-0.40541609382170207;-0.29263924683191928;0;0.29263930350547041;-0.40541621140425377;0;0.5;-0.12499999782923305;0.50000000434152848;0.87499998230823264;0.26666663607136023
1;10;0.40541609382170207;0.29263924683191928;0;-0.29263930350547041;0.40541621140425377;0;0.5;-0.12499999782923305;0.50000000434152848;0.87499998230823264;0.26666663607136023
