# column style format: id;time;x;y;z;vx;vy;vz;mass;totalEnergy;totalSpecificAngularMomentum;rungeLenzVector;semiMajorAxis
# this file will be overwritten without any precaution
# used integrator was euler_cromer
0;0;0.49995000000000001;0.0050000000000000001;0;-0.0050000000000000001;0.5;0;0.5;-0.12499999968739064;0.50000000000000001;0.87499375015631362;0.26665422315858268
1;0;-0.49995000000000001;-0.0050000000000000001;0;0.0050000000000000001;-0.5;0;0.5;-0.12499999968739064;0.50000000000000001;0.87499375015631362;0.26665422315858268
0;0.01;0.49984999750056258;0.0099994999249981252;0;-0.010000249943740313;0.49994999249981259;0;0.5;-0.12499999874934367;0.5;0.87498750062550899;0.26664178152347622
1;0.01;-0.49984999750056258;-0.0099994999249981252;0;0.010000249943740313;-0.49994999249981259;0;0.5;-0.12499999874934367;0.5;0.87498750062550899;0.26664178152347622
0;0.02;0.49969999500512607;0.014997999600003767;0;-0.015000249543651567;0.49984996750056421;0;0.5;-0.12499999718557789;0.50000000000000002;0.87498125203322017;0.26662934300630373
1;0.02;-0.49969999500512607;-0.014997999600003767;0;0.015000249543651567;-0.49984996750056421;0;0.5;-0.12499999718557789;0.50000000000000002;0.87498125203322017;0.26662934300630373
0;0.03;0.49950000002275502;0.019994998800111387;0;-0.019999498237103227;0.49969992001076197;0;0.5;-0.12499999499587481;0.49999999999999999;0.8749750050053758;0.26661690885210777
1;0.03;-0.49950000002275502;-0.019994998800111387;0;0.019999498237103227;-0.49969992001076197;0;0.5;-0.12499999499587481;0.49999999999999999;0.8749750050053758;0.26661690885210777
0;0.04;0.49925002507038962;0.024989997300639385;0;-0.024997495236538891;0.49949985005279973;0;0.5;-0.12499999218007878;0.49999999999999995;0.87496876016813627;0.26660448030589225
1;0.04;-0.49925002507038962;-0.024989997300639385;0;0.024997495236538891;-0.49949985005279973;0;0.5;-0.12499999218007878;0.49999999999999995;0.87496876016813627;0.26660448030589225
0;0.05;0.49895008767459209;0.029982494927329014;0;-0.029993739579754396;0.49924976266896298;0;0.5;-0.12499998873809717;0.49999999999999997;0.87496251814783072;0.26659205861249739
1;0.05;-0.49895008767459209;-0.029982494927329014;0;0.029993739579754396;-0.49924976266896298;0;0.5;-0.12499998873809717;0.49999999999999997;0.87496251814783072;0.26659205861249739
0;0.06;0.49860021037278895;0.034971991606598307;0;-0.034987730180313786;0.4989496679269293;0;0.5;-0.12499998466990072;0.49999999999999999;0.87495627957089392;0.26657964501647447
1;0.06;-0.49860021037278895;-0.034971991606598307;0;0.034987730180313786;-0.4989496679269293;0;0.5;-0.12499998466990072;0.49999999999999999;0.87495627957089392;0.26657964501647447
0;0.07;0.498200420714008;0.039957987415845928;0;-0.039978965878098127;0.49859958092476186;0;0.5;-0.12499997997552348;0.50000000000000003;0.87495004506380292;0.26656724076196066
1;0.07;-0.498200420714008;-0.039957987415845928;0;0.039978965878098127;-0.49859958092476186;0;0.5;-0.12499997997552348;0.50000000000000003;0.87495004506380292;0.26656724076196066
0;0.08;0.49775075125910817;0.044939982633799856;0;-0.044966945489982042;0.49819952179539279;0;0.5;-0.12499997465506305;0.50000000000000002;0.87494381525301353;0.26655484709255348
1;0.08;-0.49775075125910817;-0.044939982633799856;0;0.044966945489982042;-0.49819952179539279;0;0.5;-0.12499997465506305;0.50000000000000002;0.87494381525301353;0.26655484709255348
0;0.09;0.49725123958050182;0.049917477790905794;0;-0.049951167860632924;0.49774951571059345;0;0.5;-0.12499996870868062;0.50000000000000002;0.87493759076489669;0.26654246525118542
1;0.09;-0.49725123958050182;-0.049917477790905794;0;0.049951167860632924;-0.49774951571059345;0;0.5;-0.12499996870868062;0.50000000000000002;0.87493759076489669;0.26654246525118542
0;0.1;0.49670192826136755;0.054889973719750081;0;-0.054931131913427474;0.49724959288442894;0;0.5;-0.12499996213660132;0.50000000000000001;0.87493137222567467;0.26653009647999825
1;0.1;-0.49670192826136755;-0.054889973719750081;0;0.054931131913427474;-0.49724959288442894;0;0.5;-0.12499996213660132;0.50000000000000001;0.87493137222567467;0.26653009647999825
0;0.11;0.49610286489435274;0.059856971605512024;0;-0.059906336701480462;0.49669978857619418;0;0.5;-0.12499995493911414;0.49999999999999998;0.87492516026135715;0.26651774202021731
1;0.11;-0.49610286489435274;-0.059856971605512024;0;0.059906336701480462;-0.49669978857619418;0;0.5;-0.12499995493911414;0.49999999999999998;0.87492516026135715;0.26651774202021731
0;0.12;0.49545410207976492;0.06481797303644031;0;-0.06487628145878023;0.49610014309282852;0;0.5;-0.12499994711657209;0.49999999999999995;0.87491895549767712;0.26650540311202581
1;0.12;-0.49545410207976492;-0.06481797303644031;0;0.06487628145878023;-0.49610014309282852;0;0.5;-0.12499994711657209;0.49999999999999995;0.87491895549767712;0.26650540311202581
0;0.13;0.49475569742325065;0.069772480054348371;0;-0.069840465651425709;0.49545070179080652;0;0.5;-0.12499993866939229;0.49999999999999993;0.87491275856002672;0.26649308099443902
1;0.13;-0.49475569742325065;-0.069772480054348371;0;0.069840465651425709;-0.49545070179080652;0;0.5;-0.12499993866939229;0.49999999999999993;0.87491275856002672;0.26649308099443902
0;0.14;0.49400771353296108;0.074719995205123388;0;-0.074798389028959328;0.4947515150775022;0;0.5;-0.12499992959805628;0.49999999999999995;0.8749065700733929;0.26648077690517839
1;0.14;-0.49400771353296108;-0.074719995205123388;0;0.074798389028959328;-0.4947515150775022;0;0.5;-0.12499992959805628;0.49999999999999995;0.8749065700733929;0.26648077690517839
0;0.15;0.49321021801620318;0.079660021589243624;0;-0.079749551675790495;0.49400263841202413;0;0.5;-0.12499991990310988;0.49999999999999996;0.87490039066229305;0.26646849208054569
1;0.15;-0.49321021801620318;-0.079660021589243624;0;0.079749551675790495;-0.49400263841202413;0;0.5;-0.12499991990310988;0.49999999999999996;0.87490039066229305;0.26646849208054569
0;0.16;0.49236328347557612;0.084592062912298815;0;-0.084693454062703954;0.49320413230551907;0;0.5;-0.12499990958516338;0.49999999999999996;0.87489422095071038;0.2664562277552971
1;0.16;-0.49236328347557612;-0.084592062912298815;0;0.084693454062703954;-0.49320413230551907;0;0.5;-0.12499990958516338;0.49999999999999996;0.87489422095071038;0.2664562277552971
0;0.17;0.49146698750459167;0.089515623535508224;0;-0.08962959709844745;0.49235606232094142;0;0.5;-0.12499989864489167;0.49999999999999995;0.87488806156202936;0.26644398516251744
1;0.17;-0.49146698750459167;-0.089515623535508224;0;0.08962959709844745;-0.49235606232094142;0;0.5;-0.12499989864489167;0.49999999999999995;0.87488806156202936;0.26644398516251744
0;0.18;0.49052141268277771;0.094430208526231088;0;-0.094557482181393052;0.49145849907228661;0;0.5;-0.12499988708303421;0.49999999999999991;0.87488191311897092;0.26643176553349409
1;0.18;-0.49052141268277771;-0.094430208526231088;0;0.094557482181393052;-0.49145849907228661;0;0.5;-0.12499988708303421;0.49999999999999991;0.87488191311897092;0.26643176553349409
0;0.19;0.48952664657026507;0.099335323708463943;0;-0.099476611251266334;0.49051151822328548;0;0.5;-0.12499987490039508;0.49999999999999994;0.8748757762435277;0.2664195700975914
1;0.19;-0.48952664657026507;-0.099335323708463943;0;0.099476611251266334;-0.49051151822328548;0;0.5;-0.12499987490039508;0.49999999999999994;0.8748757762435277;0.2664195700975914
0;0.2;0.48848278170185572;0.10423047571331952;0;-0.10438648684093771;0.4895152004855578;0;0.5;-0.12499986209784336;0.49999999999999994;0.8748696515568992;0.26640740008212464
1;0.2;-0.48848278170185572;-0.10423047571331952;0;0.10438648684093771;-0.4895152004855578;0;0.5;-0.12499986209784336;0.49999999999999994;0.8748696515568992;0.26640740008212464
0;0.21;0.48738991558057304;0.10911517202948175;0;-0.10928661212827;0.48846963161622303;0;0.5;-0.12499984867631262;0.49999999999999997;0.87486353967942671;0.2663952567122344
1;0.21;-0.48738991558057304;-0.10911517202948175;0;0.10928661212827;-0.48846963161622303;0;0.5;-0.12499984867631262;0.49999999999999997;0.87486353967942671;0.2663952567122344
0;0.22;0.48624815067069288;0.1139889210536314;0;-0.11417649098801638;0.48737490241496539;0;0.5;-0.12499983463680162;0.49999999999999998;0.87485744123052839;0.26638314121076086
1;0.22;-0.48624815067069288;-0.1139889210536314;0;0.11417649098801638;-0.48737490241496539;0;0.5;-0.12499983463680162;0.49999999999999998;0.87485744123052839;0.26638314121076086
0;0.23;0.48505759439025525;0.11885123214083691;0;-0.11905562804376281;0.48623110872055197;0;0.5;-0.1249998199803738;0.49999999999999998;0.87485135682863416;0.26637105479811821
1;0.23;-0.48505759439025525;-0.11885123214083691;0;0.11905562804376281;-0.48623110872055197;0;0.5;-0.1249998199803738;0.49999999999999998;0.87485135682863416;0.26637105479811821
0;0.24;0.48381835910305615;0.12370161565490492;0;-0.12392352871990879;0.48503835140680157;0;0.5;-0.12499980470815765;0.49999999999999998;0.8748452870911206;0.26635899869216912
1;0.24;-0.48381835910305615;-0.12370161565490492;0;0.12392352871990879;-0.48503835140680157;0;0.5;-0.12499980470815765;0.49999999999999998;0.8748452870911206;0.26635899869216912
0;0.25;0.48253056211011935;0.12853958301868496;0;-0.12877969929368055;0.48379673637800225;0;0.5;-0.1249997888213466;0.49999999999999998;0.87483923263424576;0.26634697410809939
1;0.25;-0.48253056211011935;-0.12853958301868496;0;0.12877969929368055;-0.48379673637800225;0;0.5;-0.1249997888213466;0.49999999999999998;0.87483923263424576;0.26634697410809939
0;0.26;0.48119432564064762;0.13336464676432272;0;-0.13362364694717049;0.48250637456377621;0;0.5;-0.12499977232119906;0.49999999999999997;0.87483319407308398;0.26633498225829259
1;0.26;-0.48119432564064762;-0.13336464676432272;0;0.13362364694717049;-0.48250637456377621;0;0.5;-0.12499977232119906;0.49999999999999997;0.87483319407308398;0.26633498225829259
0;0.27;0.47980977684245368;0.13817632058345661;0;-0.13845487981939675;0.48116738191338942;0;0.5;-0.12499975520903838;0.49999999999999997;0.87482717202146069;0.26632302435220506
1;0.27;-0.47980977684245368;-0.13817632058345661;0;0.13845487981939675;-0.48116738191338942;0;0.5;-0.12499975520903838;0.49999999999999997;0.87482717202146069;0.26632302435220506
0;0.28;0.4783770477718699;0.14297411937735166;0;-0.14327290705837659;0.47977987938950545;0;0.5;-0.12499973748625305;0.49999999999999994;0.87482116709188719;0.26631110159624075
1;0.28;-0.4783770477718699;-0.14297411937735166;0;0.14327290705837659;-0.47977987938950545;0;0.5;-0.12499973748625305;0.49999999999999994;0.87482116709188719;0.26631110159624075
0;0.29;0.47689627538313784;0.14775755930696546;0;-0.14807723887320759;0.47834399296138058;0;0.5;-0.12499971915429643;0.49999999999999993;0.87481517989549536;0.26629921519362656
1;0.29;-0.47689627538313784;-0.14775755930696546;0;0.14807723887320759;-0.47834399296138058;0;0.5;-0.12499971915429643;0.49999999999999993;0.87481517989549536;0.26629921519362656
0;0.3;0.47536760151727636;0.15252615784294046;0;-0.15286738658615004;0.47685985359749983;0;0.5;-0.12499970021468686;0.49999999999999993;0.87480921104197245;0.26628736634428765
1;0.3;-0.47536760151727636;-0.15252615784294046;0;0.15286738658615004;-0.47685985359749983;0;0.5;-0.12499970021468686;0.49999999999999993;0.87480921104197245;0.26628736634428765
0;0.31;0.47379117289042932;0.15727943381551698;0;-0.15764286268470443;0.47532759725765161;0;0.5;-0.12499968066900772;0.49999999999999995;0.87480326113949586;0.26627555624472291
1;0.31;-0.47379117289042932;-0.15727943381551698;0;0.15764286268470443;-0.47532759725765161;0;0.5;-0.12499968066900772;0.49999999999999995;0.87480326113949586;0.26627555624472291
0;0.32;0.47216714108169255;0.16201690746436137;0;-0.1624031808736775;0.47374736488443991;0;0.5;-0.12499966051890725;0.49999999999999994;0.87479733079466796;0.26626378608788085
1;0.32;-0.47216714108169255;-0.16201690746436137;0;0.1624031808736775;-0.47374736488443991;0;0.5;-0.12499966051890725;0.49999999999999994;0.87479733079466796;0.26626378608788085
0;0.33;0.47049566252042024;0.1667381004883037;0;-0.16714785612723057;0.47211930239423294;0;0.5;-0.12499963976609867;0.49999999999999991;0.87479142061245079;0.2662520570630355
1;0.33;-0.47049566252042024;-0.1667381004883037;0;0.16714785612723057;-0.47211930239423294;0;0.5;-0.12499963976609867;0.49999999999999991;0.87479142061245079;0.2662520570630355
0;0.34;0.46877689847301118;0.17144253609497917;0;-0.17187640474090346;0.47044356066754656;0;0.5;-0.12499961841235999;0.49999999999999988;0.874785531196101;0.26624037035566267
1;0.34;-0.46877689847301118;-0.17144253609497917;0;0.17187640474090346;-0.47044356066754656;0;0.5;-0.12499961841235999;0.49999999999999988;0.874785531196101;0.26624037035566267
0;0.35;0.46701101502917508;0.17612973905036777;0;-0.17658834438360763;0.46872029553886152;0;0.5;-0.12499959645953389;0.49999999999999986;0.87477966314710466;0.26622872714731639
1;0.35;-0.46701101502917508;-0.17612973905036777;0;0.17658834438360763;-0.46872029553886152;0;0.5;-0.12499959645953389;0.49999999999999986;0.87477966314710466;0.26622872714731639
0;0.36;0.46519818308767924;0.18079923572822651;0;-0.18128319414958191;0.46694966778587355;0;0.5;-0.12499957390952807;0.49999999999999982;0.87477381706511228;0.26621712861550568
1;0.36;-0.46519818308767924;-0.18079923572822651;0;0.18128319414958191;-0.46694966778587355;0;0.5;-0.12499957390952807;0.49999999999999982;0.87477381706511228;0.26621712861550568
0;0.37;0.46333857834157621;0.18545055415940825;0;-0.18596047461030435;0.46513184311817529;0;0.5;-0.12499955076431464;0.49999999999999982;0.8747679935478737;0.2662055759335715
1;0.37;-0.46333857834157621;-0.18545055415940825;0;0.18596047461030435;-0.46513184311817529;0;0.5;-0.12499955076431464;0.49999999999999982;0.8747679935478737;0.2662055759335715
0;0.38;0.46143238126291269;0.19008322408106193;0;-0.19061970786635329;0.46326699216536893;0;0.5;-0.12499952702593041;0.4999999999999998;0.87476219319117321;0.26619407027056411
1;0.38;-0.46143238126291269;-0.19008322408106193;0;0.19061970786635329;-0.46326699216536893;0;0.5;-0.12499952702593041;0.4999999999999998;0.87476219319117321;0.26619407027056411
0;0.39;0.45947977708692056;0.19469677698570803;0;-0.19526041759921126;0.46135529046460905;0;0.5;-0.12499950269647667;0.49999999999999981;0.87475641658876464;0.26618261279112063
1;0.39;-0.45947977708692056;-0.19469677698570803;0;0.19526041759921126;-0.46135529046460905;0;0.5;-0.12499950269647667;0.49999999999999981;0.87475641658876464;0.26618261279112063
0;0.4;0.45748095579569054;0.19929074617018377;0;-0.19988212912300468;0.45939691844757452;0;0.5;-0.12499947777811901;0.49999999999999983;0.8747506643323066;0.26617120465534307
1;0.4;-0.45748095579569054;-0.19929074617018377;0;0.19988212912300468;-0.45939691844757452;0;0.5;-0.12499947777811901;0.49999999999999983;0.8747506643323066;0.26617120465534307
0;0.41;0.45543611210132878;0.20386466678445248;0;-0.20448436943617304;0.4573920614268695;0;0.5;-0.12499945227308754;0.49999999999999979;0.87474493701129778;0.26615984701867646
1;0.41;-0.45543611210132878;-0.20386466678445248;0;0.20448436943617304;-0.4573920614268695;0;0.5;-0.12499945227308754;0.49999999999999979;0.87474493701129778;0.26615984701867646
0;0.42;0.45334544542859817;0.208418075880271;0;-0.20906666727306031;0.45534090958185219;0;0.5;-0.12499942618367641;0.49999999999999976;0.87473923521301229;0.26614854103178759
1;0.42;-0.45334544542859817;-0.208418075880271;0;0.20906666727306031;-0.45534090958185219;0;0.5;-0.12499942618367641;0.49999999999999976;0.87473923521301229;0.26614854103178759
0;0.43;0.45120915989704397;0.21295051245970992;0;-0.21362855315542201;0.45324365794389138;0;0.5;-0.12499939951224374;0.49999999999999976;0.87473355952243525;0.26613728784044397
1;0.43;-0.45120915989704397;-0.21295051245970992;0;0.21362855315542201;-0.45324365794389138;0;0.5;-0.12499939951224374;0.49999999999999976;0.87473355952243525;0.26613728784044397
0;0.44;0.44902746430260554;0.21746151752352041;0;-0.21816955944384109;0.4511005063810502;0;0.5;-0.12499937226121185;0.49999999999999976;0.87472791052219837;0.2661260885853931
1;0.44;-0.44902746430260554;-0.21746151752352041;0;0.21816955944384109;-0.4511005063810502;0;0.5;-0.12499937226121185;0.49999999999999976;0.87472791052219837;0.2661260885853931
0;0.45;0.4468005720987151;0.22195063411934238;0;-0.22268922038904576;0.44891165958219686;0;0.5;-0.12499934443306655;0.49999999999999979;0.87472228879251572;0.26611494440224239
1;0.45;-0.4468005720987151;-0.22195063411934238;0;0.22268922038904576;-0.44891165958219686;0;0.5;-0.12499934443306655;0.49999999999999979;0.87472228879251572;0.26611494440224239
0;0.46;0.44452870137688388;0.2264174073897478;0;-0.22718707218312212;0.44667732704054225;0;0.5;-0.12499931603035755;0.49999999999999982;0.87471669491111962;0.26610385642133918
1;0.46;-0.44452870137688388;-0.2264174073897478;0;0.22718707218312212;-0.44667732704054225;0;0.5;-0.12499931603035755;0.49999999999999982;0.87471669491111962;0.26610385642133918
0;0.47;0.44221207484677771;0.23086138462011385;0;-0.23166265301061503;0.44439772303660402;0;0.5;-0.12499928705569794;0.49999999999999981;0.87471112945319668;0.2660928257676514
1;0.47;-0.44221207484677771;-0.23086138462011385;0;0.23166265301061503;-0.44439772303660402;0;0.5;-0.12499928705569794;0.49999999999999981;0.87471112945319668;0.2660928257676514
0;0.48;0.43985091981578261;0.23528211528631982;0;-0.23611550309950993;0.44207306662059759;0;0.5;-0.12499925751176421;0.49999999999999979;0.87470559299132393;0.2660818535606486
1;0.48;-0.43985091981578261;-0.23528211528631982;0;0.23611550309950993;-0.44207306662059759;0;0.5;-0.12499925751176421;0.49999999999999979;0.87470559299132393;0.2660818535606486
0;0.49;0.43744546816806174;0.23967915110226234;0;-0.24054516477208884;0.43970358159425366;0;0.5;-0.12499922740129586;0.4999999999999998;0.8747000860954052;0.26607094091418342
1;0.49;-0.43744546816806174;-0.23967915110226234;0;0.24054516477208884;-0.43970358159425366;0;0.5;-0.12499922740129586;0.4999999999999998;0.8747000860954052;0.26607094091418342
0;0.5;0.43499595634310523;0.24405204606718298;0;-0.24495118249565334;0.43728949649206272;0;0.5;-0.12499919672709554;0.49999999999999983;0.87469460933260765;0.26606008893637351
1;0.5;-0.43499595634310523;-0.24405204606718298;0;0.24495118249565334;-0.43728949649206272;0;0.5;-0.12499919672709554;0.49999999999999983;0.87469460933260765;0.26606008893637351
0;0.51;0.43250262531377415;0.24840035651280246;0;-0.24933310293310768;0.43483104456194677;0;0.5;-0.12499916549202858;0.49999999999999982;0.87468916326729847;0.26604929872948395
1;0.51;-0.43250262531377415;-0.24840035651280246;0;0.24933310293310768;-0.43483104456194677;0;0.5;-0.12499916549202858;0.49999999999999982;0.87468916326729847;0.26604929872948395
0;0.52;0.42996572056384019;0.25272364115025603;0;-0.25369047499339492;0.4323284637453586;0;0.5;-0.12499913369902297;0.49999999999999982;0.87468374846098168;0.26603857138981023
1;0.52;-0.42996572056384019;-0.25272364115025603;0;0.25369047499339492;-0.4323284637453586;0;0.5;-0.12499913369902297;0.49999999999999982;0.87468374846098168;0.26603857138981023
0;0.53;0.42738549206502241;0.25702146111682411;0;-0.25802284988177882;0.42978199665680905;0;0.5;-0.124999101351069;0.49999999999999982;0.87467836547223532;0.26602790800756164
1;0.53;-0.42738549206502241;-0.25702146111682411;0;0.25802284988177882;-0.42978199665680905;0;0.5;-0.124999101351069;0.49999999999999982;0.87467836547223532;0.26602790800756164
0;0.54;0.42476219425352274;0.26129338002245234;0;-0.2623297811499648;0.42719189056282286;0;0.5;-0.12499906845121919;0.4999999999999998;0.87467301485664865;0.26601730966674521
1;0.54;-0.42476219425352274;-0.26129338002245234;0;0.2623297811499648;-0.42719189056282286;0;0.5;-0.12499906845121919;0.4999999999999998;0.87467301485664865;0.26601730966674521
0;0.55;0.42209608600606219;0.26553896399605559;0;-0.26661082474605252;0.4245583973603238;0;0.5;-0.12499903500258787;0.49999999999999978;0.87466769716675968;0.26600677744505024
1;0.55;-0.42209608600606219;-0.26553896399605559;0;0.26661082474605252;-0.4245583973603238;0;0.5;-0.12499903500258787;0.49999999999999978;0.87466769716675968;0.26600677744505024
0;0.56;0.41938743061541905;0.26975778173160009;0;-0.27086553906431282;0.42188177355444989;0;0.5;-0.12499900100835128;0.49999999999999976;0.87466241295199288;0.2659963124137333
1;0.56;-0.41938743061541905;-0.26975778173160009;0;0.27086553906431282;-0.42188177355444989;0;0.5;-0.12499900100835128;0.49999999999999976;0.87466241295199288;0.2659963124137333
0;0.57;0.41663649576547124;0.27394940453395811;0;-0.27509348499478264;0.41916228023579927;0;0.5;-0.12499896647174691;0.49999999999999979;0.87465716275859717;0.26598591563750388
1;0.57;-0.41663649576547124;-0.27394940453395811;0;0.27509348499478264;-0.41916228023579927;0;0.5;-0.12499896647174691;0.49999999999999979;0.87465716275859717;0.26598591563750388
0;0.58;0.41384355350574453;0.27811340636452919;0;-0.27929422597266984;0.41640018305710808;0;0.5;-0.12499893139607366;0.49999999999999979;0.87465194712958407;0.26597558817441054
1;0.58;-0.41384355350574453;-0.27811340636452919;0;0.27929422597266984;-0.41640018305710808;0;0.5;-0.12499893139607366;0.49999999999999979;0.87465194712958407;0.26597558817441054
0;0.59;0.41100888022546894;0.28224936388662281;0;-0.28346732802756136;0.41359575220936123;0;0.5;-0.12499889578469111;0.49999999999999984;0.87464676660466617;0.26596533107572776
1;0.59;-0.41100888022546894;-0.28224936388662281;0;0.28346732802756136;-0.41359575220936123;0;0.5;-0.12499889578469111;0.49999999999999984;0.87464676660466617;0.26596533107572776
0;0.6;0.40813275662714465;0.28635685651059617;0;-0.28761235983242733;0.41074926239733711;0;0.5;-0.12499885964101976;0.49999999999999983;0.87464162172019588;0.26595514538584327
1;0.6;-0.40813275662714465;-0.28635685651059617;0;0.28761235983242733;-0.41074926239733711;0;0.5;-0.12499885964101976;0.49999999999999983;0.87464162172019588;0.26595514538584327
0;0.61;0.40521546769962052;0.29043546643874207;0;-0.29172889275241415;0.40786099281458782;0;0.5;-0.12499882296854031;0.49999999999999987;0.87463651300910429;0.26594503214214616
1;0.61;-0.40521546769962052;-0.29043546643874207;0;0.29172889275241415;-0.40786099281458782;0;0.5;-0.12499882296854031;0.49999999999999987;0.87463651300910429;0.26594503214214616
0;0.62;0.40225730269068632;0.29448477870992062;0;-0.29581650089341904;0.40493122711785584;0;0.5;-0.12499878577079384;0.49999999999999986;0.87463144100084058;0.26593499237491543
1;0.62;-0.40225730269068632;-0.29448477870992062;0;0.29581650089341904;-0.40493122711785584;0;0.5;-0.12499878577079384;0.49999999999999986;0.87463144100084058;0.26593499237491543
0;0.63;0.39925855507918195;0.29850438124392992;0;-0.29987476115043926;0.40196025340092911;0;0.5;-0.12499874805138084;0.49999999999999987;0.87462640622131144;0.26592502710720943
1;0.63;-0.39925855507918195;-0.29850438124392992;0;0.29987476115043926;-0.40196025340092911;0;0.5;-0.12499874805138084;0.49999999999999987;0.87462640622131144;0.26592502710720943
0;0.64;0.39621952254662507;0.30249386488560925;0;-0.30390325325568857;0.39894836416793572;0;0.5;-0.1249987098139616;0.49999999999999989;0.87462140919282095;0.26591513735475571
1;0.64;-0.39621952254662507;-0.30249386488560925;0;0.30390325325568857;-0.39894836416793572;0;0.5;-0.1249987098139616;0.49999999999999989;0.87462140919282095;0.26591513735475571
0;0.65;0.39314050694836034;0.30645282344867003;0;-0.3079015598264736;0.39589585630607999;0;0.5;-0.12499867106225549;0.49999999999999986;0.87461645043401079;0.26590532412584181
1;0.65;-0.39314050694836034;-0.30645282344867003;0;0.3079015598264736;-0.39589585630607999;0;0.5;-0.12499867106225549;0.49999999999999986;0.87461645043401079;0.26590532412584181
0;0.66;0.3900218142842321;0.31038085375924823;0;-0.3118692664128237;0.39280303105782188;0;0.5;-0.12499863180004078;0.49999999999999984;0.87461153045980057;0.26589558842120655
1;0.66;-0.3900218142842321;-0.31038085375924823;0;0.3118692664128237;-0.39280303105782188;0;0.5;-0.12499863180004078;0.49999999999999984;0.87461153045980057;0.26589558842120655
0;0.67;0.38686375466878342;0.31427755569917326;0;-0.31580596154486601;0.38967019399250141;0;0.5;-0.1249985920311543;0.49999999999999981;0.87460664978132873;0.26588593123393209
1;0.67;-0.38686375466878342;-0.31427755569917326;0;0.31580596154486601;-0.38967019399250141;0;0.5;-0.1249985920311543;0.49999999999999981;0.87460664978132873;0.26588593123393209
0;0.68;0.38366664230098402;0.31814253224894734;0;-0.31971123677993951;0.38649765497741012;0;0.5;-0.12499855175949087;0.49999999999999978;0.8746018089058936;0.26587635354933675
1;0.68;-0.38366664230098402;-0.31814253224894734;0;0.31971123677993951;-0.38649765497741012;0;0.5;-0.12499855175949087;0.49999999999999978;0.8746018089058936;0.26587635354933675
0;0.69;0.38043079543348962;0.32197538953043048;0;-0.3235846867494403;0.3832857281483118;0;0.5;-0.12499851098900334;0.49999999999999977;0.87459700833689487;0.26586685634486856
1;0.69;-0.38043079543348962;-0.32197538953043048;0;0.3235846867494403;-0.3832857281483118;0;0.5;-0.12499851098900334;0.49999999999999977;0.87459700833689487;0.26586685634486856
0;0.7;0.3771565363414357;0.32577573684922462;0;-0.32742590920539139;0.38003473187941456;0;0.5;-0.124998469723702;0.49999999999999977;0.87459224857377543;0.26585744058999945
1;0.7;-0.3771565363414357;-0.32577573684922462;0;0.32742590920539139;-0.38003473187941456;0;0.5;-0.124998469723702;0.49999999999999977;0.87459224857377543;0.26585744058999945
0;0.71;0.3738441912907684;0.32954318673675259;0;-0.33123450506672936;0.37674498875279655;0;0.5;-0.1249984279676542;0.49999999999999976;0.8745875301119635;0.2658481072461204
1;0.71;-0.3738441912907684;-0.32954318673675259;0;0.33123450506672936;-0.37674498875279655;0;0.5;-0.1249984279676542;0.49999999999999976;0.8745875301119635;0.2658481072461204
0;0.72;0.37049409050611537;0.33327735499202549;0;-0.3350100784653014;0.37341682552728794;0;0.5;-0.12499838572498406;0.49999999999999976;0.87458285344281519;0.2658388572664372
1;0.72;-0.37049409050611537;-0.33327735499202549;0;0.3350100784653014;-0.37341682552728794;0;0.5;-0.12499838572498406;0.49999999999999976;0.87458285344281519;0.2658388572664372
0;0.73;0.3671065681381997;0.3369778607230936;0;-0.33875223679156496;0.37005057310681128;0;0.5;-0.12499834299987198;0.49999999999999973;0.87457821905355743;0.26582969159586709
1;0.73;-0.3671065681381997;-0.3369778607230936;0;0.33875223679156496;-0.37005057310681128;0;0.5;-0.12499834299987198;0.49999999999999973;0.87457821905355743;0.26582969159586709
0;0.74;0.36368196223079985;0.34064432638817543;0;-0.34246059073998342;0.36664656650818334;0;0.5;-0.12499829979655439;0.49999999999999971;0.87457362742723122;0.26582061117093618
1;0.74;-0.36368196223079985;-0.34064432638817543;0;0.34246059073998342;-0.36664656650818334;0;0.5;-0.12499829979655439;0.49999999999999971;0.87457362742723122;0.26582061117093618
0;0.75;0.36022061468725874;0.34427637783645926;0;-0.34613475435411023;0.36320514482838084;0;0.5;-0.12499825611932321;0.4999999999999997;0.87456907904263543;0.26581161691967769
1;0.75;-0.36022061468725874;-0.34427637783645926;0;0.34613475435411023;-0.36320514482838084;0;0.5;-0.12499825611932321;0.4999999999999997;0.87456907904263543;0.26581161691967769
0;0.76;0.35672287123654517;0.34787364434857199;0;-0.34977434507135519;0.35972665121127301;0;0.5;-0.12499821197252541;0.49999999999999969;0.87456457437427081;0.265802709761531
1;0.76;-0.35672287123654517;-0.34787364434857199;0;0.34977434507135519;-0.35972665121127301;0;0.5;-0.12499821197252541;0.49999999999999969;0.87456457437427081;0.265802709761531
0;0.77;0.3531890813988709;0.35143575867671023;0;-0.35337898376742477;0.35621143281382378;0;0.5;-0.12499816736056296;0.49999999999999966;0.87456011389228457;0.26579389060724162
1;0.77;-0.3531890813988709;-0.35143575867671023;0;0.35337898376742477;-0.35621143281382378;0;0.5;-0.12499816736056296;0.49999999999999966;0.87456011389228457;0.26579389060724162
0;0.78;0.3496195984508666;0.35496235708442792;0;-0.3569482948004305;0.35265984077176715;0;0.5;-0.12499812228789166;0.49999999999999968;0.87455569806241529;0.26578516035876196
1;0.78;-0.3496195984508666;-0.35496235708442792;0;0.3569482948004305;-0.35265984077176715;0;0.5;-0.12499812228789166;0.49999999999999968;0.87455569806241529;0.26578516035876196
0;0.79;0.34601477939031999;0.35845307938607551;0;-0.3604819060546578;0.34907223016475808;0;0.5;-0.12499807675902155;0.49999999999999967;0.87455132734593834;0.26577651990915292
1;0.79;-0.34601477939031999;-0.35845307938607551;0;0.3604819060546578;-0.34907223016475808;0;0.5;-0.12499807675902155;0.49999999999999967;0.87455132734593834;0.26577651990915292
0;0.8;0.34237498490048013;0.36190756898588555;0;-0.36397944898398832;0.34544895998100306;0;0.5;-0.12499803077851581;0.4999999999999997;0.87454700219961165;0.26576797014248655
1;0.8;-0.34237498490048013;-0.36190756898588555;0;0.36397944898398832;-0.34544895998100306;0;0.5;-0.12499803077851581;0.4999999999999997;0.87454700219961165;0.26576797014248655
0;0.81;0.33870057931393044;0.36532547291669926;0;-0.36744055865496927;0.34179039308137293;0;0.5;-0.12499798435099073;0.49999999999999967;0.87454272307562203;0.26575951193374934
1;0.81;-0.33870057931393044;-0.36532547291669926;0;0.36744055865496927;-0.34179039308137293;0;0.5;-0.12499798435099073;0.49999999999999967;0.87454272307562203;0.26575951193374934
0;0.82;0.33499193057603521;0.36870644187832929;0;-0.37086487378952249;0.33809689616300198;0;0.5;-0.12499793748111494;0.4999999999999997;0.8745384904215318;0.26575114614874675
1;0.82;-0.33499193057603521;-0.36870644187832929;0;0.37086487378952249;-0.33809689616300198;0;0.5;-0.12499793748111494;0.4999999999999997;0.8745384904215318;0.26575114614874675
0;0.83;0.33124941020796234;0.37205013027555306;0;-0.37425203680728625;0.33436883972237652;0;0.5;-0.12499789017360906;0.49999999999999968;0.87453430468022611;0.26574287364400832
1;0.83;-0.33124941020796234;-0.37205013027555306;0;0.37425203680728625;-0.33436883972237652;0;0.5;-0.12499789017360906;0.49999999999999968;0.87453430468022611;0.26574287364400832
0;0.84;0.32747339326928648;0.37535619625573224;0;-0.3776016938675833;0.3306065980179172;0;0.5;-0.12499784243324539;0.49999999999999966;0.87453016628986051;0.26573469526669403
1;0.84;-0.32747339326928648;-0.37535619625573224;0;0.3776016938675833;-0.3306065980179172;0;0.5;-0.12499784243324539;0.49999999999999966;0.87453016628986051;0.26573469526669403
0;0.85;0.32366425832017642;0.37862430174605283;0;-0.38091349491100829;0.32681054903205797;0;0.5;-0.12499779426484702;0.49999999999999971;0.87452607568380911;0.26572661185450136
1;0.85;-0.32366425832017642;-0.37862430174605283;0;0.38091349491100829;-0.32681054903205797;0;0.5;-0.12499779426484702;0.49999999999999971;0.87452607568380911;0.26572661185450136
0;0.86;0.31982238738317015;0.38185411249038109;0;-0.38418709370062742;0.32298107443282631;0;0.5;-0.12499774567328782;0.49999999999999971;0.8745220332906133;0.26571862423557346
1;0.86;-0.31982238738317015;-0.38185411249038109;0;0.38418709370062742;-0.32298107443282631;0;0.5;-0.12499774567328782;0.49999999999999971;0.8745220332906133;0.26571862423557346
0;0.87;0.31594816590454233;0.3850452980857304;0;-0.38742214786278423;0.31911855953492857;0;0.5;-0.12499769666349137;0.49999999999999971;0.87451803953393083;0.26571073322840832
1;0.87;-0.31594816590454233;-0.3850452980857304;0;0.38742214786278423;-0.31911855953492857;0;0.5;-0.12499769666349137;0.49999999999999971;0.87451803953393083;0.26571073322840832
0;0.88;0.31204198271526729;0.38819753201833385;0;-0.39061831892750426;0.31522339326034438;0;0.5;-0.12499764724043106;0.49999999999999972;0.87451409483248542;0.26570293964176872
1;0.88;-0.31204198271526729;-0.38819753201833385;0;0.39061831892750426;-0.31522339326034438;0;0.5;-0.12499764724043106;0.49999999999999972;0.87451409483248542;0.26570293964176872
0;0.89;0.30810422999158238;0.3913104916993182;0;-0.39377527236849214;0.31129596809843418;0;0.5;-0.12499759740912914;0.49999999999999972;0.87451019960001708;0.2656952442745935
1;0.89;-0.30810422999158238;-0.3913104916993182;0;0.39377527236849214;-0.31129596809843418;0;0.5;-0.12499759740912914;0.49999999999999972;0.87451019960001708;0.2656952442745935
0;0.9;0.30413530321515525;0.39438385849997387;0;-0.39689267764271474;0.3073366800655648;0;0.5;-0.12499754717465621;0.49999999999999973;0.87450635424523268;0.26568764791590956
1;0.9;-0.30413530321515525;-0.39438385849997387;0;0.39689267764271474;-0.3073366800655648;0;0.5;-0.12499754717465621;0.49999999999999973;0.87450635424523268;0.26568764791590956
0;0.91;0.30013560113285964;0.39741731778661643;0;-0.39997020822956353;0.3033459286642568;0;0.5;-0.12499749654213093;0.49999999999999974;0.87450255917175721;0.26568015134474503
1;0.91;-0.30013560113285964;-0.39741731778661643;0;0.39997020822956353;-0.3033459286642568;0;0.5;-0.12499749654213093;0.49999999999999974;0.87450255917175721;0.26568015134474503
0;0.92;0.29610552571616372;0.40041055895503502;0;-0.40300754166958963;0.2993241168418585;0;0.5;-0.12499744551671929;0.49999999999999976;0.8744988147780856;0.26567275533004342
1;0.92;-0.29610552571616372;-0.40041055895503502;0;0.40300754166958963;-0.2993241168418585;0;0.5;-0.12499744551671929;0.49999999999999976;0.8744988147780856;0.26567275533004342
0;0.93;0.29204548212013565;0.40336327546452255;0;-0.40600435960280534;0.29527165094875113;0;0.5;-0.12499739410363398;0.49999999999999975;0.87449512145753506;0.26566546063057893
1;0.93;-0.29204548212013565;-0.40336327546452255;0;0.40600435960280534;-0.29527165094875113;0;0.5;-0.12499739410363398;0.49999999999999975;0.87449512145753506;0.26566546063057893
0;0.94;0.28795587864207017;0.40627516487148346;0;-0.40896034780654578;0.29118894069609003;0;0.5;-0.12499734230813405;0.49999999999999975;0.87449147959819789;0.26565826799487261
1;0.94;-0.28795587864207017;-0.40627516487148346;0;0.40896034780654578;-0.29118894069609003;0;0.5;-0.12499734230813405;0.49999999999999975;0.87449147959819789;0.26565826799487261
0;0.95;0.28383712667974131;0.40914592886261431;0;-0.41187519623288366;0.28707639911308658;0;0.5;-0.1249972901355242;0.49999999999999971;0.87448788958289499;0.26565117816110981
1;0.95;-0.28383712667974131;-0.40914592886261431;0;0.41187519623288366;-0.28707639911308658;0;0.5;-0.1249972901355242;0.49999999999999971;0.87448788958289499;0.26565117816110981
0;0.96;0.27968964068928537;0.41197527328765265;0;-0.41474859904559197;0.28293444250383548;0;0.5;-0.12499723759115426;0.49999999999999969;0.87448435178912989;0.26564419185705858
1;0.96;-0.27968964068928537;-0.41197527328765265;0;0.41474859904559197;-0.28293444250383548;0;0.5;-0.12499723759115426;0.49999999999999969;0.87448435178912989;0.26564419185705858
0;0.97;0.2755138381427189;0.41476290819168959;0;-0.41758025465664733;0.27876349040369314;0;0.5;-0.12499718468041836;0.49999999999999973;0.87448086658904334;0.26563730979998927
1;0.97;-0.2755138381427189;-0.41476290819168959;0;0.41758025465664733;-0.27876349040369314;0;0.5;-0.12499718468041836;0.49999999999999973;0.87448086658904334;0.26563730979998927
0;0.98;0.27131013948509625;0.41750854784704172;0;-0.42036986576226831;0.27456396553521145;0;0.5;-0.12499713140875489;0.49999999999999977;0.87447743434936857;0.26563053269659505
1;0.98;-0.27131013948509625;-0.41750854784704172;0;0.42036986576226831;-0.27456396553521145;0;0.5;-0.12499713140875489;0.49999999999999977;0.87447743434936857;0.26563053269659505
0;0.99;0.26707896809131143;0.42021191078467807;0;-0.42311713937848278;0.27033629376363283;0;0.5;-0.12499707778164528;0.49999999999999977;0.87447405543138707;0.26562386124291378
1;0.99;-0.26707896809131143;-0.42021191078467807;0;0.42311713937848278;-0.27033629376363283;0;0.5;-0.12499707778164528;0.49999999999999977;0.87447405543138707;0.26562386124291378
0;1;0.26282075022254925;0.42287271982519758;0;-0.4258217868762178;0.26608090405195151;0;0.5;-0.12499702380461371;0.49999999999999977;0.87447073019088494;0.26561729612425084
1;1;-0.26282075022254925;-0.42287271982519758;0;0.4258217868762178;-0.26608090405195151;0;0.5;-0.12499702380461371;0.49999999999999977;0.87447073019088494;0.26561729612425084
0;1.01;0.2585359149823902;0.42549070210935303;0;-0.42848352401590634;0.26179822841554634;0;0.5;-0.1249969694832266;0.49999999999999975;0.87446745897811;0.26561083801510324
1;1.01;-0.2585359149823902;-0.42549070210935303;0;0.42848352401590634;-0.26179822841554634;0;0.5;-0.1249969694832266;0.49999999999999975;0.87446745897811;0.26561083801510324
0;1.02;0.25422489427257416;0.42806558912811693;0;-0.43110207098160491;0.25748870187639106;0;0.5;-0.1249969148230916;0.49999999999999975;0.87446424213772937;0.26560448757908472
1;1.02;-0.25422489427257416;-0.42806558912811693;0;0.43110207098160491;-0.25748870187639106;0;0.5;-0.1249969148230916;0.49999999999999975;0.87446424213772937;0.26560448757908472
0;1.03;0.249888122748428;0.4305971167522854;0;-0.43367715241461607;0.25315276241684725;0;0.5;-0.12499685982985739;0.49999999999999973;0.87446108000878782;0.26559824546885214
1;1.03;-0.249888122748428;-0.4305971167522854;0;0.43367715241461607;-0.25315276241684725;0;0.5;-0.12499685982985739;0.49999999999999973;0.87446108000878782;0.26559824546885214
0;1.04;0.2455260377739619;0.43308502526161585;0;-0.43620849744661039;0.24879085093304576;0;0.5;-0.1249968045092127;0.49999999999999974;0.87445797292466659;0.26559211232603297
1;1.04;-0.2455260377739619;-0.43308502526161585;0;0.43620849744661039;-0.24879085093304576;0;0.5;-0.1249968045092127;0.49999999999999974;0.87445797292466659;0.26559211232603297
0;1.05;0.24113907937663948;0.43552905937349445;0;-0.43869583973224158;0.24440341118786238;0;0.5;-0.12499674886688598;0.4999999999999997;0.87445492121304305;0.26558608878115398
1;1.05;-0.24113907937663948;-0.43552905937349445;0;0.43869583973224158;-0.24440341118786238;0;0.5;-0.12499674886688598;0.4999999999999997;0.87445492121304305;0.26558608878115398
0;1.06;0.23672769020182699;0.43792896827112937;0;-0.44113891748124995;0.23999088976349384;0;0.5;-0.1249966929086444;0.49999999999999969;0.87445192519585078;0.26558017545357119
1;1.06;-0.23672769020182699;-0.43792896827112937;0;0.44113891748124995;-0.23999088976349384;0;0.5;-0.1249966929086444;0.49999999999999969;0.87445192519585078;0.26558017545357119
0;1.07;0.23229231546692652;0.44028450563126575;0;-0.4435374734900478;0.23555373601363963;0;0.5;-0.12499663664029345;0.49999999999999969;0.87444898518924054;0.26557437295140087
1;1.07;-0.23229231546692652;-0.44028450563126575;0;0.4435374734900478;-0.23555373601363963;0;0.5;-0.12499663664029345;0.49999999999999969;0.87444898518924054;0.26557437295140087
0;1.08;0.22783340291519871;0.44259542965141874;0;-0.44589125517278189;0.23109240201529624;0;0.5;-0.12499658006767618;0.49999999999999971;0.87444610150354173;0.26556868187145194
1;1.08;-0.22783340291519871;-0.44259542965141874;0;0.44589125517278189;-0.23109240201529624;0;0.5;-0.12499658006767618;0.49999999999999971;0.87444610150354173;0.26556868187145194
0;1.09;0.22335140276928003;0.44486150307662042;0;-0.44820001459186726;0.22660734252016945;0;0.5;-0.1249965231966726;0.49999999999999968;0.87444327444322465;0.26556310279915935
1;1.09;-0.22335140276928003;-0.44486150307662042;0;0.44820001459186726;-0.22660734252016945;0;0.5;-0.1249965231966726;0.49999999999999968;0.87444327444322465;0.26556310279915935
0;1.1;0.21884676768440017;0.44708249322567756;0;-0.45046350848798722;0.22209901490571141;0;0.5;-0.12499646603319885;0.49999999999999969;0.87444050430686329;0.26555763630851903
1;1.1;-0.21884676768440017;-0.44708249322567756;0;0.45046350848798722;-0.22209901490571141;0;0.5;-0.12499646603319885;0.49999999999999969;0.87444050430686329;0.26555763630851903
0;1.11;0.21431995270130463;0.44925817201693546;0;-0.45268149830955418;0.2175678791257882;0;0.5;-0.12499640858320673;0.49999999999999972;0.87443779138709895;0.26555228296202372
1;1.11;-0.21431995270130463;-0.44925817201693546;0;0.45268149830955418;-0.2175678791257882;0;0.5;-0.12499640858320673;0.49999999999999972;0.87443779138709895;0.26555228296202372
0;1.12;0.20977141519888837;0.45138831599354534;0;-0.45485375024162611;0.21301439766098501;0;0.5;-0.12499635085268275;0.49999999999999976;0.87443513597060449;0.26554704331060029
1;1.12;-0.20977141519888837;-0.45138831599354534;0;0.45485375024162611;-0.21301439766098501;0;0.5;-0.12499635085268275;0.49999999999999976;0.87443513597060449;0.26554704331060029
0;1.13;0.20520161484654562;0.45347270634823089;0;-0.45698003523427383;0.20843903546855466;0;0.5;-0.12499629284764768;0.49999999999999975;0.87443253833804926;0.2655419178935482
1;1.13;-0.20520161484654562;-0.45347270634823089;0;0.45698003523427383;-0.20843903546855466;0;0.5;-0.12499629284764768;0.49999999999999975;0.87443253833804926;0.2655419178935482
0;1.14;0.20061101355624167;0.45551112894755108;0;-0.45906012903039384;0.20384225993201657;0;0.5;-0.12499623457415577;0.49999999999999976;0.87442999876406474;0.26553690723847938
1;1.14;-0.20061101355624167;-0.45551112894755108;0;0.45906012903039384;-0.20384225993201657;0;0.5;-0.12499623457415577;0.49999999999999976;0.87442999876406474;0.26553690723847938
0;1.15;0.19600007543431205;0.45750337435565519;0;-0.46109381219296186;0.19922454081041266;0;0.5;-0.12499617603829384;0.49999999999999972;0.87442751751721093;0.26553201186125909
1;1.15;-0.19600007543431205;-0.45750337435565519;0;0.46109381219296186;-0.19922454081041266;0;0.5;-0.12499617603829384;0.49999999999999972;0.87442751751721093;0.26553201186125909
0;1.16;0.19136926673299484;0.45944923785752745;0;-0.46308087013172244;0.19458635018722675;0;0.5;-0.12499611724618091;0.49999999999999972;0.87442509485994337;0.26552723226594846
1;1.16;-0.19136926673299484;-0.45944923785752745;0;0.46308087013172244;-0.19458635018722675;0;0.5;-0.12499611724618091;0.49999999999999972;0.87442509485994337;0.26552723226594846
0;1.17;0.18671905580170176;0.46134851948171718;0;-0.46502109312930956;0.18992816241897448;0;0.5;-0.12499605820396717;0.49999999999999972;0.87442273104858102;0.26552256894474795
1;1.17;-0.18671905580170176;-0.46134851948171718;0;0.46502109312930956;-0.18992816241897448;0;0.5;-0.12499605820396717;0.49999999999999972;0.87442273104858102;0.26552256894474795
0;1.18;0.18204991303803381;0.46320102402255187;0;-0.46691427636679406;0.18525045408347041;0;0.5;-0.12499599891783354;0.49999999999999971;0.87442042633327473;0.26551802237794235
1;1.18;-0.18204991303803381;-0.46320102402255187;0;0.46691427636679406;-0.18525045408347041;0;0.5;-0.12499599891783354;0.49999999999999971;0.87442042633327473;0.26551802237794235
0;1.19;0.17736231083854728;0.46500656106182964;0;-0.46876021994865297;0.1805537039277795;0;0.5;-0.12499593939399069;0.4999999999999997;0.87441818095797652;0.265513593033847
1;1.19;-0.17736231083854728;-0.46500656106182964;0;0.46876021994865297;-0.1805537039277795;0;0.5;-0.12499593939399069;0.4999999999999997;0.87441818095797652;0.265513593033847
0;1.2;0.17265672354927572;0.46676494498998822;0;-0.4705587289271565;0.17583839281585983;0;0.5;-0.12499587963867841;0.49999999999999968;0.87441599516040955;0.26550928136875536
1;1.2;-0.17265672354927572;-0.46676494498998822;0;0.4705587289271565;-0.17583839281585983;0;0.5;-0.12499587963867841;0.49999999999999968;0.87441599516040955;0.26550928136875536
0;1.21;0.16793362741601403;0.46847599502674725;0;-0.47230961332616828;0.17110500367590356;0;0.5;-0.12499581965816481;0.49999999999999965;0.8744138691720389;0.26550508782688784
1;1.21;-0.16793362741601403;-0.46847599502674725;0;0.47230961332616828;-0.17110500367590356;0;0.5;-0.12499581965816481;0.49999999999999965;0.8744138691720389;0.26550508782688784
0;1.22;0.16319350053437048;0.4701395352412211;0;-0.47401268816435466;0.16635402144738357;0;0.5;-0.12499575945874576;0.49999999999999966;0.87441180321804299;0.26550101284034208
1;1.22;-0.16319350053437048;-0.4701395352412211;0;0.47401268816435466;-0.16635402144738357;0;0.5;-0.12499575945874576;0.49999999999999966;0.87441180321804299;0.26550101284034208
0;1.23;0.15843682279959251;0.47175539457149923;0;-0.47566777347779871;0.16158593302781277;0;0.5;-0.12499569904674391;0.49999999999999968;0.87440979751728594;0.26549705682904439
1;1.23;-0.15843682279959251;-0.47175539457149923;0;0.47566777347779871;-0.16158593302781277;0;0.5;-0.12499569904674391;0.49999999999999968;0.87440979751728594;0.26549705682904439
0;1.24;0.15366407585617237;0.47332340684369145;0;-0.47727469434201525;0.15680122721922349;0;0.5;-0.124995638428508;0.49999999999999969;0.87440785228229046;0.26549322020070274
1;1.24;-0.15366407585617237;-0.47332340684369145;0;0.47727469434201525;-0.15680122721922349;0;0.5;-0.124995638428508;0.49999999999999969;0.87440785228229046;0.26549322020070274
0;1.25;0.14887574304723875;0.47484341079043518;0;-0.47883328089336258;0.15200039467437443;0;0.5;-0.12499557761041216;0.4999999999999997;0.8744059677192117;0.26548950335076098
1;1.25;-0.14887574304723875;-0.47484341079043518;0;0.47883328089336258;-0.15200039467437443;0;0.5;-0.12499557761041216;0.4999999999999997;0.8744059677192117;0.26548950335076098
0;1.26;0.14407230936374027;0.47631525006886211;0;-0.48034336834984731;0.14718392784269221;0;0.5;-0.1249955165988552;0.49999999999999969;0.87440414402781175;0.26548590666235442
1;1.26;-0.14407230936374027;-0.47631525006886211;0;0.48034336834984731;-0.14718392784269221;0;0.5;-0.1249955165988552;0.49999999999999969;0.87440414402781175;0.26548590666235442
0;1.27;0.13925426139342709;0.47773877327802167;0;-0.48180479703131857;0.14235232091595562;0;0.5;-0.12499545540025949;0.4999999999999997;0.87440238140143494;0.26548243050626682
1;1.27;-0.13925426139342709;-0.47773877327802167;0;0.48180479703131857;-0.14235232091595562;0;0.5;-0.12499545540025949;0.4999999999999997;0.87440238140143494;0.26548243050626682
0;1.28;0.13442208726963661;0.47911383397575896;0;-0.48321741237904753;0.13750606977372951;0;0.5;-0.12499539402107065;0.49999999999999968;0.87440068002698398;0.26547907524088875
1;1.28;-0.13442208726963661;-0.47911383397575896;0;0.48321741237904753;-0.13750606977372951;0;0.5;-0.12499539402107065;0.49999999999999968;0.87440068002698398;0.26547907524088875
0;1.29;0.12957627661988971;0.48044029069504451;0;-0.4845810649746895;0.13264567192855631;0;0.5;-0.1249953324677566;0.49999999999999966;0.87439904008489678;0.26547584121217728
1;1.29;-0.12957627661988971;-0.48044029069504451;0;0.4845810649746895;-0.13264567192855631;0;0.5;-0.1249953324677566;0.49999999999999966;0.87439904008489678;0.26547584121217728
0;1.3;0.12471732051430347;0.48171800695975364;0;-0.48589561055862429;0.12777162647091284;0;0.5;-0.12499527074680651;0.49999999999999964;0.87439746174912414;0.26547272875361711
1;1.3;-0.12471732051430347;-0.48171800695975364;0;0.48589561055862429;-0.12777162647091284;0;0.5;-0.12499527074680651;0.49999999999999964;0.87439746174912414;0.26547272875361711
0;1.31;0.11984571141382674;0.48294685129989307;0;-0.4871609100476722;0.12288443401394;0;0.5;-0.12499520886473036;0.49999999999999963;0.87439594518710821;0.2654697381861831
1;1.31;-0.11984571141382674;-0.48294685129989307;0;0.4871609100476722;-0.12288443401394;0;0.5;-0.12499520886473036;0.49999999999999963;0.87439594518710821;0.2654697381861831
0;1.32;0.11496194311830492;0.48412669726627261;0;-0.48837682955218215;0.11798459663795316;0;0.5;-0.12499514682805813;0.49999999999999965;0.87439449055976169;0.26546686981830407
1;1.32;-0.11496194311830492;-0.48412669726627261;0;0.48837682955218215;-0.11798459663795316;0;0.5;-0.12499514682805813;0.49999999999999965;0.87439449055976169;0.26546686981830407
0;1.33;0.11006651071438003;0.48525742344462003;0;-0.4895432403924887;0.1130726178347411;0;0.5;-0.12499508464333879;0.49999999999999967;0.87439309802144797;0.26546412394582818
1;1.33;-0.11006651071438003;-0.48525742344462003;0;0.4895432403924887;-0.1130726178347411;0;0.5;-0.12499508464333879;0.49999999999999967;0.87439309802144797;0.26546412394582818
0;1.34;0.10515991052323267;0.48633891346913666;0;-0.49066001911473545;0.10814900245166145;0;0.5;-0.1249950223171396;0.4999999999999997;0.87439176771996189;0.26546150085198962
1;1.34;-0.10515991052323267;-0.48633891346913666;0;0.49066001911473545;-0.10814900245166145;0;0.5;-0.1249950223171396;0.4999999999999997;0.87439176771996189;0.26546150085198962
0;1.35;0.10024264004817206;0.48737105603549208;0;-0.49172704750606139;0.10321425663554051;0;0.5;-0.12499495985604535;0.49999999999999972;0.87439049979651144;0.2654590008073767
1;1.35;-0.10024264004817206;-0.48737105603549208;0;0.49172704750606139;-0.10321425663554051;0;0.5;-0.12499495985604535;0.49999999999999972;0.87439049979651144;0.2654590008073767
0;1.36;0.095315197922080583;0.48835374491325595;0;-0.49274421260914791;0.0982688877763854;0;0.5;-0.1249948972666576;0.49999999999999975;0.87438929438570021;0.26545662406990138
1;1.36;-0.095315197922080583;-0.48835374491325595;0;0.49274421260914791;-0.0982688877763854;0;0.5;-0.1249948972666576;0.49999999999999975;0.87438929438570021;0.26545662406990138
0;1.37;0.090378083854719349;0.48928687895776513;0;-0.49371140673612351;0.093313404450916543;0;0.5;-0.12499483455559366;0.49999999999999978;0.87438815161551068;0.26545437088477025
1;1.37;-0.090378083854719349;-0.48928687895776513;0;0.49371140673612351;-0.093313404450916543;0;0.5;-0.12499483455559366;0.49999999999999978;0.87438815161551068;0.26545437088477025
0;1.38;0.085431798579901116;0.4901703621214244;0;-0.49462852748182379;0.088348316365928783;0;0.5;-0.12499477172948605;0.49999999999999979;0.87438707160728831;0.26545224148445684
1;1.38;-0.085431798579901116;-0.4901703621214244;0;0.49462852748182379;-0.088348316365928783;0;0.5;-0.12499477172948605;0.49999999999999979;0.87438707160728831;0.26545224148445684
0;1.39;0.080476843802537071;0.49100410346443929;0;-0.49549547773640429;0.083374134301488878;0;0.5;-0.12499470879498145;0.49999999999999979;0.87438605447572644;0.26545023608867553
1;1.39;-0.080476843802537071;-0.49100410346443929;0;0.49549547773640429;-0.083374134301488878;0;0.5;-0.12499470879498145;0.49999999999999979;0.87438605447572644;0.26545023608867553
0;1.4;0.075513722145564025;0.49178801716497905;0;-0.49631216569730408;0.078391370053977838;0;0.5;-0.12499464575874006;0.49999999999999975;0.87438510032885207;0.26544835490435666
1;1.4;-0.075513722145564025;-0.49178801716497905;0;0.49631216569730408;-0.078391370053977838;0;0.5;-0.12499464575874006;0.49999999999999975;0.87438510032885207;0.26544835490435666
0;1.41;0.070542937096758448;0.49252202252876892;0;-0.49707850488055755;0.073400536378986123;0;0.5;-0.12499458262743472;0.49999999999999977;0.87438420926801232;0.26544659812562331
1;1.41;-0.070542937096758448;-0.49252202252876892;0;0.49707850488055755;-0.073400536378986123;0;0.5;-0.12499458262743472;0.49999999999999977;0.87438420926801232;0.26544659812562331
0;1.42;0.065564992955443921;0.49320604399810963;0;-0.49779441413145248;0.068402146934069985;0;0.5;-0.12499451940775;0.49999999999999979;0.87438338138786196;0.26544496593376935
1;1.42;-0.065564992955443921;-0.49320604399810963;0;0.49779441413145248;-0.068402146934069985;0;0.5;-0.12499451940775;0.49999999999999979;0.87438338138786196;0.26544496593376935
0;1.43;0.060580394779098594;0.49384001116032339;0;-0.49845981763453268;0.0633967162213772;0;0.5;-0.12499445610638159;0.49999999999999978;0.87438261677635152;0.26544345849723896
1;1.43;-0.060580394779098594;-0.49384001116032339;0;0.49845981763453268;-0.0633967162213772;0;0.5;-0.12499445610638159;0.49999999999999978;0.87438261677635152;0.26544345849723896
0;1.44;0.055589648329869165;0.49442385875562489;0;-0.49907464492294307;0.058384759530150446;0;0.5;-0.12499439273003519;0.49999999999999978;0.8743819155147164;0.26544207597160777
1;1.44;-0.055589648329869165;-0.49442385875562489;0;0.49907464492294307;-0.058384759530150446;0;0.5;-0.12499439273003519;0.49999999999999978;0.8743819155147164;0.26544207597160777
0;1.45;0.05059326002099801;0.49495752668441606;0;-0.49963883088711564;0.053366792879116741;0;0.5;-0.12499432928542593;0.49999999999999976;0.87438127767746667;0.26544081849956515
1;1.45;-0.05059326002099801;-0.49495752668441606;0;0.49963883088711564;-0.053366792879116741;0;0.5;-0.12499432928542593;0.49999999999999976;0.87438127767746667;0.26544081849956515
0;1.46;0.045591736863170064;0.49544096001400378;0;-0.50015231578279473;0.048343332958771155;0;0.5;-0.12499426577927733;0.49999999999999982;0.87438070333237785;0.26543968621089822
1;1.46;-0.045591736863170064;-0.49544096001400378;0;0.50015231578279473;-0.048343332958771155;0;0.5;-0.12499426577927733;0.49999999999999982;0.87438070333237785;0.26543968621089822
0;1.47;0.040585586410786065;0.49587410898473944;0;-0.50061504523839973;0.043314897073563265;0;0.5;-0.12499420221832083;0.49999999999999979;0.87438019254048254;0.26543867922247712
1;1.47;-0.040585586410786065;-0.49587410898473944;0;0.50061504523839973;-0.043314897073563265;0;0.5;-0.12499420221832083;0.49999999999999979;0.87438019254048254;0.26543867922247712
0;1.48;0.035575316708168811;0.49625692901557938;0;-0.50102697026172505;0.038282003083994695;0;0.5;-0.12499413860929444;0.49999999999999979;0.87437974535606261;0.26543779763824192
1;1.48;-0.035575316708168811;-0.49625692901557938;0;0.50102697026172505;-0.038282003083994695;0;0.5;-0.12499413860929444;0.49999999999999979;0.87437974535606261;0.26543779763824192
0;1.49;0.030561436235709068;0.49658938070906572;0;-0.5013880472459743;0.033245169348636194;0;0.5;-0.12499407495894242;0.49999999999999971;0.87437936182664264;0.26543704154919077
1;1.49;-0.030561436235709068;-0.49658938070906572;0;0.5013880472459743;-0.033245169348636194;0;0.5;-0.12499407495894242;0.49999999999999971;0.87437936182664264;0.26543704154919077
0;1.5;0.025544453855957772;0.49687142985572647;0;-0.50169823797512958;0.028204914666072663;0;0.5;-0.12499401127401392;0.49999999999999976;0.87437904199298378;0.26543641103336981
1;1.5;-0.025544453855957772;-0.49687142985572647;0;0.50169823797512958;-0.028204914666072663;0;0.5;-0.12499401127401392;0.49999999999999976;0.87437904199298378;0.26543641103336981
0;1.51;0.020524878759671242;0.4971030474378943;0;-0.50195750962865293;0.023161758216784567;0;0.5;-0.12499394756126274;0.49999999999999973;0.87437878588907896;0.26543590615586409
1;1.51;-0.020524878759671242;-0.4971030474378943;0;0.50195750962865293;-0.023161758216784567;0;0.5;-0.12499394756126274;0.49999999999999973;0.87437878588907896;0.26543590615586409
0;1.52;0.015503220411816031;0.49728420963294406;0;-0.50216583478552113;0.018116219504974246;0;0.5;-0.12499388382744589;0.4999999999999998;0.87437859354214834;0.26543552696879053
1;1.52;-0.015503220411816031;-0.49728420963294406;0;0.50216583478552113;-0.018116219504974246;0;0.5;-0.12499388382744589;0.4999999999999998;0.87437859354214834;0.26543552696879053
0;1.53;0.010479988497540119;0.4974148978159475;0;-0.50232319142759108;0.013068818300345562;0;0.5;-0.12499382007932324;0.49999999999999983;0.87437846497263616;0.26543527351129174
1;1.53;-0.010479988497540119;-0.4974148978159475;0;0.50232319142759108;-0.013068818300345562;0;0.5;-0.12499382007932324;0.49999999999999983;0.87437846497263616;0.26543527351129174
0;1.54;0.0054556928681171518;0.49749509856174595;0;-0.50242956294229679;0.0080200745798454098;0;0.5;-0.12499375632365653;0.49999999999999983;0.87437840019420805;0.26543514580953185
1;1.54;-0.0054556928681171518;-0.49749509856174595;0;0.50242956294229679;-0.0080200745798454098;0;0.5;-0.12499375632365653;0.49999999999999983;0.87437840019420805;0.26543514580953185
0;1.55;0.00043084348687038416;0.4975248036464397;0;-0.50248493812467676;0.0029705084693755542;0;0.5;-0.12499369256720833;0.49999999999999986;0.87437839921374933;0.26543514387669341
1;1.55;-0.00043084348687038416;-0.4975248036464397;0;0.50248493812467676;-0.0029705084693755542;0;0.5;-0.12499369256720833;0.49999999999999986;0.87437839921374933;0.26543514387669341
0;1.56;-0.0045940496249169257;0.49750401004829453;0;-0.50248931117873097;-0.0020793598145166666;0;0.5;-0.12499362881674146;0.49999999999999983;0.87437846203136426;0.26543526771297595
1;1.56;0.0045940496249169257;-0.49750401004829453;0;0.50248931117873097;0.0020793598145166666;0;0.5;-0.12499362881674146;0.49999999999999983;0.87437846203136426;0.26543526771297595
0;1.57;-0.00961847644209801;0.49743271994806493;0;-0.50244268171810846;-0.0071290100229602733;0;0.5;-0.12499356507901806;0.49999999999999979;0.87437858864037589;0.26543551730559592
1;1.57;0.00961847644209801;-0.49743271994806493;0;0.50244268171810846;0.0071290100229602733;0;0.5;-0.12499356507901806;0.49999999999999979;0.87437858864037589;0.26543551730559592
0;1.58;-0.014641926989759252;0.49731094072873405;0;-0.50234505476612423;-0.012177921933086694;0;0.5;-0.12499350136079863;0.49999999999999983;0.8743787790273269;0.26543589262878821
1;1.58;0.014641926989759252;-0.49731094072873405;0;0.50234505476612423;0.012177921933086694;0;0.5;-0.12499350136079863;0.49999999999999983;0.8743787790273269;0.26543589262878821
0;1.59;-0.019663891397310309;0.49713868497467056;0;-0.50219644075510561;-0.017225575406351414;0;0.5;-0.12499343766884144;0.49999999999999986;0.87437903317198146;0.265436393643809
1;1.59;0.019663891397310309;-0.49713868497467056;0;0.50219644075510561;0.017225575406351414;0;0.5;-0.12499343766884144;0.49999999999999986;0.87437903317198146;0.265436393643809
0;1.6;-0.024683859952561001;0.49691597047020214;0;-0.50199685552506934;-0.022271450446842707;0;0.5;-0.12499337400990159;0.49999999999999991;0.87437935104732756;0.26543702029894009
1;1.6;0.024683859952561001;-0.49691597047020214;0;0.50199685552506934;0.022271450446842707;0;0.5;-0.12499337400990159;0.49999999999999991;0.87437935104732756;0.26543702029894009
0;1.61;-0.029701323155778281;0.49664282019760647;0;-0.50174632032172795;-0.027315027259568948;0;0.5;-0.12499331039073007;0.49999999999999989;0.8743797326195805;0.26543777252949486
1;1.61;0.029701323155778281;-0.49664282019760647;0;0.50174632032172795;0.027315027259568948;0;0.5;-0.12499331039073007;0.49999999999999989;0.8743797326195805;0.26543777252949486
0;1.62;-0.034715771773716556;0.49631926233451928;0;-0.50144486179382741;-0.032355786308715981;0;0.5;-0.12499324681807298;0.49999999999999984;0.87438017784818696;0.26543865025782546
1;1.62;0.034715771773716556;-0.49631926233451928;0;0.50144486179382741;0.032355786308715981;0;0.5;-0.12499324681807298;0.49999999999999984;0.87438017784818696;0.26543865025782546
0;1.63;-0.039726696893614709;0.4959453302507606;0;-0.50109251198981519;-0.037393208375866065;0;0.5;-0.12499318329867073;0.49999999999999983;0.87438068668583017;0.26543965339333166
1;1.63;0.039726696893614709;-0.4959453302507606;0;0.50109251198981519;0.037393208375866065;0;0.5;-0.12499318329867073;0.49999999999999983;0.87438068668583017;0.26543965339333166
0;1.64;-0.044733589977153113;0.49552106250457889;0;-0.50068930835384018;-0.042426774618169877;0;0.5;-0.12499311983925724;0.49999999999999982;0.87438125907843583;0.26544078183247105
1;1.64;0.044733589977153113;-0.49552106250457889;0;0.50068930835384018;0.042426774618169877;0;0.5;-0.12499311983925724;0.49999999999999982;0.87438125907843583;0.26544078183247105
0;1.65;-0.049735942914363965;0.49504650283831425;0;-0.50023529372108522;-0.047455966626463154;0;0.5;-0.12499305644655908;0.49999999999999982;0.87438189496517878;0.26544203545877065
1;1.65;0.049735942914363965;-0.49504650283831425;0;0.50023529372108522;0.047455966626463154;0;0.5;-0.12499305644655908;0.49999999999999982;0.87438189496517878;0.26544203545877065
0;1.66;-0.054733248077488292;0.49452170017348107;0;-0.49973051631243265;-0.052480266483319438;0;0.5;-0.12499299312729445;0.49999999999999985;0.87438259427849059;0.26544341414284019
1;1.66;0.054733248077488292;-0.49452170017348107;0;0.49973051631243265;0.052480266483319438;0;0.5;-0.12499299312729445;0.49999999999999985;0.87438259427849059;0.26544341414284019
0;1.67;-0.059724998374772936;0.49394670860527079;0;-0.49917502972846417;-0.05749915682103051;0;0.5;-0.12499292988817271;0.49999999999999987;0.87438335694406806;0.26544491774238659
1;1.67;0.059724998374772936;-0.49394670860527079;0;0.49917502972846417;0.05749915682103051;0;0.5;-0.12499292988817271;0.49999999999999987;0.87438335694406806;0.26544491774238659
0;1.68;-0.064710687304200903;0.49332158739647575;0;-0.49856889294279627;-0.062512120879506097;0;0.5;-0.12499286673589329;0.49999999999999992;0.87438418288088232;0.26544654610223007
1;1.68;0.064710687304200903;-0.49332158739647575;0;0.49856889294279627;0.062512120879506097;0;0.5;-0.12499286673589329;0.49999999999999992;0.87438418288088232;0.26544654610223007
0;1.69;-0.069689809007148426;0.4926464009708349;0;-0.49791217029475193;-0.067518642564084408;0;0.5;-0.124992803677145;0.49999999999999991;0.87438507200118913;0.26544829905432164
1;1.69;0.069689809007148426;-0.4926464009708349;0;0.49791217029475193;0.067518642564084408;0;0.5;-0.124992803677145;0.49999999999999991;0.87438507200118913;0.26544829905432164
0;1.7;-0.074661858321962135;0.49192121890580243;0;-0.49720493148137074;-0.072518206503245142;0;0.5;-0.12499274071860492;0.49999999999999991;0.8743860242105396;0.26545017641776209
1;1.7;0.074661858321962135;-0.49192121890580243;0;0.49720493148137074;0.072518206503245142;0;0.5;-0.12499274071860492;0.49999999999999991;0.8743860242105396;0.26545017641776209
0;1.71;-0.079626330837449716;0.49114611592474028;0;-0.49644725154875802;-0.077510298106216582;0;0.5;-0.12499267786693807;0.49999999999999991;0.87438703940779208;0.26545217799882239
1;1.71;0.079626330837449716;-0.49114611592474028;0;0.49644725154875802;0.077510298106216582;0;0.5;-0.12499267786693807;0.49999999999999991;0.87438703940779208;0.26545217799882239
0;1.72;-0.084582722946277472;0.49032117188853558;0;-0.49563921088277546;-0.082494403620468462;0;0.5;-0.12499261512879608;0.49999999999999991;0.8743881174851247;0.26545430359096544
1;1.72;0.084582722946277472;-0.49032117188853558;0;0.49563921088277546;0.082494403620468462;0;0.5;-0.12499261512879608;0.49999999999999991;0.8743881174851247;0.26545430359096544
0;1.73;-0.08953053189826822;0.48944647178664474;0;-0.49478089519907414;-0.087470010189082223;0;0.5;-0.12499255251081686;0.49999999999999989;0.87438925832804881;0.26545655297486946
1;1.73;0.08953053189826822;-0.48944647178664474;0;0.49478089519907414;0.087470010189082223;0;0.5;-0.12499255251081686;0.49999999999999989;0.87438925832804881;0.26545655297486946
0;1.74;-0.094469255853592948;0.48852210572756483;0;-0.49387239553247247;-0.092436605907990479;0;0.5;-0.12499249001962332;0.49999999999999985;0.87439046181542319;0.26545892591845267
1;1.74;0.094469255853592948;-0.48852210572756483;0;0.49387239553247247;0.092436605907990479;0;0.5;-0.12499249001962332;0.49999999999999985;0.87439046181542319;0.26545892591845267
0;1.75;-0.09939839393584976;0.48754816892873404;0;-0.49291380822568059;-0.097393679883077386;0;0.5;-0.12499242766182278;0.49999999999999982;0.87439172781946912;0.26546142217689945
1;1.75;0.09939839393584976;-0.48754816892873404;0;0.49291380822568059;0.097393679883077386;0;0.5;-0.12499242766182278;0.49999999999999982;0.87439172781946912;0.26546142217689945
0;1.76;-0.1043174462850235;0.48652476170586273;0;-0.49190523491737342;-0.1023407222871317;0;0.5;-0.12499236544400637;0.4999999999999998;0.87439305620578626;0.26546404149268793
1;1.76;0.1043174462850235;-0.48652476170586273;0;0.49190523491737342;0.1023407222871317;0;0.5;-0.12499236544400637;0.4999999999999998;0.87439305620578626;0.26546404149268793
0;1.77;-0.10922591411031965;0.48545198946169626;0;-0.49084678252961467;-0.10727722441664435;0;0.5;-0.12499230337274763;0.4999999999999998;0.87439444683336934;0.26546678359561894
1;1.77;0.10922591411031965;-0.48545198946169626;0;0.49084678252961467;0.10727722441664435;0;0.5;-0.12499230337274763;0.4999999999999998;0.87439444683336934;0.26546678359561894
0;1.78;-0.11412329974286599;0.48432996267421186;0;-0.48973856325463377;-0.11220267874844238;0;0.5;-0.12499224145460249;0.49999999999999981;0.87439589955462573;0.26546964820284655
1;1.78;0.11412329974286599;-0.48432996267421186;0;0.48973856325463377;0.11220267874844238;0;0.5;-0.12499224145460249;0.49999999999999981;0.87439589955462573;0.26546964820284655
0;1.79;-0.11900910668827558;0.48315879688425034;0;-0.48858069454095887;-0.11711657899615119;0;0.5;-0.1249921796961077;0.49999999999999984;0.87439741421539364;0.26547263501890976
1;1.79;0.11900910668827558;-0.48315879688425034;0;0.48858069454095887;0.11711657899615119;0;0.5;-0.1249921796961077;0.49999999999999984;0.87439741421539364;0.26547263501890976
0;1.8;-0.12388283967906465;0.48193861268258559;0;-0.48737329907890742;-0.12201842016647697;0;0.5;-0.12499211810378068;0.49999999999999985;0.87439899065496138;0.26547574373576593
1;1.8;0.12388283967906465;-0.48193861268258559;0;0.48737329907890742;0.12201842016647697;0;0.5;-0.12499211810378068;0.49999999999999985;0.87439899065496138;0.26547574373576593
0;1.81;-0.12874400472691902;0.48066953569643256;0;-0.48611650478543805;-0.12690769861530135;0;0.5;-0.12499205668411835;0.49999999999999983;0.87440062870608718;0.26547897403282526
1;1.81;0.12874400472691902;-0.48066953569643256;0;0.48611650478543805;0.12690769861530135;0;0.5;-0.12499205668411835;0.49999999999999983;0.87440062870608718;0.26547897403282526
0;1.82;-0.13359210917480269;0.47935169657539678;0;-0.48481044478836571;-0.1317839121035802;0;0.5;-0.12499199544359625;0.49999999999999984;0.87440232819501995;0.26548232557698704
1;1.82;0.13359210917480269;-0.47935169657539678;0;0.48481044478836571;0.1317839121035802;0;0.5;-0.12499199544359625;0.49999999999999984;0.87440232819501995;0.26548232557698704
0;1.83;-0.13842666174890211;0.4779852309768664;0;-0.48345525740994344;-0.13664655985303886;0;0.5;-0.12499193438866818;0.49999999999999987;0.87440408894152083;0.26548579802267694
1;1.83;0.13842666174890211;-0.4779852309768664;0;0.48345525740994344;0.13664655985303886;0;0.5;-0.12499193438866818;0.49999999999999987;0.87440408894152083;0.26548579802267694
0;1.84;-0.14324717261040024;0.47657027955084985;0;-0.4820510861498134;-0.14149514260165566;0;0.5;-0.12499187352576509;0.49999999999999988;0.8744059107588855;0.26548939101188597
1;1.84;0.14324717261040024;-0.47657027955084985;0;0.4820510861498134;0.14149514260165566;0;0.5;-0.12499187352576509;0.49999999999999988;0.8744059107588855;0.26548939101188597
0;1.85;-0.14805315340707353;0.47510698792426059;0;-0.48059807966733076;-0.14632916265892615;0;0.5;-0.12499181286129431;0.49999999999999991;0.87440779345396724;0.26549310417421065
1;1.85;0.14805315340707353;-0.47510698792426059;0;0.48059807966733076;0.14632916265892615;0;0.5;-0.12499181286129431;0.49999999999999991;0.87440779345396724;0.26549310417421065
0;1.86;-0.15284411732470615;0.47359550668465161;0;-0.47909639176326307;-0.15114812396090008;0;0.5;-0.12499175240163888;0.49999999999999993;0.87440973682720087;0.26549693712689468
1;1.86;0.15284411732470615;-0.47359550668465161;0;0.47909639176326307;0.15114812396090008;0;0.5;-0.12499175240163888;0.49999999999999993;0.87440973682720087;0.26549693712689468
0;1.87;-0.15761957913831484;0.4720359913634018;0;-0.47754618136086902;-0.1559515321249835;0;0.5;-0.12499169215315689;0.49999999999999992;0.87441174067262738;0.26550088947487186
1;1.87;0.15761957913831484;-0.4720359913634018;0;0.47754618136086902;0.1559515321249835;0;0.5;-0.12499169215315689;0.49999999999999992;0.87441174067262738;0.26550088947487186
0;1.88;-0.16237905526317845;0.47042860241835682;0;-0.47594761248635958;-0.16073889450449841;0;0.5;-0.12499163212218037;0.49999999999999994;0.87441380477791933;0.26550496081081051
1;1.88;0.16237905526317845;-0.47042860241835682;0;0.47594761248635958;0.16073889450449841;0;0.5;-0.12499163212218037;0.49999999999999994;0.87441380477791933;0.26550496081081051
0;1.89;-0.16712206380566591;0.46877350521592692;0;-0.47430085424874519;-0.16550972024299207;0;0.5;-0.12499157231501489;0.49999999999999996;0.87441592892440716;0.26550915071515913
1;1.89;0.16712206380566591;-0.46877350521592692;0;0.47430085424874519;0.16550972024299207;0;0.5;-0.12499157231501489;0.49999999999999996;0.87441592892440716;0.26550915071515913
0;1.9;-0.17184812461385665;0.46707087001264402;0;-0.47260608081907279;-0.17026352032828879;0;0.5;-0.12499151273793858;0.49999999999999994;0.87441811288710609;0.26551345875619346
1;1.9;0.17184812461385665;-0.46707087001264402;0;0.47260608081907279;0.17026352032828879;0;0.5;-0.12499151273793858;0.49999999999999994;0.87441811288710609;0.26551345875619346
0;1.91;-0.1765567593279472;0.46532087193618127;0;-0.47086347140905643;-0.17499980764627643;0;0.5;-0.12499145339720137;0.49999999999999996;0.87442035643474383;0.26551788449006498
1;1.91;0.1765567593279472;-0.46532087193618127;0;0.47086347140905643;0.17499980764627643;0;0.5;-0.12499145339720137;0.49999999999999996;0.87442035643474383;0.26551788449006498
0;1.92;-0.18124749143043825;0.46352369096583707;0;-0.46907321024910487;-0.17971809703442038;0;0.5;-0.12499139429902455;0.49999999999999995;0.87442265932978915;0.26552242746085054
1;1.92;0.18124749143043825;-0.46352369096583707;0;0.46907321024910487;0.17971809703442038;0;0.5;-0.12499139429902455;0.49999999999999995;0.87442265932978915;0.26552242746085054
0;1.93;-0.18591984629609576;0.46167951191248707;0;-0.46723548656575092;-0.18441790533499755;0;0.5;-0.12499133544959959;0.49999999999999996;0.87442502132848103;0.26552708720060352
1;1.93;0.18591984629609576;-0.46167951191248707;0;0.46723548656575092;0.18441790533499755;0;0.5;-0.12499133544959959;0.49999999999999996;0.87442502132848103;0.26552708720060352
0;1.94;-0.19057335124168062;0.45978852439800666;0;-0.46535049455848582;-0.18909875144804306;0;0.5;-0.12499127685508776;0.49999999999999999;0.87442744218085869;0.26553186322940625
1;1.94;0.19057335124168062;-0.45978852439800666;0;0.46535049455848582;0.18909875144804306;0;0.5;-0.12499127685508776;0.49999999999999999;0.87442744218085869;0.26553186322940625
0;1.95;-0.19520753557544065;0.45785092283416662;0;-0.4634184333760033;-0.19376015638400254;0;0.5;-0.12499121852161915;0.49999999999999999;0.87442992163079231;0.26553675505542365
1;1.95;0.19520753557544065;-0.45785092283416662;0;0.4634184333760033;0.19376015638400254;0;0.5;-0.12499121852161915;0.49999999999999999;0.87442992163079231;0.26553675505542365
0;1.96;-0.19982193064635922;0.4558669064010058;0;-0.46143950709185733;-0.19840164331608287;0;0.5;-0.12499116045529216;0.49999999999999998;0.87443245941601447;0.26554176217495836
1;1.96;0.19982193064635922;-0.4558669064010058;0;0.46143950709185733;0.19840164331608287;0;0.5;-0.12499116045529216;0.49999999999999998;0.87443245941601447;0.26554176217495836
0;1.97;-0.20441606989315461;0.45383667902468283;0;-0.45941392467953812;-0.20302273763229409;0;0.5;-0.12499110266217263;0.49999999999999995;0.8744350552681523;0.265546884072507
1;1.97;0.20441606989315461;-0.45383667902468283;0;0.45941392467953812;0.20302273763229409;0;0.5;-0.12499110266217263;0.49999999999999995;0.8744350552681523;0.265546884072507
0;1.98;-0.20898948889302432;0.45176044935481108;0;-0.4573418999869705;-0.20762296698717569;0;0.5;-0.12499104514829317;0.49999999999999994;0.87443770891276043;0.26555212022081789
1;1.98;0.20898948889302432;-0.45176044935481108;0;0.4573418999869705;0.20762296698717569;0;0.5;-0.12499104514829317;0.49999999999999994;0.87443770891276043;0.26555212022081789
0;1.99;-0.21354172541012872;0.44963843074127907;0;-0.45522365171043966;-0.21220186135320027;0;0.5;-0.12499098791965245;0.49999999999999993;0.87444042006935458;0.26555747008094986
1;1.99;0.21354172541012872;-0.44963843074127907;0;0.45522365171043966;0.21220186135320027;0;0.5;-0.12499098791965245;0.49999999999999993;0.87444042006935458;0.26555747008094986
0;2;-0.2180723194438082;0.44747084121056058;0;-0.45305940336794842;-0.21675895307184764;0;0.5;-0.12499093098221452;0.4999999999999999;0.87444318845144592;0.2655629331023325
1;2;0.2180723194438082;-0.44747084121056058;0;0.45305940336794842;0.21675895307184764;0;0.5;-0.12499093098221452;0.4999999999999999;0.87444318845144592;0.2655629331023325
