# column style format: id;time;x;y;z;vx;vy;vz;mass;totalEnergy;totalSpecificAngularMomentum;rungeLenzVector;semiMajorAxis
# this file will be overwritten without any precaution
# used integrator was rk4
0;0.5;0.43876147212541178;0.23954232148839261;0;-0.23981221910149617;0.43873044110256515;0;0.5;-0.12505679065959956;0.49988637977849639;0.87502984774983045;0.26660490296879298
1;0.5;-0.43876147212541178;-0.23954232148839261;0;0.23981221910149617;-0.43873044110256515;0;0.5;-0.12505679065959956;0.49988637977849639;0.87502984774983045;0.26660490296879298
0;1;0.27009024412587884;0.42035719416970896;0;-0.4210434986092319;0.2699009446440776;0;0.5;-0.12511365596069632;0.49977255145499742;0.87502592346838477;0.26647569037130155
1;1;-0.27009024412587884;-0.42035719416970896;0;0.4210434986092319;-0.2699009446440776;0;0.5;-0.12511365596069632;0.49977255145499742;0.87502592346838477;0.26647569037130155
0;1.5;0.035234917099817901;0.49802859496294033;0;-0.49919188836798056;0.034547284371922428;0;0.5;-0.12517077404733801;0.49965821096334167;0.87498920465693116;0.26628075281350543
1;1.5;-0.035234917099817901;-0.49802859496294033;0;0.49919188836798056;-0.034547284371922428;0;0.5;-0.12517077404733801;0.49965821096334167;0.87498920465693116;0.26628075281350543
0;2;-0.20819972673877182;0.4532724205785984;0;-0.45465811032221054;-0.20983481048705346;0;0.5;-0.12522832855368658;0.49954306481025262;0.87492861570428016;0.2660376988013709
1;2;0.20819972673877182;-0.4532724205785984;0;0.45465811032221054;0.20983481048705346;0;0.5;-0.12522832855368658;0.49954306481025262;0.87492861570428016;0.2660376988013709
0;2.5;-0.40023636044283739;0.29682610681512189;0;-0.29778720766254174;-0.40306790704712248;0;0.5;-0.12528646575476914;0.49942689927534138;0.87485892506733687;0.26577577469991481
1;2.5;0.40023636044283739;-0.29682610681512189;0;0.29778720766254174;0.40306790704712248;0;0.5;-0.12528646575476914;0.49942689927534138;0.87485892506733687;0.26577577469991481
0;3;-0.49327377871291522;0.067068974845940765;0;-0.066785096595585763;-0.49703758659168662;0;0.5;-0.12534525899161058;0.49930963292816426;0.87479720075421258;0.26552875732798221
1;3;0.49327377871291522;-0.067068974845940765;0;0.066785096595585763;0.49703758659168662;0;0.5;-0.12534525899161058;0.49930963292816426;0.87479720075421258;0.26552875732798221
0;3.5;-0.46401093894627704;-0.1792313194994189;0;0.18132234211047868;-0.46787049332116082;0;0.5;-0.12540468904784763;0.49919133908479163;0.87475861527536529;0.26532664987067511
1;3.5;0.46401093894627704;0.1792313194994189;0;-0.18132234211047868;0.46787049332116082;0;0.5;-0.12540468904784763;0.49919133908479163;0.87475861527536529;0.26532664987067511
0;4;-0.31948004178158396;-0.38092368735060589;0;0.38475365617310248;-0.32231851807841272;0;0.5;-0.1254646469147849;0.49907223010750984;0.87475262857286645;0.26518821958013694
1;4;0.31948004178158396;0.38092368735060589;0;-0.38475365617310248;0.32231851807841272;0;0.5;-0.1254646469147849;0.49907223010750984;0.87475262857286645;0.26518821958013694
0;4.5;-0.095497029889544144;-0.4877745212578623;0;0.49258455696823455;-0.096402013593316987;0;0.5;-0.1255249602576891;0.49895260485546009;0.87478056638741474;0.26511629330417047
1;4.5;0.095497029889544144;0.4877745212578623;0;-0.49258455696823455;0.096402013593316987;0;0.5;-0.1255249602576891;0.49895260485546009;0.87478056638741474;0.26511629330417047
0;5;0.15220851219268325;-0.47313297215737482;0;0.47775796769089052;0.15356131129056788;0;0.5;-0.12558543771590512;0.49883277189470582;0.87483527955953906;0.2650970610718188
1;5;-0.15220851219268325;0.47313297215737482;0;-0.47775796769089052;-0.15356131129056788;0;0.5;-0.12558543771590512;0.49883277189470582;0.87483527955953906;0.2650970610718188
0;5.5;0.36194638485822372;-0.34065678802446014;0;0.34395555411909412;0.36520793130590412;0;0.5;-0.12564591888528464;0.49871296949421296;0.87490298732401679;0.26510358087171239
1;5.5;-0.36194638485822372;0.34065678802446014;0;-0.34395555411909412;-0.36520793130590412;0;0.5;-0.12564591888528464;0.49871296949421296;0.87490298732401679;0.26510358087171239
0;6;0.48150242124548481;-0.12337971816945362;0;0.12456037668442659;0.48583022187514235;0;0.5;-0.12570631575486742;0.49859330463503536;0.87496678404752272;0.2651025548371133
1;6;-0.48150242124548481;0.12337971816945362;0;-0.12456037668442659;-0.48583022187514235;0;0.5;-0.12570631575486742;0.49859330463503536;0.87496678404752272;0.2651025548371133
0;6.5;0.48113140764223861;0.12456675117519278;0;-0.12582724320121397;0.4854452831982245;0;0.5;-0.12576663459512402;0.498473726666706;0.87501085748272475;0.26506261513742432
1;6.5;-0.48113140764223861;-0.12456675117519278;0;0.12582724320121397;-0.4854452831982245;0;0.5;-0.12576663459512402;0.498473726666706;0.87501085748272475;0.26506261513742432
0;7;0.36090944302455125;0.34141588192399874;0;-0.34497135291262232;0.36407559864563027;0;0.5;-0.12582697384765234;0.49835404043840489;0.8750243503801862;0.26496204131711747
1;7;-0.36090944302455125;-0.34141588192399874;0;0.34497135291262232;-0.36407559864563027;0;0.5;-0.12582697384765234;0.49835404043840489;0.8750243503801862;0.26496204131711747
0;7.5;0.15072383811134235;0.4730586413227722;0;-0.47827966342287515;0.15168568764288842;0;0.5;-0.1258875001353633;0.49823395355846492;0.87500396539424;0.26479405075709765
1;7.5;-0.15072383811134235;-0.4730586413227722;0;0.47827966342287515;-0.15168568764288842;0;0.5;-0.1258875001353633;0.49823395355846492;0.87500396539424;0.26479405075709765
0;8;-0.097045835180359474;0.4864683025298126;0;-0.49220593628181875;-0.099066451703081149;0;0.5;-0.12594840892561107;0.49811314572398744;0.87495474844543196;0.26456843005954995
1;8;0.097045835180359474;-0.4864683025298126;0;0.49220593628181875;0.099066451703081149;0;0.5;-0.12594840892561107;0.49811314572398744;0.87495474844543196;0.26456843005954995
0;8.5;-0.32041594809745355;0.37802585653595733;0;-0.38269693734789978;-0.32559657368401279;0;0.5;-0.12600987854157058;0.49799134477774553;0.87488888349871164;0.26430912937292275
1;8.5;0.32041594809745355;-0.37802585653595733;0;0.38269693734789978;0.32559657368401279;0;0.5;-0.12600987854157058;0.49799134477774553;0.87488888349871164;0.26430912937292275
0;9;-0.46320821479585855;0.17466105338151044;0;-0.17660342468142312;-0.47082165075061355;0;0.5;-0.12607202713553343;0.49786839303414101;0.87482274342374222;0.2640483624608107
1;9;0.46320821479585855;-0.17466105338151044;0;0.17660342468142312;0.47082165075061355;0;0.5;-0.12607202713553343;0.49786839303414101;0.87482274342374222;0.2640483624608107
0;9.5;-0.48923754223357618;-0.072633695737356938;0;0.074572276675655996;-0.49762265359332447;0;0.5;-0.12613488242433076;0.49774428811649986;0.8747728411934255;0.26381859177677102
1;9.5;0.48923754223357618;0.072633695737356938;0;-0.074572276675655996;0.49762265359332447;0;0.5;-0.12613488242433076;0.49774428811649986;0.8747728411934255;0.26381859177677102
0;10;-0.39166754279890315;-0.30149139470411146;0;0.30739722978934336;-0.39863393450643325;0;0.5;-0.12619837268989017;0.49761918628352594;0.87475164831219841;0.2636443562201279
1;10;0.39166754279890315;0.30149139470411146;0;-0.30739722978934336;0.39863393450643325;0;0.5;-0.12619837268989017;0.49761918628352594;0.87475164831219841;0.2636443562201279
0;10.5;-0.19499152046483464;-0.45396195454011562;0;0.46266347185537754;-0.19854744514521933;0;0.5;-0.12626234345139569;0.49749336438211526;0.87476437168997259;0.26353603230037408
1;10.5;0.19499152046483464;0.45396195454011562;0;-0.46266347185537754;0.19854744514521933;0;0.5;-0.12626234345139569;0.49749336438211526;0.87476437168997259;0.26353603230037408
0;11;0.051042629655293714;-0.49134364606474834;0;0.50072977115814721;0.051979741595575481;0;0.5;-0.12632659717057024;0.49736714830770388;0.8748075917923135;0.2634871888529062
1;11;-0.051042629655293714;0.49134364606474834;0;-0.50072977115814721;-0.051979741595575481;0;0.5;-0.12632659717057024;0.49736714830770388;0.8748075917923135;0.2634871888529062
0;11.5;0.28406987605067957;-0.40413398209456819;0;0.41182869603290018;0.2893176981654963;0;0.5;-0.12639094560758742;0.4972408270514598;0.87487016204234175;0.26347625953859308
1;11.5;-0.28406987605067957;0.40413398209456819;0;-0.41182869603290018;-0.2893176981654963;0;0.5;-0.12639094560758742;0.4972408270514598;0.87487016204234175;0.26347625953859308
0;12;0.44500755016043808;-0.21447070845097765;0;0.21853227248127513;0.45322493282300697;0;0.5;-0.12645525977711528;0.49711457665131323;0.87493611271258238;0.26347208427021834
1;12;-0.44500755016043808;0.21447070845097765;0;-0.21853227248127513;-0.45322493282300697;0;0.5;-0.12645525977711528;0.49711457665131323;0.87493611271258238;0.26347208427021834
0;12.5;0.4930672649030064;0.029525436320970978;0;-0.030143782125853145;0.50217123855438528;0;0.5;-0.12651950343064455;0.49698841485319201;0.87498874234167377;0.26344183942860556
1;12.5;-0.4930672649030064;-0.029525436320970978;0;0.030143782125853145;-0.50217123855438528;0;0.5;-0.12651950343064455;0.49698841485319201;0.87498874234167377;0.26344183942860556
0;13;0.41605714416240758;0.26596509939792329;0;-0.27124095056284359;0.42371696923624669;0;0.5;-0.12658374189216403;0.49686219706163479;0.87501480897975415;0.26335929992290576
1;13;-0.41605714416240758;-0.26596509939792329;0;0.27124095056284359;-0.42371696923624669;0;0.5;-0.12658374189216403;0.49686219706163479;0.87501480897975415;0.26335929992290576
0;13.5;0.2334543982839655;0.43481526555987821;0;-0.44366625817267136;0.23754088465466144;0;0.5;-0.12664812560629859;0.49673565232440484;0.87500778970167454;0.26321137143516147
1;13.5;-0.2334543982839655;-0.43481526555987821;0;0.44366625817267136;-0.23754088465466144;0;0.5;-0.12664812560629859;0.49673565232440484;0.87500778970167454;0.26321137143516147
0;14;-0.0084442142337366518;0.49304705184872721;0;-0.50345012765488817;-0.009429332336963421;0;0.5;-0.12671285375269267;0.4966084489908848;0.87496946583614964;0.26300132150597086
1;14;0.0084442142337366518;-0.49304705184872721;0;0.50345012765488817;0.009429332336963421;0;0.5;-0.12671285375269267;0.4966084489908848;0.87496946583614964;0.26300132150597086
0;14.5;-0.24809814520887505;0.42559388040601748;0;-0.43487367123578852;-0.25457894498580219;0;0.5;-0.12677812665808224;0.49648027457571941;0.87490948922089029;0.26274794773600474
1;14.5;0.24809814520887505;-0.42559388040601748;0;0.43487367123578852;0.25457894498580219;0;0.5;-0.12677812665808224;0.49648027457571941;0.87490948922089029;0.26274794773600474
0;15;-0.42424072924757555;0.24938395930149684;0;-0.2547788810449812;-0.43521915102171393;0;0.5;-0.12684409724765553;0.49635091222673027;0.87484301475790857;0.26248086888936233
1;15;0.42424072924757555;-0.24938395930149684;0;0.2547788810449812;0.43521915102171393;0;0.5;-0.12684409724765553;0.49635091222673027;0.87484301475790857;0.26248086888936233
0;15.5;-0.49154290797714645;0.0093065644613719179;0;-0.0087814269390293492;-0.50459160149516524;0;0.5;-0.12691083232723268;0.49622029611129973;0.87478691344445324;0.26223304697957903
1;15.5;0.49154290797714645;-0.0093065644613719179;0;0.0087814269390293492;0.50459160149516524;0;0.5;-0.12691083232723268;0.49622029611129973;0.87478691344445324;0.26223304697957903
0;16;-0.43243639544829132;-0.23307072830652373;0;0.24003757639879111;-0.44422378556107767;0;0.5;-0.12697829378934687;0.49608853070525244;0.87475545831162561;0.26203237131379062
1;16;0.43243639544829132;0.23307072830652373;0;-0.24003757639879111;0.44422378556107767;0;0.5;-0.12697829378934687;0.49608853070525244;0.87475545831162561;0.26203237131379062
0;16.5;-0.26191044608626141;-0.41529806810894104;0;0.42734733495097549;-0.26918136128153014;0;0.5;-0.12704634653462437;0.49595586605599463;0.87475659451368387;0.26189446111966301
1;16.5;0.26191044608626141;0.41529806810894104;0;-0.42734733495097549;0.26918136128153014;0;0.5;-0.12704634653462437;0.49595586605599463;0.87475659451368387;0.26189446111966301
0;17;-0.023838918456898398;-0.49027564367533749;0;0.50446684429621302;-0.024477183755287596;0;0.5;-0.1271147931872756;0.49582263277557783;0.87478983130563106;0.26181861003041934
1;17;0.023838918456898398;0.49027564367533749;0;-0.50446684429621302;0.024477183755287596;0;0.5;-0.1271147931872756;0.49582263277557783;0.87478983130563106;0.26181861003041934
0;17.5;0.22032105766376575;-0.4385832994236572;0;0.45126812018162638;0.22660528324552856;0;0.5;-0.12718342708287962;0.49568915350164247;0.8748463749557099;0.26178799068906315
1;17.5;-0.22032105766376575;0.4385832994236572;0;-0.45126812018162638;-0.22660528324552856;0;0.5;-0.12718342708287962;0.49568915350164247;0.8748463749557099;0.26178799068906315
0;18;0.40748407203552589;-0.27357726043116876;0;0.28146870026715914;0.41909464396591123;0;0.5;-0.12725208833902268;0.49555565601543925;0.87491146905289288;0.2617740700493887
1;18;-0.40748407203552589;0.27357726043116876;0;-0.28146870026715914;-0.41909464396591123;0;0.5;-0.12725208833902268;0.49555565601543925;0.87491146905289288;0.2617740700493887
0;18.5;0.4892946223774523;-0.03791923167883008;0;0.038952352319142174;0.50324293749178306;0;0.5;-0.12732070669724413;0.49542221267237359;0.87496826694856801;0.26174403019314825
1;18.5;-0.4892946223774523;0.03791923167883008;0;-0.038952352319142174;-0.50324293749178306;0;0.5;-0.12732070669724413;0.49542221267237359;0.87496826694856801;0.26174403019314825
0;19;0.44460505367323438;0.20747161814032525;0;-0.2136872416764144;0.45728297813649904;0;0.5;-0.12738931975764547;0.49528872168956613;0.87500216811472206;0.2616692150826105
1;19;-0.44460505367323438;-0.20747161814032525;0;0.2136872416764144;-0.45728297813649904;0;0.5;-0.12738931975764547;0.49528872168956613;0.87500216811472206;0.2616692150826105
0;19.5;0.28491498834729606;0.39911219375959495;0;-0.41122381632060612;0.29290500832186073;0;0.5;-0.12745806328982595;0.49515493298159487;0.87500450326951087;0.26153242872993009
1;19.5;-0.28491498834729606;-0.39911219375959495;0;0.41122381632060612;-0.29290500832186073;0;0.5;-0.12745806328982595;0.49515493298159487;0.87500450326951087;0.26153242872993009
0;20;0.051466458556022013;0.48728092187386596;0;-0.50241846980087301;0.052292696363698328;0;0.5;-0.12752713766573104;0.49502051004242282;0.87497469082030584;0.26133227444671336
1;20;-0.051466458556022013;-0.48728092187386596;0;0.50241846980087301;-0.052292696363698328;0;0.5;-0.12752713766573104;0.49502051004242282;0.87497469082030584;0.26133227444671336
0;20.5;-0.19525365815372575;0.44888380453185428;0;-0.4631718492732555;-0.20246593438992178;0;0.5;-0.12759675910569498;0.49488511238995589;0.87492037963477258;0.26108348602462682
1;20.5;0.19525365815372575;-0.44888380453185428;0;0.4631718492732555;0.20246593438992178;0;0.5;-0.12759675910569498;0.49488511238995589;0.87492037963477258;0.26108348602462682
0;21;-0.39102508583040885;0.29361123440567255;0;-0.30301343039122886;-0.40510468079044909;0;0.5;-0.12766710666300091;0.49474847983010354;0.87485554039398769;0.26081316405007687
1;21;0.39102508583040885;-0.29361123440567255;0;0.30301343039122886;0.40510468079044909;0;0.5;-0.12766710666300091;0.49474847983010354;0.87485554039398769;0.26081316405007687
0;21.5;-0.4845718745005933;0.06170965158118507;0;-0.063136729285554832;-0.50231785369554449;0;0.5;-0.12773827677407007;0.49461049905310393;0.87479692285940841;0.26055381449549939
1;21.5;0.4845718745005933;-0.06170965158118507;0;0.063136729285554832;0.50231785369554449;0;0.5;-0.12773827677407007;0.49461049905310393;0.87479692285940841;0.26055381449549939
0;22;-0.45112501268104638;-0.18626328220436483;0;0.19389162584666836;-0.46798718978490883;0;0.5;-0.12781025686051877;0.49447123509685072;0.87475971419120834;0.26033491090128506
1;22;0.45112501268104638;0.18626328220436483;0;-0.19389162584666836;0.46798718978490883;0;0.5;-0.12781025686051877;0.49447123509685072;0.87475971419120834;0.26033491090128506
0;22.5;-0.29920160381316235;-0.38521732987549806;0;0.40041759964923473;-0.31055201103511199;0;0.5;-0.12788292661839891;0.49433091668228555;0.87475351448042584;0.26017516005257714
1;22.5;0.29920160381316235;0.38521732987549806;0;-0.40041759964923473;0.31055201103511199;0;0.5;-0.12788292661839891;0.49433091668228555;0.87475351448042584;0.26017516005257714
0;23;-0.068602337388805376;-0.48273792851996511;0;0.50174657670079714;-0.07117592746915552;0;0.5;-0.12795608907860476;0.4941898761374535;0.87477974974952826;0.26007755638807958
1;23;0.068602337388805376;0.48273792851996511;0;-0.50174657670079714;0.07117592746915552;0;0.5;-0.12795608907860476;0.4941898761374535;0.87477974974952826;0.26007755638807958
0;23.5;0.17999391532527734;-0.45306507087977849;0;0.47091369873135652;0.18706010755772437;0;0.5;-0.12802952427163812;0.49404845890892601;0.87483128607849891;0.26002860398734531
1;23.5;-0.17999391532527734;0.45306507087977849;0;-0.47091369873135652;-0.18706010755772437;0;0.5;-0.12802952427163812;0.49404845890892601;0.87483128607849891;0.26002860398734531
0;24;0.38107763486389618;-0.30399480565276671;0;0.31595650174152612;0.39599366402519426;0;0.5;-0.12810305016358953;0.49390692849890527;0.87489436697636133;0.26000193289782488
1;24;-0.38107763486389618;0.30399480565276671;0;-0.31595650174152612;-0.39599366402519426;0;0.5;-0.12810305016358953;0.49390692849890527;0.87489436697636133;0.26000193289782488
0;24.5;0.48164406420603151;-0.074831368159870348;0;0.077707119453856735;0.50051020052905693;0;0.5;-0.12817657277750585;0.49376539444777075;0.87495230442024629;0.25996530426495001
1;24.5;-0.48164406420603151;0.074831368159870348;0;-0.077707119453856735;-0.50051020052905693;0;0.5;-0.12817657277750585;0.49376539444777075;0.87495230442024629;0.25996530426495001
0;25;0.45516704758142551;0.17399403072591421;0;-0.18109739295120089;0.4730176035433406;0;0.5;-0.1282501115423609;0.49362378282479558;0.8749898766585225;0.25988909061837073
1;25;-0.45516704758142551;-0.17399403072591421;0;0.18109739295120089;-0.4730176035433406;0;0.5;-0.1282501115423609;0.49362378282479558;0.8749898766585225;0.25988909061837073
0;25.5;0.30857252443319744;0.37681426910886728;0;-0.39228828391000164;0.32057651515307145;0;0.5;-0.1283237943710224;0.49348185507259904;0.87499726303012983;0.25975398903657106
1;25.5;-0.30857252443319744;-0.37681426910886728;0;0.39228828391000164;-0.32057651515307145;0;0.5;-0.1283237943710224;0.49348185507259904;0.87499726303012983;0.25975398903657106
0;26;0.080474008933275706;0.47996060140580643;0;-0.50000893135431046;0.083070878948148311;0;0.5;-0.12839782548207217;0.49333926811131557;0.87497254434988914;0.25955600031160945
1;26;-0.080474008933275706;-0.47996060140580643;0;0.50000893135431046;-0.083070878948148311;0;0.5;-0.12839782548207217;0.49333926811131557;0.87497254434988914;0.25955600031160945
0;26.5;-0.16884757483991411;0.45591952633937299;0;-0.47532634455848849;-0.17700738746883415;0;0.5;-0.12847243478151943;0.49319565994118665;0.87492218746401269;0.25930743859120177
1;26.5;0.16884757483991411;-0.45591952633937299;0;0.47532634455848849;0.17700738746883415;0;0.5;-0.12847243478151943;0.49319565994118665;0.87492218746401269;0.25930743859120177
0;27;-0.37320259973439612;0.31076900022594472;0;-0.3240953982621253;-0.39069011719473085;0;0.5;-0.12854782058381362;0.49305074064671902;0.87485939860054749;0.25903371713432717
1;27;0.37320259973439612;-0.31076900022594472;0;0.3240953982621253;0.39069011719473085;0;0.5;-0.12854782058381362;0.49305074064671902;0.87485939860054749;0.25903371713432717
0;27.5;-0.47800666901380678;0.082864001989118377;0;-0.085925872865316957;-0.50068762116857557;0;0.5;-0.12862409869607736;0.49290436742253188;0.874800711609882;0.25876669029642457
1;27.5;0.47800666901380678;-0.082864001989118377;0;0.085925872865316957;0.50068762116857557;0;0.5;-0.12862409869607736;0.49290436742253188;0.874800711609882;0.25876669029642457
0;28;-0.45498172338392967;-0.1670917390706447;0;0.17585549067916151;-0.47692968987873963;0;0.5;-0.12870127072472616;0.49275658399338944;0.87476162593718458;0.25853622561900372
1;28;0.45498172338392967;0.1670917390706447;0;-0.17585549067916151;0.47692968987873963;0;0.5;-0.12870127072472616;0.49275658399338944;0.87476162593718458;0.25853622561900372
0;28.5;-0.31001466067274414;-0.37215659005982943;0;0.39097063268190319;-0.32515077814673649;0;0.5;-0.12877922167567151;0.49260761125414083;0.8747524272132702;0.25836221635278488
1;28.5;0.31001466067274414;0.37215659005982943;0;-0.39097063268190319;0.32515077814673649;0;0.5;-0.12877922167567151;0.49260761125414083;0.8747524272132702;0.25836221635278488
0;29;-0.081841745994224516;-0.47719191982952514;0;0.50128180623000718;-0.085790772414234204;0;0.5;-0.12885775011554708;0.49245778819016643;0.87477536552516389;0.25824921976515256
1;29;0.081841745994224516;0.47719191982952514;0;-0.50128180623000718;0.085790772414234204;0;0.5;-0.12885775011554708;0.49245778819016643;0.87477536552516389;0.25824921976515256
0;29.5;0.16825964739680663;-0.45386663766469282;0;0.47680686922394222;0.17679228951428663;0;0.5;-0.12893662413291781;0.49230747769249516;0.87482403396773998;0.25818523919453802
1;29.5;-0.16825964739680663;0.45386663766469282;0;-0.47680686922394222;-0.17679228951428663;0;0.5;-0.12893662413291781;0.49230747769249516;0.87482403396773998;0.25818523919453802
0;30;0.37300039393146739;-0.30841399618318538;0;0.32399505768900566;0.39183302243570323;0;0.5;-0.12901564701427081;0.49215696441868544;0.8748851436233752;0.25814500698301527
1;30;-0.37300039393146739;0.30841399618318538;0;-0.32399505768900566;-0.39183302243570323;0;0.5;-0.12901564701427081;0.49215696441868544;0.8748851436233752;0.25814500698301527
0;30.5;0.47726118026648651;-0.079981782300283119;0;0.08393469840508018;0.50138152982859796;0;0.5;-0.12909471281957569;0.49200637493017663;0.87494216475249347;0.25809683921402263
1;30.5;-0.47726118026648651;0.079981782300283119;0;-0.08393469840508018;-0.50138152982859796;0;0.5;-0.12909471281957569;0.49200637493017663;0.87494216475249347;0.25809683921402263
0;31;0.45294382113522352;0.16991505841109167;0;-0.1788223573897616;0.47587184065624577;0;0.5;-0.12917383594049422;0.49185564235716525;0.87497977950742103;0.25801115045619024
1;31;-0.45294382113522352;-0.16991505841109167;0;0.1788223573897616;-0.47587184065624577;0;0.5;-0.12917383594049422;0.49185564235716525;0.87497977950742103;0.25801115045619024
0;31.5;0.3065299497782793;0.37391389496907834;0;-0.39357533392086919;0.32195540967033487;0;0.5;-0.12925314779081262;0.4917045232544018;0.87498793215930443;0.25786832527143063
1;31.5;-0.3065299497782793;-0.37391389496907834;0;0.39357533392086919;-0.32195540967033487;0;0.5;-0.12925314779081262;0.4917045232544018;0.87498793215930443;0.25786832527143063
0;32;0.077408843419554507;0.47686861809439152;0;-0.50228741981410396;0.080755917375921332;0;0.5;-0.12933286331914635;0.49155265987260884;0.87496444877964261;0.2576638899950418
1;32;-0.077408843419554507;-0.47686861809439152;0;0.50228741981410396;-0.080755917375921332;0;0.5;-0.12933286331914635;0.49155265987260884;0.87496444877964261;0.2576638899950418
0;32.5;-0.17256065426594941;0.45071735054059459;0;-0.47510989970754969;-0.18288966542931126;0;0.5;-0.12941322676886728;0.4913996710735139;0.87491559902599501;0.25740966899023611
1;32.5;0.17256065426594941;-0.45071735054059459;0;0.47510989970754969;0.18288966542931126;0;0.5;-0.12941322676886728;0.4913996710735139;0.87491559902599501;0.25740966899023611
0;33;-0.37557364356388617;0.30223808669508828;0;-0.31868041970999023;-0.39753925020152753;0;0.5;-0.12949444966676841;0.49124524995635642;0.87485446301768201;0.25713062749943188
1;33;0.37557364356388617;-0.30223808669508828;0;0.31868041970999023;0.39753925020152753;0;0.5;-0.12949444966676841;0.49124524995635642;0.87485446301768201;0.25713062749943188
0;33.5;-0.47621536403157166;0.071526565363198874;0;-0.074875289547026949;-0.50437064442842716;0;0.5;-0.12957665553026858;0.4910892446703914;0.87479747607333982;0.25685818546543919
1;33.5;0.47621536403157166;-0.071526565363198874;0;0.074875289547026949;0.50437064442842716;0;0.5;-0.12957665553026858;0.4910892446703914;0.87479747607333982;0.25685818546543919
0;34;-0.44671863418218088;-0.17861577938951648;0;0.19005149949891581;-0.47349637449335058;0;0.5;-0.12965984558496581;0.4909317008220583;0.87475999733654157;0.2566217223689677
1;34;0.44671863418218088;0.17861577938951648;0;-0.19005149949891581;0.47349637449335058;0;0.5;-0.12965984558496581;0.4909317008220583;0.87475999733654157;0.2566217223689677
0;34.5;-0.29486623656301353;-0.37971886576016628;0;0.40340259950090362;-0.31270737909750229;0;0.5;-0.12974389658150674;0.49077285109429961;0.87475207938197783;0.25644055052897397
1;34.5;0.29486623656301353;0.37971886576016628;0;-0.40340259950090362;0.31270737909750229;0;0.5;-0.12974389658150674;0.49077285109429961;0.87475207938197783;0.25644055052897397
0;35;-0.062135081800753909;-0.47650581547081861;0;0.50622295359783576;-0.065797681360752772;0;0.5;-0.12982859412745054;0.49061305125566682;0.87477565269266484;0.25631859941655516
1;35;0.062135081800753909;0.47650581547081861;0;-0.50622295359783576;0.065797681360752772;0;0.5;-0.12982859412745054;0.49061305125566682;0.87477565269266484;0.25631859941655516
0;35.5;0.18758760172524119;-0.44227342756557464;0;0.46990230694573221;0.19937903756590195;0;0.5;-0.1299136937948911;0.49045267881026806;0.87482398179706525;0.256243346618252
1;35.5;-0.18758760172524119;0.44227342756557464;0;-0.46990230694573221;-0.19937903756590195;0;0.5;-0.1299136937948911;0.49045267881026806;0.87482398179706525;0.256243346618252
0;36;0.38561414911408237;-0.28638080981805558;0;0.30426256760355042;0.40976466215164903;0;0.5;-0.12999899207475973;0.49029202408050645;0.87488356913062664;0.25618931664500523
1;36;-0.38561414911408237;0.28638080981805558;0;-0.30426256760355042;-0.40976466215164903;0;0.5;-0.12999899207475973;0.49029202408050645;0.87488356913062664;0.25618931664500523
0;36.5;0.47742608459686026;-0.05171428148316657;0;0.054810896418090373;0.50736879476456065;0;0.5;-0.13008438541360958;0.49013120651356395;0.87493792888870435;0.25612513892441013
1;36.5;-0.47742608459686026;0.05171428148316657;0;-0.054810896418090373;-0.50736879476456065;0;0.5;-0.13008438541360958;0.49013120651356395;0.87493792888870435;0.25612513892441013
0;37;0.43769949405335162;0.19710954841940748;0;-0.20987348928728536;0.46519816454626672;0;0.5;-0.13016990017435702;0.48997013991014186;0.87497212066040195;0.2560221596782982
1;37;-0.43769949405335162;-0.19710954841940748;0;0.20987348928728536;-0.46519816454626672;0;0.5;-0.13016990017435702;0.48997013991014186;0.87497212066040195;0.2560221596782982
0;37.5;0.27729112370945697;0.39147921392815499;0;-0.41692443828584941;0.29458939982531579;0;0.5;-0.13025568651750013;0.48980855415607643;0.87497678591005642;0.25586223254809573
1;37.5;-0.27729112370945697;-0.39147921392815499;0;0.41692443828584941;-0.29458939982531579;0;0.5;-0.13025568651750013;0.48980855415607643;0.87497678591005642;0.25586223254809573
0;38;0.040351208060734625;0.47761568834675816;0;-0.50902990816578864;0.042188641953188055;0;0.5;-0.13034197969870485;0.48964606529388632;0.87495064214060625;0.25564260900833679
1;38;-0.040351208060734625;-0.47761568834675816;0;0.50902990816578864;-0.042188641953188055;0;0.5;-0.13034197969870485;0.48964606529388632;0.87495064214060625;0.25564260900833679
0;38.5;-0.20765044148528627;0.43143512655778093;0;-0.46016526244147832;-0.22253590653145994;0;0.5;-0.13042903962871447;0.48948227495303947;0.87490082183647717;0.25537665389682783
1;38.5;0.20765044148528627;-0.43143512655778093;0;0.46016526244147832;0.22253590653145994;0;0.5;-0.13042903962871447;0.48948227495303947;0.87490082183647717;0.25537665389682783
0;39;-0.39784049159840174;0.26542282617570573;0;-0.28310250400438036;-0.4260917985485867;0;0.5;-0.1305170834294441;0.48931687462175715;0.87484096708890213;0.25509019247436049
1;39;0.39784049159840174;-0.26542282617570573;0;0.28310250400438036;0.4260917985485867;0;0.5;-0.1305170834294441;0.48931687462175715;0.87484096708890213;0.25509019247436049
0;39.5;-0.47704105490180487;0.025512963257905075;0;-0.026476262990032383;-0.51127544253961554;0;0.5;-0.13060622730392072;0.4891497287587133;0.87478753101716993;0.25481442349605163
1;39.5;0.47704105490180487;-0.025512963257905075;0;0.026476262990032383;0.51127544253961554;0;0.5;-0.13060622730392072;0.4891497287587133;0.87478753101716993;0.25481442349605163
0;40;-0.4228046744334219;-0.22141110939949571;0;0.23823784335845063;-0.45350007502204187;0;0.5;-0.13069645345419699;0.48898091354832931;0.87475522515301666;0.25457727576557081
1;40;0.4228046744334219;0.22141110939949571;0;-0.23823784335845063;0.45350007502204187;0;0.5;-0.13069645345419699;0.48898091354832931;0.87475522515301666;0.25457727576557081
0;40.5;-0.25003527425038946;-0.40613234679113741;0;0.43661136601610512;-0.26829554373533065;0;0.5;-0.13078761346634362;0.48881069714765158;0.87475286457998041;0.2543955932407911
1;40.5;0.25003527425038946;0.40613234679113741;0;-0.43661136601610512;0.26829554373533065;0;0.5;-0.13078761346634362;0.48881069714765158;0.87475286457998041;0.2543955932407911
0;41;-0.0070815353427906725;-0.47664865115364069;0;0.51246843241753559;-0.0073916927730430151;0;0.5;-0.1308794702005945;0.48863946320850873;0.87478084009493859;0.25427039224643934
1;41;0.0070815353427906725;0.47664865115364069;0;-0.51246843241753559;0.0073916927730430151;0;0.5;-0.1308794702005945;0.48863946320850873;0.87478084009493859;0.25427039224643934
0;41.5;0.23776562222745995;-0.41300605039253263;0;0.44410146441464821;0.25578637809329641;0;0.5;-0.13097176754864838;0.48846759827218937;0.87483100722061068;0.25418659595016657
1;41.5;-0.23776562222745995;0.41300605039253263;0;-0.44410146441464821;-0.25578637809329641;0;0.5;-0.13097176754864838;0.48846759827218937;0.87483100722061068;0.25418659595016657
0;42;0.41554745166485263;-0.23306031114656317;0;0.25057602557558162;0.44699675408354572;0;0.5;-0.13106430689413864;0.48829537709678491;0.87488903564687204;0.25411733551966476
1;42;-0.41554745166485263;0.23306031114656317;0;-0.25057602557558162;-0.44699675408354572;0;0.5;-0.13106430689413864;0.48829537709678491;0.87488903564687204;0.25411733551966476
0;42.5;0.47612928286097111;0.012507395793234873;0;-0.013687911383120808;0.51223533005642863;0;0.5;-0.13115700645250052;0.48812288096214324;0.87493849524923877;0.254031553846172
1;42.5;-0.47612928286097111;-0.012507395793234873;0;0.013687911383120808;-0.51223533005642863;0;0.5;-0.13115700645250052;0.48812288096214324;0.87493849524923877;0.254031553846172
0;43;0.40235526045681547;0.25444493115232558;0;-0.27429119728083262;0.43290842289141618;0;0.5;-0.13124992623900751;0.48794997210847076;0.87496546444184034;0.25390271550719281
1;43;-0.40235526045681547;-0.25444493115232558;0;0.27429119728083262;-0.43290842289141618;0;0.5;-0.13124992623900751;0.48794997210847076;0.87496546444184034;0.25390271550719281
0;43.5;0.21493395240402438;0.42438392719457196;0;-0.45767925531485093;0.23103118085069954;0;0.5;-0.13134325321696552;0.48777632918962683;0.87496237116944027;0.25371618074928399
1;43.5;-0.21493395240402438;-0.42438392719457196;0;0.45767925531485093;-0.23103118085069954;0;0.5;-0.13134325321696552;0.48777632918962683;0.87496237116944027;0.25371618074928399
0;44;-0.033252282557316534;0.47407975326983398;0;-0.5116816031554362;-0.036775754707722159;0;0.5;-0.13143725246350553;0.48760153192688408;0.87493005825707803;0.25347323773550366
1;44;0.033252282557316534;-0.47407975326983398;0;0.5116816031554362;0.036775754707722159;0;0.5;-0.13143725246350553;0.48760153192688408;0.87493005825707803;0.25347323773550366
0;44.5;-0.2718668541278027;0.38913993825453763;0;-0.42029740345879885;-0.29484315304173053;0;0.5;-0.13153219770453485;0.48742517221815407;0.87487755235787945;0.25319071515108454
1;44.5;0.2718668541278027;-0.38913993825453763;0;0.42029740345879885;0.29484315304173053;0;0.5;-0.13153219770453485;0.48742517221815407;0.87487755235787945;0.25319071515108454
0;45;-0.43290231479768609;0.19338910575978968;0;-0.20868918445887469;-0.46954072578094952;0;0.5;-0.13162829842378965;0.48724696369320037;0.87481958296441195;0.25289626559338608
1;45;0.43290231479768609;-0.19338910575978968;0;0.20868918445887469;0.46954072578094952;0;0.5;-0.13162829842378965;0.48724696369320037;0.87481958296441195;0.25289626559338608
0;45.5;-0.47009794684355954;-0.057537478964254631;0;0.06330506206903519;-0.51030003100876864;0;0.5;-0.13172564205580815;0.48706682105710971;0.87477246704051182;0.25262056954442088
1;45.5;0.47009794684355954;0.057537478964254631;0;-0.06330506206903519;0.51030003100876864;0;0.5;-0.13172564205580815;0.48706682105710971;0.87477246704051182;0.25262056954442088
0;46;-0.37245290057109204;-0.29182919325440043;0;0.31781642759338724;-0.40459969787027006;0;0.5;-0.13182416812084343;0.48688488541908668;0.87474945591254892;0.25238860130035022
1;46;0.37245290057109204;0.29182919325440043;0;-0.31781642759338724;0.40459969787027006;0;0.5;-0.13182416812084343;0.48688488541908668;0.87474945591254892;0.25238860130035022
0;46.5;-0.16774879606868348;-0.44208051744047921;0;0.48132622868757968;-0.18221170346838794;0;0.5;-0.13192368462417717;0.48670148424465138;0.87475688392844002;0.25221245449226722
1;46.5;0.16774879606868348;0.44208051744047921;0;-0.48132622868757968;0.18221170346838794;0;0.5;-0.13192368462417717;0.48670148424465138;0.87475688392844002;0.25221245449226722
0;47;0.085198716212965556;-0.46486947338816037;0;0.50623758081533787;0.093007497583122781;0;0.5;-0.1320239249360774;0.4865170339903699;0.87479230433736851;0.25208785597921258
1;47;-0.085198716212965556;0.46486947338816037;0;-0.50623758081533787;-0.093007497583122781;0;0.5;-0.1320239249360774;0.4865170339903699;0.87479230433736851;0.25208785597921258
0;47.5;0.31344836076959159;-0.35349883040766689;0;0.38500304750230147;0.34158044265353599;0;0.5;-0.13212462911181641;0.48633191363230665;0.8748452150155904;0.25199543317601511
1;47.5;-0.31344836076959159;0.35349883040766689;0;-0.38500304750230147;-0.34158044265353599;0;0.5;-0.13212462911181641;0.48633191363230665;0.8748452150155904;0.25199543317601511
0;48;0.45105383869031868;-0.1400608204472778;0;0.15243563761508211;0.49156640471650431;0;0.5;-0.1322256240178735;0.48614634857670073;0.87490015036150355;0.25190636049836754
1;48;-0.45105383869031868;0.1400608204472778;0;-0.15243563761508211;-0.49156640471650431;0;0.5;-0.1322256240178735;0.48614634857670073;0.87490015036150355;0.25190636049836754
0;48.5;0.4581758879386546;0.11378223395849102;0;-0.12439253714584092;0.49942940171750805;0;0.5;-0.13232687707172617;0.48596034071761727;0.87494117564304015;0.25179069467259191
1;48.5;-0.4581758879386546;-0.11378223395849102;0;0.12439253714584092;-0.49942940171750805;0;0.5;-0.13232687707172617;0.48596034071761727;0.87494117564304015;0.25179069467259191
0;49;0.33264162600658986;0.33456412052358064;0;-0.36549000800223619;0.36257335062682572;0;0.5;-0.13242850834275386;0.48577366397317867;0.87495644326481285;0.25162595678218076
1;49;-0.33264162600658986;-0.33456412052358064;0;0.36549000800223619;-0.36257335062682572;0;0.5;-0.13242850834275386;0.48577366397317867;0.87495644326481285;0.25162595678218076
0;49.5;0.11068204114875874;0.45818791255873548;0;-0.50087070153310453;0.12016457841660838;0;0.5;-0.13253075948037174;0.48558592402042578;0.87494153212121245;0.25140351981950962
1;49.5;-0.11068204114875874;-0.45818791255873548;0;0.50087070153310453;-0.12016457841660838;0;0.5;-0.13253075948037174;0.48558592402042578;0.87494153212121245;0.25140351981950962
0;50;-0.14334454170038677;0.44849519791452414;0;-0.49068929620378904;-0.15784723141212686;0;0.5;-0.13263392949315961;0.48539666412180628;0.87490068357109204;0.25113103081469449
1;50;0.14334454170038677;-0.44849519791452414;0;0.49068929620378904;0.15784723141212686;0;0.5;-0.13263392949315961;0.48539666412180628;0.87490068357109204;0.25113103081469449
0;50.5;-0.35540388335168921;0.30796079132217313;0;-0.33705806422133211;-0.39054743842888545;0;0.5;-0.1327382944735782;0.48520548885960383;0.87484561010065213;0.25083019817763523
1;50.5;0.35540388335168921;-0.30796079132217313;0;0.33705806422133211;0.39054743842888545;0;0.5;-0.1327382944735782;0.48520548885960383;0.87484561010065213;0.25083019817763523
0;51;-0.46328077338738638;0.077343599889668643;0;-0.084076551199593702;-0.50941743577152376;0;0.5;-0.13284403170945005;0.48501217351467074;0.87479216871077687;0.25053053350033392
1;51;0.46328077338738638;-0.077343599889668643;0;0.084076551199593702;0.50941743577152376;0;0.5;-0.13284403170945005;0.48501217351467074;0.87479216871077687;0.25053053350033392
0;51.5;-0.4349710207455893;-0.17586352798395793;0;0.19439303143496306;-0.47870251101110817;0;0.5;-0.13295116893682209;0.48481672834325492;0.87475577397254965;0.25026077698378858
1;51.5;0.4349710207455893;0.17586352798395793;0;-0.19439303143496306;0.47870251101110817;0;0.5;-0.13295116893682209;0.48481672834325492;0.87475577397254965;0.25026077698378858
0;52;-0.27846341950880632;-0.3770894316143471;0;0.41616013769519689;-0.3066115770064034;0;0.5;-0.13305957541437172;0.48461939595644201;0.87474684910814676;0.25004046641432393
1;52;0.27846341950880632;0.3770894316143471;0;-0.41616013769519689;0.3066115770064034;0;0.5;-0.13305957541437172;0.48461939595644201;0.87474684910814676;0.25004046641432393
0;52.5;-0.039744717533201607;-0.46676694096452387;0;0.51520599953144541;-0.043506676626686003;0;0.5;-0.13316900108039361;0.48442057788239735;0.87476769946712279;0.24987416416200704
1;52.5;0.039744717533201607;0.46676694096452387;0;-0.51520599953144541;0.043506676626686003;0;0.5;-0.13316900108039361;0.48442057788239735;0.87476769946712279;0.24987416416200704
0;53;0.21062300931264916;-0.41818831699113423;0;0.46169988365839848;0.23279915014412431;0;0.5;-0.13327915443097045;0.48422070974178169;0.87481181625862264;0.24975012131721271
1;53;-0.21062300931264916;0.41818831699113423;0;-0.46169988365839848;-0.23279915014412431;0;0.5;-0.13327915443097045;0.48422070974178169;0.87481181625862264;0.24975012131721271
0;53.5;0.39841573490573928;-0.24563068610870639;0;0.27116464129960477;0.44025295599774678;0;0.5;-0.13338979503954909;0.48402012379821912;0.87486584945754153;0.24964380719709065
1;53.5;-0.39841573490573928;0.24563068610870639;0;-0.27116464129960477;-0.44025295599774678;0;0.5;-0.13338979503954909;0.48402012379821912;0.87486584945754153;0.24964380719709065
0;54;0.46783816095695663;-0.00023414928399836062;0;-6.9187419797877246e-05;0.51707942582659772;0;0.5;-0.13350081064223592;0.48381894289441946;0.8749136170430008;0.24952522012458225
1;54;-0.46783816095695663;0.00023414928399836062;0;6.9187419797877246e-05;-0.51707942582659772;0;0.5;-0.13350081064223592;0.48381894289441946;0.8749136170430008;0.24952522012458225
0;54.5;0.39815106176061471;0.24510920051685137;0;-0.27157465926711472;0.44014216785928661;0;0.5;-0.13361225477280405;0.48361703814478496;0.87494089556771606;0.24936775668332048
1;54.5;-0.39815106176061471;-0.24510920051685137;0;0.27157465926711472;-0.44014216785928661;0;0.5;-0.13361225477280405;0.48361703814478496;0.87494089556771606;0.24936775668332048
0;55;0.20992943024220009;0.41732600090389699;0;-0.46255626895334173;0.2318411117652415;0;0.5;-0.13372433517482483;0.48341406082984178;0.87493956824236724;0.24915600991833321
1;55;-0.20992943024220009;-0.41732600090389699;0;0.46255626895334173;-0.2318411117652415;0;0.5;-0.13372433517482483;0.48341406082984178;0.87493956824236724;0.24915600991833321
0;55.5;-0.040855671584412168;0.46485476260472758;0;-0.51567585661544091;-0.04626996694046083;0;0.5;-0.13383735827713407;0.48320953696300279;0.87490996692370784;0.24889024661337593
1;55.5;0.040855671584412168;-0.46485476260472758;0;0.51567585661544091;0.04626996694046083;0;0.5;-0.13383735827713407;0.48320953696300279;0.87490996692370784;0.24889024661337593
0;56;-0.27925100722558127;0.37314212030027938;0;-0.41423314266508343;-0.31131012372987521;0;0.5;-0.13395164585060029;0.48300299752757067;0.8748607750076413;0.24858629218367755
1;56;0.27925100722558127;-0.37314212030027938;0;0.41423314266508343;0.31131012372987521;0;0.5;-0.13395164585060029;0.48300299752757067;0.8748607750076413;0.24858629218367755
0;56.5;-0.43356339532120658;0.16933834102277601;0;-0.18771902888025629;-0.48345646343044518;0;0.5;-0.13406744588137133;0.48279410940775147;0.87480650408701886;0.2482708410763777
1;56.5;0.43356339532120658;-0.16933834102277601;0;0.18771902888025629;0.48345646343044518;0;0.5;-0.13406744588137133;0.48279410940775147;0.87480650408701886;0.2482708410763777
0;57;-0.45697628519516759;-0.085421257286500907;0;0.096254409333671034;-0.51002474355988003;0;0.5;-0.13418486176883487;0.48258277066852728;0.87476321084128951;0.24797350836450874
1;57;0.45697628519516759;0.085421257286500907;0;-0.096254409333671034;0.51002474355988003;0;0.5;-0.13418486176883487;0.48258277066852728;0.87476321084128951;0.24797350836450874
0;57.5;-0.34202130337838033;-0.31415889593863544;0;0.35183362939888874;-0.38200224431827878;0;0.5;-0.1343038216579368;0.48236914012248421;0.87474366484425147;0.24771793146518618
1;57.5;0.34202130337838033;0.31415889593863544;0;-0.35183362939888874;0.38200224431827878;0;0.5;-0.1343038216579368;0.48236914012248421;0.87474366484425147;0.24771793146518618
0;58;-0.12327009094409652;-0.44735583306106069;0;0.50099262145917911;-0.13754205925675222;0;0.5;-0.13442410075455406;0.48215358736706773;0.87475343603260015;0.24751460769567671
1;58;0.12327009094409652;0.44735583306106069;0;-0.50099262145917911;0.13754205925675222;0;0.5;-0.13442410075455406;0.48215358736706773;0.87475343603260015;0.24751460769567671
0;58.5;0.13288197621005551;-0.44429770091876658;0;0.49773086632640262;0.14921216690971334;0;0.5;-0.13454539336174673;0.48193657439734796;0.87478916841397006;0.24735770666529925
1;58.5;-0.13288197621005551;0.44429770091876658;0;-0.49773086632640262;-0.14921216690971334;0;0.5;-0.13454539336174673;0.48193657439734796;0.87478916841397006;0.24735770666529925
0;59;0.34837063887337943;-0.30574517560490749;0;0.34255736196056324;0.39074473142879962;0;0.5;-0.13466741305369838;0.48171850502328851;0.87483962688837317;0.24722688395041645
1;59;-0.34837063887337943;0.30574517560490749;0;-0.34255736196056324;-0.39074473142879962;0;0.5;-0.13466741305369838;0.48171850502328851;0.87483962688837317;0.24722688395041645
0;59.5;0.45734326589617108;-0.073884938612311338;0;0.082531645176833798;0.5130762113018732;0;0.5;-0.13478998791480851;0.48149959133579216;0.87488917840588957;0.24709353120215771
1;59.5;-0.45734326589617108;0.073884938612311338;0;-0.082531645176833798;-0.5130762113018732;0;0.5;-0.13478998791480851;0.48149959133579216;0.87488917840588957;0.24709353120215771
0;60;0.42636016282858102;0.18044839752540756;0;-0.20306568313242065;0.47846171094693113;0;0.5;-0.13491311963787828;0.48127978020044503;0.87492257730928304;0.24692950093416751
1;60;-0.42636016282858102;-0.18044839752540756;0;0.20306568313242065;-0.47846171094693113;0;0.5;-0.13491311963787828;0.48127978020044503;0.87492257730928304;0.24692950093416751
0;60.5;0.26473008726733138;0.37933231726066458;0;-0.42683120431818011;0.29697610687708498;0;0.5;-0.13503698901914313;0.48105876100611696;0.87492956549714037;0.24671562175085229
1;60.5;-0.26473008726733138;-0.37933231726066458;0;0.42683120431818011;-0.29697610687708498;0;0.5;-0.13503698901914313;0.48105876100611696;0.87492956549714037;0.24671562175085229
0;61;0.021867130063636525;0.46154845493200514;0;-0.51977248323042746;0.023681130103372222;0;0.5;-0.13516190823275556;0.48083604980639937;0.87490793186920342;0.24644745115342788
1;61;-0.021867130063636525;-0.46154845493200514;0;0.51977248323042746;-0.023681130103372222;0;0.5;-0.13516190823275556;0.48083604980639937;0.87490793186920342;0.24644745115342788
0;61.5;-0.22757360480238878;0.40145625644506738;0;-0.45248463761940616;-0.25773100288862205;0;0.5;-0.13528823487155301;0.4806111242285766;0.87486416788253876;0.24613657400881925
1;61.5;0.22757360480238878;-0.40145625644506738;0;0.45248463761940616;0.25773100288862205;0;0.5;-0.13528823487155301;0.4806111242285766;0.87486416788253876;0.24613657400881925
0;62;-0.40643982858548161;0.21721370158465617;0;-0.24470697851576537;-0.46018638909396725;0;0.5;-0.1354162715711229;0.48038357141546024;0.87481152704797616;0.24580705572502697
1;62;0.40643982858548161;-0.21721370158465617;0;0.24470697851576537;0.46018638909396725;0;0.5;-0.1354162715711229;0.48038357141546024;0.87481152704797616;0.24580705572502697
0;62.5;-0.45894810305882272;-0.034360662546145511;0;0.039926981307648407;-0.5201125889979501;0;0.5;-0.13554617888471856;0.48015320725764135;0.87476600971395955;0.24548806767029142
1;62.5;0.45894810305882272;0.034360662546145511;0;-0.039926981307648407;0.5201125889979501;0;0.5;-0.13554617888471856;0.48015320725764135;0.87476600971395955;0.24548806767029142
0;63;-0.36833285235053675;-0.27504728352409563;0;0.31296620785743406;-0.4177731055003629;0;0.5;-0.13567792794563271;0.47992012978063019;0.87474142515419462;0.24520487451610678
1;63;0.36833285235053675;0.27504728352409563;0;-0.31296620785743406;0.4177731055003629;0;0.5;-0.13567792794563271;0.47992012978063019;0.87474142515419462;0.24520487451610678
0;63.5;-0.16255145203455629;-0.42952879370327252;0;0.48864329119451394;-0.18428613744269176;0;0.5;-0.13581131104099614;0.47968468529825171;0.87474505105294385;0.24497096040769276
1;63.5;0.16255145203455629;0.42952879370327252;0;-0.48864329119451394;0.18428613744269176;0;0.5;-0.13581131104099614;0.47968468529825171;0.87474505105294385;0.24497096040769276
0;64;0.094092533521701702;-0.44916502774424605;0;0.51118452535684766;0.1075267553990755;0;0.5;-0.13594601114700723;0.47944735270241012;0.87477531577448247;0.24478380802214563
1;64;-0.094092533521701702;0.44916502774424605;0;-0.51118452535684766;-0.1075267553990755;0;0.5;-0.13594601114700723;0.47944735270241012;0.87477531577448247;0.24478380802214563
0;64.5;0.32099654351552304;-0.32757053590939467;0;0.37288678996034913;0.36591535733070657;0;0.5;-0.13608171002296778;0.47920858108649953;0.87482230385999878;0.24462571921250067
1;64.5;-0.32099654351552304;0.32757053590939467;0;-0.37288678996034913;-0.36591535733070657;0;0.5;-0.13608171002296778;0.47920858108649953;0.87482230385999878;0.24462571921250067
0;65;0.44665548859580895;-0.10287034973097005;0;0.11686112992107144;0.50925775661320882;0;0.5;-0.13621819865334971;0.47896863481243058;0.87487092503310717;0.24446942426236214
1;65;-0.44665548859580895;0.10287034973097005;0;-0.11686112992107144;-0.50925775661320882;0;0.5;-0.13621819865334971;0.47896863481243058;0.87487092503310717;0.24446942426236214
0;65.5;0.43129358749386021;0.15415268920845643;0;-0.17643095316744378;0.49193043700618161;0;0.5;-0.13635545259836868;0.47872749772838234;0.87490568698480327;0.2442866665475017
1;65.5;-0.43129358749386021;-0.15415268920845643;0;0.17643095316744378;-0.49193043700618161;0;0.5;-0.13635545259836868;0.47872749772838234;0.87490568698480327;0.2442866665475017
0;66;0.27955532875633182;0.3622623216567884;0;-0.4143956782398413;0.31880090784527904;0;0.5;-0.13649364852089328;0.47848486616841681;0.87491553053344236;0.24405703098364398
1;66;-0.27955532875633182;-0.3622623216567884;0;0.4143956782398413;-0.31880090784527904;0;0.5;-0.13649364852089328;0.47848486616841681;0.87491553053344236;0.24405703098364398
0;66.5;0.039279352917181848;0.45536061982887305;0;-0.52132845979180831;0.043984040011513757;0;0.5;-0.13663311870695051;0.47824023043113049;0.87489724231748875;0.24377427258012306
1;66.5;-0.039279352917181848;-0.45536061982887305;0;0.52132845979180831;-0.043984040011513757;0;0.5;-0.13663311870695051;0.47824023043113049;0.87489724231748875;0.24377427258012306
0;67;-0.21331701623475249;0.4035151482017133;0;-0.46239542484521085;-0.24570450092352367;0;0.5;-0.1367742585887652;0.47799301879332899;0.87485644085130545;0.24344821499179944
1;67;0.21331701623475249;-0.4035151482017133;0;0.46239542484521085;0.24570450092352367;0;0.5;-0.1367742585887652;0.47799301879332899;0.87485644085130545;0.24344821499179944
0;67.5;-0.39758498118991681;0.22282468801993743;0;-0.25524297902064674;-0.45775608367406589;0;0.5;-0.13691741396655719;0.47774276217335704;0.87480584091853562;0.24310163278772708
1;67.5;0.39758498118991681;-0.22282468801993743;0;0.25524297902064674;0.45775608367406589;0;0.5;-0.13691741396655719;0.47774276217335704;0.87480584091853562;0.24310163278772708
0;68;-0.45418526904866297;-0.029194795773928237;0;0.034694829481849619;-0.5234245218190956;0;0.5;-0.13706278009626513;0.47748923146041512;0.87476127664125676;0.24276303897972064
1;68;0.45418526904866297;0.029194795773928237;0;-0.034694829481849619;0.5234245218190956;0;0.5;-0.13706278009626513;0.47748923146041512;0.87476127664125676;0.24276303897972064
0;68.5;-0.3644647306427638;-0.27161690130506194;0;0.31439403931954912;-0.420401493654813;0;0.5;-0.13721034411365822;0.47723250379094946;0.87473665957155588;0.24245758691927187
1;68.5;0.3644647306427638;0.27161690130506194;0;-0.31439403931954912;0.420401493654813;0;0.5;-0.13721034411365822;0.47723250379094946;0.87473665957155588;0.24245758691927187
0;69;-0.15699497210657548;-0.42605515325629983;0;0.49307102897805377;-0.18096766093216124;0;0.5;-0.13735989292460768;0.47697293139544604;0.87473946828459426;0.24219897540371834
1;69;0.15699497210657548;0.42605515325629983;0;-0.49307102897805377;0.18096766093216124;0;0.5;-0.13735989292460768;0.47697293139544604;0.87473946828459426;0.24219897540371834
0;69.5;0.10123444929979201;-0.44222647198115933;0;0.5120343204436385;0.117750208073596;0;0.5;-0.13751108904788552;0.47671101706465415;0.87476829130612361;0.2419850192312183
1;69.5;-0.10123444929979201;0.44222647198115933;0;-0.5120343204436385;-0.117750208073596;0;0.5;-0.13751108904788552;0.47671101706465415;0.87476829130612361;0.2419850192312183
0;70;0.32637376485356517;-0.31461938594361372;0;0.36437826738389062;0.37865528431014667;0;0.5;-0.13766359174937506;0.47644723491503446;0.87481329554516344;0.24179838668947143
1;70;-0.32637376485356517;0.31461938594361372;0;-0.36437826738389062;-0.37865528431014667;0;0.5;-0.13766359174937506;0.47644723491503446;0.87481329554516344;0.24179838668947143
0;70.5;0.44502061780724267;-0.084591426147458307;0;0.097645045189004312;0.51645021837597493;0;0.5;-0.13781718187266795;0.47618185775426529;0.87485947120649384;0.24161227346247322
1;70.5;-0.44502061780724267;0.084591426147458307;0;-0.097645045189004312;-0.51645021837597493;0;0.5;-0.13781718187266795;0.47618185775426529;0.87485947120649384;0.24161227346247322
0;71;0.41827107623493254;0.17289725449463164;0;-0.20146419615094091;0.48562960808856331;0;0.5;-0.13797184680895961;0.47591485044043499;0.87489153806409397;0.24139912310984639
1;71;-0.41827107623493254;-0.17289725449463164;0;0.20146419615094091;-0.48562960808856331;0;0.5;-0.13797184680895961;0.47591485044043499;0.87489153806409397;0.24139912310984639
0;71.5;0.25461758342781571;0.37359774727820072;0;-0.43516818789218997;0.29552191995243288;0;0.5;-0.13812779781260608;0.47564586358379162;0.87489887962605708;0.24113952914323232
1;71.5;-0.25461758342781571;-0.37359774727820072;0;0.43516818789218997;-0.29552191995243288;0;0.5;-0.13812779781260608;0.47564586358379162;0.87489887962605708;0.24113952914323232
0;72;0.0074823765192176218;0.45146206563398772;0;-0.52635622977912855;0.0076570431743377817;0;0.5;-0.13828541599288124;0.47537432727091511;0.87487893699809172;0.24082845571870298
1;72;-0.0074823765192176218;-0.45146206563398772;0;0.52635622977912855;-0.0076570431743377817;0;0.5;-0.13828541599288124;0.47537432727091511;0.87487893699809172;0.24082845571870298
0;72.5;-0.24191473592333618;0.38045683191466712;0;-0.4439811147508822;-0.2837121873065574;0;0.5;-0.13844514493434303;0.47509961443712169;0.87483802322609021;0.24047680775755959
1;72.5;0.24191473592333618;-0.38045683191466712;0;0.4439811147508822;0.2837121873065574;0;0.5;-0.13844514493434303;0.47509961443712169;0.87483802322609021;0.24047680775755959
0;73;-0.41101912854374983;0.18357450817278312;0;-0.21398542203703572;-0.48204166178485219;0;0.5;-0.13860736194930742;0.47482122471037041;0.87478929892254958;0.2401078412882205
1;73;0.41101912854374983;-0.18357450817278312;0;0.21398542203703572;0.48204166178485219;0;0.5;-0.13860736194930742;0.47482122471037041;0.87478929892254958;0.2401078412882205
0;73.5;-0.4433069055842293;-0.074176742633500298;0;0.088200193441445043;-0.52046801077291271;0;0.5;-0.13877226639057757;0.47453893272090053;0.8747484964646793;0.2397495193242373
1;73.5;0.4433069055842293;0.074176742633500298;0;-0.088200193441445043;0.52046801077291271;0;0.5;-0.13877226639057757;0.47453893272090053;0.8747484964646793;0.2397495193242373
0;74;-0.32751410970460149;-0.30693220772342922;0;0.36192325326205521;-0.38483997695731048;0;0.5;-0.1389398217875639;0.47425285116416261;0.87472871697984328;0.23942525150030992
1;74;0.32751410970460149;0.30693220772342922;0;-0.36192325326205521;0.38483997695731048;0;0.5;-0.1389398217875639;0.47425285116416261;0.87472871697984328;0.23942525150030992
0;74.5;-0.10200306122436106;-0.43657791850494748;0;0.51488709778787467;-0.11953909144390097;0;0.5;-0.13910977576786944;0.4739633813610808;0.87473602183447847;0.23914607800486203
1;74.5;0.10200306122436106;0.43657791850494748;0;-0.51488709778787467;0.11953909144390097;0;0.5;-0.13910977576786944;0.4739633813610808;0.87473602183447847;0.23914607800486203
0;75;0.15764323065703889;-0.41923561092376133;0;0.49472615030880029;0.18667919124389851;0;0.5;-0.13928175673238969;0.47367106133760366;0.87476736819268302;0.23890697017937577
1;75;-0.15764323065703889;0.41923561092376133;0;-0.49472615030880029;-0.18667919124389851;0;0.5;-0.13928175673238969;0.47367106133760366;0.87476736819268302;0.23890697017937577
0;75.5;0.36389303763821562;-0.26045069533907772;0;0.30737147493652522;0.43043710663244344;0;0.5;-0.13945541640246592;0.47337636123860054;0.87481165226400954;0.23868855265044196
1;75.5;-0.36389303763821562;0.26045069533907772;0;-0.30737147493652522;-0.43043710663244344;0;0.5;-0.13945541640246592;0.47337636123860054;0.87481165226400954;0.23868855265044196
0;76;0.44687502511348987;-0.013680838242957963;0;0.015535322058694416;0.52884408345982337;0;0.5;-0.13963056740591875;0.4730794986107327;0.87485349992377781;0.23846366705053549
1;76;-0.44687502511348987;0.013680838242957963;0;-0.015535322058694416;-0.52884408345982337;0;0.5;-0.13963056740591875;0.4730794986107327;0.87485349992377781;0.23846366705053549
0;76.5;0.37820459464150696;0.23752929701052977;0;-0.28220620002851088;0.44779447830778496;0;0.5;-0.13980726658088694;0.47278033891177206;0.87487846654157429;0.23820651999975351
1;76.5;-0.37820459464150696;-0.23752929701052977;0;0.28220620002851088;-0.44779447830778496;0;0.5;-0.13980726658088694;0.47278033891177206;0.87487846654157429;0.23820651999975351
0;77;0.18090414483774322;0.40770285048757787;0;-0.48453934996932607;0.21387643099361847;0;0.5;-0.13998581619053386;0.47247841401148294;0.87487786962200083;0.23790131313034024
1;77;-0.18090414483774322;-0.40770285048757787;0;0.48453934996932607;-0.21387643099361847;0;0.5;-0.13998581619053386;0.47247841401148294;0.87487786962200083;0.23790131313034024
0;77.5;-0.078001022094708508;0.43848241993524267;0;-0.52169251745389189;-0.094018354517432762;0;0.5;-0.1401666844080938;0.4721730505266275;0.87485167140696672;0.23754748262609825
1;77.5;0.078001022094708508;-0.43848241993524267;0;0.52169251745389189;0.094018354517432762;0;0.5;-0.1401666844080938;0.4721730505266275;0.87485167140696672;0.23754748262609825
0;78;-0.30990552440242802;0.31883156303237281;0;-0.37960379338679368;-0.37076496969578404;0;0.5;-0.14035037108713877;0.47186356628430324;0.87480849043401662;0.23715982011650041
1;78;0.30990552440242802;-0.31883156303237281;0;0.37960379338679368;0.37076496969578404;0;0.5;-0.14035037108713877;0.47186356628430324;0.87480849043401662;0.23715982011650041
0;78.5;-0.43477581436387802;0.089414986153592974;0;-0.1057684401403379;-0.52053827671851427;0;0.5;-0.1405372601281869;0.47154947355699434;0.87476271574885226;0.23676341091627018
1;78.5;0.43477581436387802;-0.089414986153592974;0;0.1057684401403379;0.52053827671851427;0;0.5;-0.1405372601281869;0.47154947355699434;0.87476271574885226;0.23676341091627018
0;79;-0.40894502111651787;-0.17074212023988153;0;0.20589349573774082;-0.49018965684304067;0;0.5;-0.14072750542715806;0.47123062314927759;0.87472961648145338;0.23638503147062041
1;79;0.40894502111651787;0.17074212023988153;0;-0.20589349573774082;0.49018965684304067;0;0.5;-0.14072750542715806;0.47123062314927759;0.87472961648145338;0.23638503147062041
0;79.5;-0.24084376792400497;-0.37123415144393113;0;0.44689328619554158;-0.28878292743877376;0;0.5;-0.14092099159759667;0.47090723648654107;0.87472005881492993;0.23604389388371762
1;79.5;0.24084376792400497;0.37123415144393113;0;-0.44689328619554158;0.28878292743877376;0;0.5;-0.14092099159759667;0.47090723648654107;0.87472005881492993;0.23604389388371762
0;80;0.011254849683776373;-0.44181631471265403;0;0.532185663881106;0.014357757136394011;0;0.5;-0.14111738975818585;0.47057980631444746;0.87473668643350998;0.23574495528195933
1;80;-0.011254849683776373;0.44181631471265403;0;-0.532185663881106;-0.014357757136394011;0;0.5;-0.14111738975818585;0.47057980631444746;0.87473668643350998;0.23574495528195933
0;80.5;0.25917252996586509;-0.35738218659937326;0;0.43073868775441487;0.31325122760101121;0;0.5;-0.14131629455318077;0.47024889450976915;0.87477298260517794;0.23547719402328094
1;80.5;-0.25917252996586509;0.35738218659937326;0;-0.43073868775441487;-0.31325122760101121;0;0.5;-0.14131629455318077;0.47024889450976915;0.87477298260517794;0.23547719402328094
0;81;0.41566978849111258;-0.14727613464892431;0;0.17724602512213936;0.50245013114268033;0;0.5;-0.14151739445934628;0.46991489840256906;0.87481558962068182;0.23521750175572551
1;81;-0.41566978849111258;0.14727613464892431;0;-0.17724602512213936;-0.50245013114268033;0;0.5;-0.14151739445934628;0.46991489840256906;0.87481558962068182;0.23521750175572551
0;81.5;0.4253002997938054;0.11461949793362247;0;-0.13953211155007161;0.51445022613560731;0;0.5;-0.14172061190141525;0.46957787195190438;0.87484903798856119;0.23493880682619029
1;81.5;-0.4253002997938054;-0.11461949793362247;0;0.13953211155007161;-0.51445022613560731;0;0.5;-0.14172061190141525;0.46957787195190438;0.87484903798856119;0.23493880682619029
0;82;0.28429062504736541;0.3356669865969662;0;-0.40768408001866957;0.34391794186029234;0;0.5;-0.14192616183640753;0.46923746655977848;0.87486117329086207;0.23461953909440989
1;82;-0.28429062504736541;-0.3356669865969662;0;0.40768408001866957;-0.34391794186029234;0;0.5;-0.14192616183640753;0.46923746655977848;0.87486117329086207;0.23461953909440989
0;82.5;0.042341102458105989;0.43713914612438931;0;-0.53145404139715502;0.050238171322708504;0;0.5;-0.14213450933265764;0.46889301083998175;0.87484738365706402;0.23425111850220179
1;82.5;-0.042341102458105989;-0.43713914612438931;0;0.53145404139715502;-0.050238171322708504;0;0.5;-0.14213450933265764;0.46889301083998175;0.87484738365706402;0.23425111850220179
0;83;-0.21447286391217255;0.38236441922417669;0;-0.46539362216552549;-0.26260612873503725;0;0.5;-0.14234624163417958;0.46854370112129837;0.87481219807450399;0.23384087731325147
1;83;0.21447286391217255;-0.38236441922417669;0;0.46539362216552549;0.26260612873503725;0;0.5;-0.14234624163417958;0.46854370112129837;0.87481219807450399;0.23384087731325147
0;83.5;-0.3940037367437626;0.19037981707486715;0;-0.23149380508354467;-0.48228647099564081;0;0.5;-0.14256189641652812;0.46818884003802989;0.87476770869628535;0.23340939467351844
1;83.5;0.3940037367437626;-0.19037981707486715;0;0.23149380508354467;0.48228647099564081;0;0.5;-0.14256189641652812;0.46818884003802989;0.87476770869628535;0.23340939467351844
0;84;-0.43111771502611218;-0.070102607994850283;0;0.087249406904275462;-0.52838842676018172;0;0.5;-0.14278180202589935;0.46782804432217075;0.87472930741135369;0.2329831250182606
1;84;0.43111771502611218;0.070102607994850283;0;-0.087249406904275462;0.52838842676018172;0;0.5;-0.14278180202589935;0.46782804432217075;0.87472930741135369;0.2329831250182606
0;84.5;-0.3117490594997952;-0.30485057231931056;0;0.37560805506154238;-0.38244331300627044;0;0.5;-0.1430059860601564;0.46746134738988982;0.87471016617207622;0.23258486690073957
1;84.5;0.3117490594997952;0.30485057231931056;0;-0.37560805506154238;0.38244331300627044;0;0.5;-0.1430059860601564;0.46746134738988982;0.87471016617207622;0.23258486690073957
0;85;-0.078824148996021332;-0.42816154705711085;0;0.52775960345513595;-0.09614068341343647;0;0.5;-0.14323419148798587;0.46708915168711677;0.87471643186452305;0.23222548063119844
1;85;0.078824148996021332;0.42816154705711085;0;-0.52775960345513595;0.09614068341343647;0;0.5;-0.14323419148798587;0.46708915168711677;0.87471643186452305;0.23222548063119844
0;85.5;0.18272024191122224;-0.39449155070532105;0;0.48667201315630776;0.2264008718676202;0;0.5;-0.14346600291503319;0.4667120384629509;0.87474495496076221;0.23189991756767292
1;85.5;-0.18272024191122224;0.39449155070532105;0;-0.48667201315630776;-0.2264008718676202;0;0.5;-0.14346600291503319;0.4667120384629509;0.87474495496076221;0.23189991756767292
0;86;0.37677467283729155;-0.21576075757904878;0;0.26610398117407008;0.46646037193399076;0;0.5;-0.14370104034163763;0.46633050119981799;0.87478445971877694;0.23158907942232369
1;86;-0.37677467283729155;0.21576075757904878;0;-0.26610398117407008;-0.46646037193399076;0;0.5;-0.14370104034163763;0.46633050119981799;0.87478445971877694;0.23158907942232369
0;86.5;0.43150157595626593;0.042438933854258343;0;-0.053563089376252378;0.53464275559123986;0;0.5;-0.14393914652683536;0.46594470403657842;0.87481972704386213;0.23126683646828699
1;86.5;-0.43150157595626593;-0.042438933854258343;0;0.053563089376252378;-0.53464275559123986;0;0.5;-0.14393914652683536;0.46594470403657842;0.87481972704386213;0.23126683646828699
0;87;0.32620861443495025;0.28461504274786875;0;-0.35436210731873047;0.40440499347937037;0;0.5;-0.14418049540443882;0.46555435783245165;0.87483720228689999;0.23090959328003248
1;87;-0.32620861443495025;-0.28461504274786875;0;0.35436210731873047;-0.40440499347937037;0;0.5;-0.14418049540443882;0.46555435783245165;0.87483720228689999;0.23090959328003248
0;87.5;0.099576705200902449;0.4205286790661662;0;-0.52400873556327798;0.12270619248545693;0;0.5;-0.14442558136220815;0.46515875948201363;0.87482995180487063;0.23050487426076159
1;87.5;-0.099576705200902449;-0.4205286790661662;0;0.52400873556327798;-0.12270619248545693;0;0.5;-0.14442558136220815;0.46515875948201363;0.87482995180487063;0.23050487426076159
0;88;-0.16403854045457392;0.39889636987923155;0;-0.49772398264281537;-0.20628201060288631;0;0.5;-0.14467509396165692;0.46475697963877023;0.87480018872928413;0.23005580018139228
1;88;0.16403854045457392;-0.39889636987923155;0;0.49772398264281537;0.20628201060288631;0;0.5;-0.14467509396165692;0.46475697963877023;0.87480018872928413;0.23005580018139228
0;88.5;-0.36557527925601591;0.22716610051438713;0;-0.28340361284914595;-0.45898719862731807;0;0.5;-0.14492972115405943;0.46434813383149558;0.87475846460158759;0.22957982015322041
1;88.5;0.36557527925601591;-0.22716610051438713;0;0.28340361284914595;0.45898719862731807;0;0.5;-0.14492972115405943;0.46434813383149558;0.87475846460158759;0.22957982015322041
0;89;-0.42842869798513783;-0.030345524964761339;0;0.039639460066753118;-0.53862624641373036;0;0.5;-0.1451899478371707;0.46393164335340366;0.87471977171380576;0.22910211777218999
1;89;0.42842869798513783;0.030345524964761339;0;-0.039639460066753118;0.53862624641373036;0;0.5;-0.1451899478371707;0.46393164335340366;0.87471977171380576;0.22910211777218999
0;89.5;-0.32800065098675579;-0.27595222968173594;0;0.34911181157414473;-0.41285135176743315;0;0.5;-0.14545592283285504;0.46350738990519098;0.87469791371898674;0.22864606728234689
1;89.5;0.32800065098675579;0.27595222968173594;0;-0.34911181157414473;0.41285135176743315;0;0.5;-0.14545592283285504;0.46350738990519098;0.87469791371898674;0.22864606728234689
0;90;-0.10203980295521302;-0.41550596790950145;0;0.52583591698993581;-0.12789016230155098;0;0.5;-0.14572745096099568;0.46307569722328803;0.87470023126853109;0.22822430061797369
1;90;0.10203980295521302;0.41550596790950145;0;-0.52583591698993581;0.12789016230155098;0;0.5;-0.14572745096099568;0.46307569722328803;0.87470023126853109;0.22822430061797369
0;90.5;0.16292718576949222;-0.39483035759143859;0;0.5002006460449111;0.20760296662105931;0;0.5;-0.14600412428053362;0.46263713410869575;0.87472475685858789;0.2278338335972393
1;90.5;-0.16292718576949222;0.39483035759143859;0;-0.5002006460449111;-0.20760296662105931;0;0.5;-0.14600412428053362;0.46263713410869575;0.87472475685858789;0.2278338335972393
0;91;0.36447988534931952;-0.22134823910653215;0;0.28037195061389109;0.46377392326831413;0;0.5;-0.14628554860147639;0.46219220788817526;0.87476098077579251;0.22745719734537396
1;91;-0.36447988534931952;0.22134823910653215;0;-0.28037195061389109;-0.46377392326831413;0;0.5;-0.14628554860147639;0.46219220788817526;0.87476098077579251;0.22745719734537396
0;91.5;0.42400904301771153;0.037992415080896152;0;-0.049578384340444009;0.5400520004783631;0;0.5;-0.14657157621488428;0.46174106891906756;0.87479395203518201;0.22706916619853414
1;91.5;-0.42400904301771153;-0.037992415080896152;0;0.049578384340444009;-0.5400520004783631;0;0.5;-0.14657157621488428;0.46174106891906756;0.87479395203518201;0.22706916619853414
0;92;0.31774005942772898;0.28212994421925308;0;-0.36140220104079146;0.40498289702450674;0;0.5;-0.1468624503721872;0.4612833451762688;0.87481008585688134;0.2266464572385755
1;92;-0.31774005942772898;-0.28212994421925308;0;0.36140220104079146;-0.40498289702450674;0;0.5;-0.1468624503721872;0.4612833451762688;0.87481008585688134;0.2266464572385755
0;92.5;0.086774785049402475;0.4150625005915422;0;-0.53218679108868705;0.10968976634453825;0;0.5;-0.14715880405655469;0.46081817237545121;0.87480241053793935;0.22617663197795722
1;92.5;-0.086774785049402475;-0.4150625005915422;0;0.53218679108868705;-0.10968976634453825;0;0.5;-0.14715880405655469;0.46081817237545121;0.87480241053793935;0.22617663197795722
0;93;-0.17814395458936852;0.38373137720819878;0;-0.49276531041611016;-0.23061514094494551;0;0.5;-0.14746151308838733;0.46034440880503344;0.87477325482690074;0.22566276855654796
1;93;0.17814395458936852;-0.38373137720819878;0;0.49276531041611016;0.23061514094494551;0;0.5;-0.14746151308838733;0.46034440880503344;0.87477325482690074;0.22566276855654796
0;93.5;-0.37176896783712454;0.19977142582853974;0;-0.25635197252806546;-0.48072511401254669;0;0.5;-0.14777145610794137;0.45986095703143757;0.87473334872209494;0.22512209085517759
1;93.5;0.37176896783712454;-0.19977142582853974;0;0.25635197252806546;0.48072511401254669;0;0.5;-0.14777145610794137;0.45986095703143757;0.87473334872209494;0.22512209085517759
0;94;-0.41613539422947038;-0.063930102342590084;0;0.084504913316133939;-0.53896191647703839;0;0.5;-0.1480892678853707;0.45936707468919081;0.87469762445265308;0.22457903039121083
1;94;0.41613539422947038;0.063930102342590084;0;-0.084504913316133939;0.53896191647703839;0;0.5;-0.1480892678853707;0.45936707468919081;0.87469762445265308;0.22457903039121083
0;94.5;-0.29253850582458618;-0.30140978928813983;0;0.39305620845878908;-0.3793014764071268;0;0.5;-0.14841518167424548;0.45886255227031837;0.87467927312215147;0.22405537067732282
1;94.5;0.29253850582458618;0.30140978928813983;0;-0.39305620845878908;0.3793014764071268;0;0.5;-0.14841518167424548;0.45886255227031837;0.87467927312215147;0.22405537067732282
0;95;-0.050318336261609156;-0.41607521782807966;0;0.54303261010564619;-0.064219651330831573;0;0.5;-0.14874903318384334;0.45834767509545093;0.87468440059609322;0.22356137544228487
1;95;0.050318336261609156;0.41607521782807966;0;-0.54303261010564619;0.064219651330831573;0;0.5;-0.14874903318384334;0.45834767509545093;0.87468440059609322;0.22356137544228487
0;95.5;0.21207757049526729;-0.36047303249193635;0;0.47105040743286886;0.27872120166946335;0;0.5;-0.14909043957680084;0.45782296823893923;0.87470951658777595;0.22309153579905521
1;95.5;-0.21207757049526729;0.36047303249193635;0;-0.47105040743286886;-0.27872120166946335;0;0.5;-0.14909043957680084;0.45782296823893923;0.87470951658777595;0.22309153579905521
0;96;0.3868279580741884;-0.15671617517523562;0;0.20441318786170587;0.50826097932229586;0;0.5;-0.14943908930229401;0.45728881951418889;0.87474297298994696;0.22262674738290843
1;96;-0.3868279580741884;0.15671617517523562;0;-0.20441318786170587;-0.50826097932229586;0;0.5;-0.14943908930229401;0.45728881951418889;0.87474297298994696;0.22262674738290843
0;96.5;0.40125124602018625;0.11153709588426192;0;-0.14831475488845963;0.52792352311111135;0;0.5;-0.14979502260693026;0.45674513697748989;0.87476978070417726;0.22214205603576627
1;96.5;-0.40125124602018625;-0.11153709588426192;0;0.14831475488845963;-0.52792352311111135;0;0.5;-0.14979502260693026;0.45674513697748989;0.87476978070417726;0.22214205603576627
0;97;0.24860923755387218;0.33289439493547029;0;-0.44087563578161493;0.32714216950475766;0;0.5;-0.15015878268821552;0.45619118669521779;0.87477779145358036;0.22161677503898763
1;97;-0.24860923755387218;-0.33289439493547029;0;0.44087563578161493;-0.32714216950475766;0;0.5;-0.15015878268821552;0.45619118669521779;0.87477779145358036;0.22161677503898763
0;97.5;-0.0079555172553470079;0.41432608781283886;0;-0.54960093666359977;-0.012423342003962607;0;0.5;-0.15053137288585985;0.45562568011556546;0.87476269484373824;0.22104280319263118
1;97.5;0.0079555172553470079;-0.41432608781283886;0;0.54960093666359977;0.012423342003962607;0;0.5;-0.15053137288585985;0.45562568011556546;0.87476269484373824;0.22104280319263118
0;98;-0.26067432972446286;0.32065225228352301;0;-0.42596462623513348;-0.34885300322012902;0;0.5;-0.15091403426617788;0.45504707916435524;0.87472979702901898;0.22042771952692313
1;98;0.26067432972446286;-0.32065225228352301;0;0.42596462623513348;0.34885300322012902;0;0.5;-0.15091403426617788;0.45504707916435524;0.87472979702901898;0.22042771952692313
0;98.5;-0.4019389822110242;0.090678219934335114;0;-0.11939540782332696;-0.53839126740417764;0;0.5;-0.15130792726276271;0.45445400220298361;0.87469182357214326;0.21979134084582099
1;98.5;0.4019389822110242;-0.090678219934335114;0;0.11939540782332696;0.53839126740417764;0;0.5;-0.15130792726276271;0.45445400220298361;0.87469182357214326;0.21979134084582099
0;99;-0.37040412452496119;-0.17774916453786038;0;0.24072384004579273;-0.4971173667180816;0;0.5;-0.15171384247191011;0.45384556891570058;0.87466356424670062;0.21915709192525751
1;99;0.37040412452496119;0.17774916453786038;0;-0.24072384004579273;0.4971173667180816;0;0.5;-0.15171384247191011;0.45384556891570058;0.87466356424670062;0.21915709192525751
0;99.5;-0.17862865209073067;-0.36869750606602714;0;0.49858919026399301;-0.2395034300567821;0;0.5;-0.15213206738607277;0.45322153176792739;0.87465553207497835;0.21854175595592147
1;99.5;0.17862865209073067;0.36869750606602714;0;-0.49858919026399301;0.2395034300567821;0;0.5;-0.15213206738607277;0.45322153176792739;0.87465553207497835;0.21854175595592147
0;100;0.090684079798154446;-0.39838942348825213;0;0.53964106709112425;0.1246499321381393;0;0.5;-0.15256248548964396;0.45258211600373547;0.87466937357363101;0.21794800153937341
1;100;-0.090684079798154446;0.39838942348825213;0;-0.53964106709112425;-0.1246499321381393;0;0.5;-0.15256248548964396;0.45258211600373547;0.87466937357363101;0.21794800153937341
