# column style format: id;time;x;y;z;vx;vy;vz;mass;totalEnergy;totalSpecificAngularMomentum;rungeLenzVector;semiMajorAxis
# this file will be overwritten without any precaution
# used integrator was euler
0;0.5;0.5;0.25;0;-0.25;0.5;0;0.5;-0.067356797749978942;0.625;0.82530718925782893;0.30625913142995075
1;0.5;-0.5;-0.25;0;0.25;-0.5;0;0.5;-0.067356797749978942;0.625;0.82530718925782893;0.30625913142995075
0;1;0.375;0.5;0;-0.42888543819998315;0.41055728090000843;0;0.5;-0.02375000000000001;0.73680339887498947;0.78328655989192971;0.35118525021949078
1;1;-0.375;-0.5;0;0.42888543819998315;-0.41055728090000843;0;0.5;-0.02375000000000001;0.73680339887498947;0.78328655989192971;0.35118525021949078
0;1.5;0.16055728090000843;0.70527864045000421;0;-0.52488543819998312;0.28255728090000842;0;0.5;0.0048582139073534273;0.83111423393098808;0.76411991831296576;0.41499424693231569
1;1.5;-0.16055728090000843;-0.70527864045000421;0;0.52488543819998312;-0.28255728090000842;0;0.5;0.0048582139073534273;0.83111423393098808;0.76411991831296576;0.41499424693231569
0;2;-0.10188543819998314;0.84655728090000837;0;-0.55140172153543299;0.16607942230784642;0;0.5;0.019214153441551515;0.8997441346975695;0.76967884514692031;0.4965348875623815
1;2;0.10188543819998314;-0.84655728090000837;0;0.55140172153543299;-0.16607942230784642;0;0.5;0.019214153441551515;0.8997441346975695;0.76967884514692031;0.4965348875623815
0;2.5;-0.37758629896769963;0.92959699205393154;0;-0.54112972672468751;0.080730307164078058;0;0.5;0.025087399367321359;0.94509981675525136;0.78849860656738432;0.59032819661773068
1;2.5;0.37758629896769963;-0.92959699205393154;0;0.54112972672468751;-0.080730307164078058;0;0.5;0.025087399367321359;0.94509981675525136;0.78849860656738432;0.59032819661773068
0;3;-0.64815116233004333;0.96996214563597061;0;-0.51776654872255723;0.023211429877011067;0;0.5;0.027160360541612158;0.97433887456667182;0.81047326935802487;0.69166767850192895
1;3;0.64815116233004333;-0.96996214563597061;0;0.51776654872255723;-0.023211429877011067;0;0.5;0.027160360541612158;0.97433887456667182;0.81047326935802487;0.69166767850192895
0;3.5;-0.90703443669132189;0.98156786057447609;0;-0.49225103488641941;-0.014972691337141932;0;0.5;0.027738573712409244;0.99351708366354413;0.831004795611769;0.79749289896946691
1;3.5;0.90703443669132189;-0.98156786057447609;0;0.49225103488641941;0.014972691337141932;0;0.5;0.027738573712409244;0.99351708366354413;0.831004795611769;0.79749289896946691
0;4;-1.1531599541345317;0.97408151490590511;0;-0.46850377905845247;-0.040671322121879003;0;0.5;0.027766504134804926;1.0065228215941112;0.84878853056498796;0.90597307203792144
1;4;1.1531599541345317;-0.97408151490590511;0;0.46850377905845247;0.040671322121879003;0;0.5;0.027766504134804926;1.0065228215941112;0.84878853056498796;0.90597307203792144
0;4.5;-1.3874118436637579;0.95374585384496557;0;-0.44754993026946643;-0.058371170870792126;0;0.5;0.02760884568055985;1.01566748835553;0.86381459712793596;1.0160377444819486
1;4.5;1.3874118436637579;-0.95374585384496557;0;0.44754993026946643;0.058371170870792126;0;0.5;0.02760884568055985;1.01566748835553;0.86381459712793596;1.0160377444819486
0;5;-1.6111868087984911;0.92456026840956951;0;-0.42937968073594807;-0.070861910541976228;0;0.5;0.02740358638876931;1.0223183367646685;0.87645490653494766;1.1270642523458661
1;5;1.6111868087984911;-0.92456026840956951;0;0.42937968073594807;0.070861910541976228;0;0.5;0.02740358638876931;1.0223183367646685;0.87645490653494766;1.1270642523458661
0;5.5;-1.8258766491664651;0.88912931313858135;0;-0.413670317819058;-0.079876540450605105;0;0.5;0.02720129919798613;1.0273022311464763;0.88713202436495749;1.2386923372696594
1;5.5;1.8258766491664651;-0.88912931313858135;0;0.413670317819058;0.079876540450605105;0;0.5;0.02720129919798613;1.0273022311464763;0.88713202436495749;1.2386923372696594
0;6;-2.0327118080759941;0.84919104291327874;0;-0.40004602401195322;-0.086511029697312655;0;0.5;0.027018709768463632;1.031134983877123;0.89621891867681419;1.3507170604351323
1;6;2.0327118080759941;-0.84919104291327874;0;0.40004602401195322;0.086511029697312655;0;0.5;0.027018709768463632;1.031134983877123;0.89621891867681419;1.3507170604351323
0;6.5;-2.2327348200819706;0.80593552806462243;0;-0.38816278983558611;-0.091475400929535391;0;0.5;0.026859511859841645;1.0341489916750249;0.90401959896931649;1.4630267258992057
1;6.5;2.2327348200819706;-0.80593552806462243;0;0.38816278983558611;0.091475400929535391;0;0.5;0.026859511859841645;1.0341489916750249;0.90401959896931649;1.4630267258992057
0;7;-2.4268162149997634;0.76019782759985477;0;-0.37772957222704351;-0.095241410518818015;0;0.5;0.026722593244691299;1.036565199227475;0.91077490347680791;1.5755663684155983
1;7;2.4268162149997634;-0.76019782759985477;0;0.37772957222704351;0.095241410518818015;0;0.5;0.026722593244691299;1.036565199227475;0.91077490347680791;1.5755663684155983
0;7.5;-2.6156810011132849;0.71257712234044579;0;-0.36850749829799151;-0.098130216240281051;0;0.5;0.026605311930918261;1.038534709905802;0.91667409082338702;1.6883158889909422
1;7.5;2.6156810011132849;-0.71257712234044579;0;0.36850749829799151;0.098130216240281051;0;0.5;0.026605311930918261;1.038534709905802;0.91667409082338702;1.6883158889909422
0;8;-2.7999347502622807;0.66351201422030526;0;-0.36030259657443919;-0.1003654373000229;0;0.5;0.026504780674989634;1.0401635544070328;0.92186606096238483;1.801276725030635
1;8;2.7999347502622807;-0.66351201422030526;0;0.36030259657443919;0.1003654373000229;0;0.5;0.026504780674989634;1.0401635544070328;0.92186606096238483;1.801276725030635
0;8.5;-2.9800860485495004;0.61332929557029381;0;-0.35295759921705921;-0.10210601142968127;0;0.5;0.026418337949618285;1.04152787165722;0.92646861399619092;1.9144635904501948
1;8.5;2.9800860485495004;-0.61332929557029381;0;0.35295759921705921;0.10210601142968127;0;0.5;0.026418337949618285;1.04152787165722;0.92646861399619092;1.9144635904501948
0;9;-3.15656484815803;0.56227628985545319;0;-0.34634461636693958;-0.10346702451688942;0;0.5;0.026343687071500017;1.0426834768714626;0.9305756562011488;2.0278992868107422
1;9;3.15656484815803;-0.56227628985545319;0;0.34634461636693958;0.10346702451688942;0;0.5;0.026343687071500017;1.0426834768714626;0.9305756562011488;2.0278992868107422
0;9.5;-3.3297371563414999;0.5105427775970085;0;-0.34035910175139089;-0.10453321929279279;0;0.5;0.026278904185928453;1.0436720510795684;0.9342626805338013;2.1416114091536508
1;9.5;3.3297371563414999;-0.5105427775970085;0;0.34035910175139089;0.10453321929279279;0;0.5;0.026278904185928453;1.0436720510795684;0.9342626805338013;2.1416114091536508
0;10;-3.4999167072171953;0.4582761679506121;0;-0.33491504978877851;-0.10536794626368332;0;0.5;0.026222399283275737;1.0445252422792375;0.93759090387102033;2.2556302404533346
1;10;3.4999167072171953;-0.4582761679506121;0;0.33491504978877851;0.10536794626368332;0;0.5;0.026222399283275737;1.0445252422792375;0.93759090387102033;2.2556302404533346
0;10.5;-3.6673742321115848;0.40559219481877046;0;-0.32994122760233946;-0.10601921438299847;0;0.5;0.026172865088269961;1.0452674432027097;0.94061039100915566;2.3699874027727564
1;10.5;3.6673742321115848;-0.40559219481877046;0;0.32994122760233946;0.10601921438299847;0;0.5;0.026172865088269961;1.0452674432027097;0.94061039100915566;2.3699874027727564
0;11;-3.8323448459127545;0.35258258762727124;0;-0.32537823267360128;-0.10652385749029004;0;0.5;0.026129227537248331;1.045917710906609;0.94336242363821759;2.4847149962269155
1;11;3.8323448459127545;-0.35258258762727124;0;0.32537823267360128;0.10652385749029004;0;0.5;0.026129227537248331;1.045917710906609;0.94336242363821759;2.4847149962269155
0;11.5;-3.995033962249555;0.29932065888212622;0;-0.32117619402274322;-0.10691045256990807;0;0.5;0.026090602536559893;1.0464911178967881;0.94588130823036782;2.5998450556414602
1;11.5;3.995033962249555;-0.29932065888212622;0;0.32117619402274322;0.10691045256990807;0;0.5;0.026090602536559893;1.0464911178967881;0.94588130823036782;2.5998450556414602
0;12;-4.155622059260927;0.2458654325971722;0;-0.31729297010058116;-0.10720139606474481;0;0.5;0.02605625994074643;1.0469997192480842;0.94819576600805479;2.7154092157231842
1;12;4.155622059260927;-0.2458654325971722;0;0.31729297010058116;0.10720139606474481;0;0.5;0.02605625994074643;1.0469997192480842;0.94819576600805479;2.7154092157231842
0;12.5;-4.3142685443112176;0.19226473456479978;0;-0.31369272905102003;-0.10741440264004966;0;0.5;0.026025594235320376;1.0474532556036962;0.95033001005865685;2.8314385137658273
1;12.5;4.3142685443112176;-0.19226473456479978;0;0.31369272905102003;0.10741440264004966;0;0.5;0.026025594235320376;1.0474532556036962;0.95033001005865685;2.8314385137658273
0;13;-4.4711149088367277;0.13855753324477496;0;-0.3103448237027443;-0.10756360154283541;0;0.5;0.025998100947946417;1.0478596714677629;0.95230458671877782;2.9479632832380676
1;13;4.4711149088367277;-0.13855753324477496;0;0.3103448237027443;0.10756360154283541;0;0.5;0.025998100947946417;1.0478596714677629;0.95230458671877782;2.9479632832380676
0;13.5;-4.6262873206880997;0.084775732473357263;0;-0.30722289454555773;-0.10766034850904059;0;0.5;0.025973357762574594;1.0482255023318422;0.95413703804288827;3.0650131073006757
1;13.5;4.6262873206880997;-0.084775732473357263;0;0.30722289454555773;0.10766034850904059;0;0.5;0.025973357762574594;1.0482255023318422;0.95413703804288827;3.0650131073006757
0;14;-4.7798987679608782;0.030945558218836967;0;-0.30430414992068899;-0.10771383388431537;0;0.5;0.025951009416414742;1.0485561673271722;0.95584242744077957;3.1826168115607891
1;14;4.7798987679608782;-0.030945558218836967;0;0.30430414992068899;0.10771383388431537;0;0.5;0.025951009416414742;1.0485561673271722;0.95584242744077957;3.1826168115607891
0;14.5;-4.9320508429212229;-0.022911358723320716;0;-0.301568784732485;-0.1077315429210106;0;0.5;0.025930755608236789;1.0488561929320248;0.95743375986205459;3.300802482152597
1;14.5;4.9320508429212229;0.022911358723320716;0;0.301568784732485;0.1077315429210106;0;0.5;0.025930755608236789;1.0488561929320248;0.95743375986205459;3.300802482152597
0;15;-5.0828352352874653;-0.076777130183826009;0;-0.29899950808443526;-0.10771960759819708;0;0.5;0.025912341292711583;1.0491293857487138;0.95892232009004724;3.4195974997597542
1;15;5.0828352352874653;0.076777130183826009;0;0.29899950808443526;0.10771960759819708;0;0.5;0.025912341292711583;1.0491293857487138;0.95892232009004724;3.4195974997597542
0;15.5;-5.2323349893296829;-0.13063693398292456;0;-0.29658115709152166;-0.10768307797635845;0;0.5;0.025895548863062229;1.0493789672297449;0.96031794696887194;3.5390285832415357
1;15.5;5.2323349893296829;0.13063693398292456;0;0.29658115709152166;0.10768307797635845;0;0.5;0.025895548863062229;1.0493789672297449;0.96031794696887194;3.5390285832415357
0;16;-5.3806255678754438;-0.18447847297110379;0;-0.29430037929040109;-0.10762613326245112;0;0.5;0.025880191829521516;1.0496076796744087;0.96162925714616631;3.6591218385904879
1;16;5.3806255678754438;0.18447847297110379;0;0.29430037929040109;0.10762613326245112;0;0.5;0.025880191829521516;1.0496076796744087;0.96162925714616631;3.6591218385904879
0;16.5;-5.5277757575206445;-0.23829153960232935;0;-0.29214536998563584;-0.10755224727637634;0;0.5;0.025866109685399361;1.0498178703192992;0.96286382875794824;3.7799028103581928
1;16.5;5.5277757575206445;0.23829153960232935;0;0.29214536998563584;0.10755224727637634;0;0.5;0.025866109685399361;1.0498178703192992;0.96286382875794824;3.7799028103581928
0;17;-5.6738484425134628;-0.29206766324051753;0;-0.29010565385167369;-0.1074643191260254;0;0.5;0.025853163719050415;1.0500115585712963;0.96402835311660047;3.9013965336508202
1;17;5.6738484425134628;0.29206766324051753;0;0.29010565385167369;0.1074643191260254;0;0.5;0.025853163719050415;1.0500115585712963;0.96402835311660047;3.9013965336508202
0;17.5;-5.8189012694392996;-0.34579982280353022;0;-0.28817190239174501;-0.10736477711747307;0;0.5;0.02584123358202504;1.0501904901558197;0.96512876067758873;4.0236275854590436
1;17.5;5.8189012694392996;0.34579982280353022;0;0.28817190239174501;0.10736477711747307;0;0.5;0.02584123358202504;1.0501904901558197;0.96512876067758873;4.0236275854590436
0;18;-5.9629872206351724;-0.39948221136226675;0;-0.28633578061029807;-0.10725566191560418;0;0.5;0.025830214464186204;1.0503561810263431;0.96617032620341404;4.1466201345426495
1;18;5.9629872206351724;0.39948221136226675;0;0.28633578061029807;0.10725566191560418;0;0.5;0.025830214464186204;1.0503561810263431;0.96617032620341404;4.1466201345426495
0;18.5;-6.1061551109403212;-0.45311004232006885;0;-0.28458981761396557;-0.10713869350146471;0;0.5;0.025820014758085062;1.0505099532010254;0.96715775700464261;4.2703979894031016
1;18.5;6.1061551109403212;0.45311004232006885;0;0.28458981761396557;0.10713869350146471;0;0.5;0.025820014758085062;1.0505099532010254;0.96715775700464261;4.2703979894031016
0;19;-6.2484500197473043;-0.50667938907080123;0;-0.28292729691314134;-0.10701532538987535;0;0.5;0.025810554119421865;1.0506529641884544;0.96809526733759199;4.3949846440913313
1;19;6.2484500197473043;0.50667938907080123;0;0.28292729691314134;0.10701532538987535;0;0.5;0.025810554119421865;1.0506529641884544;0.96809526733759199;4.3949846440913313
0;19.5;-6.3899136682038753;-0.56018705176573891;0;-0.28134216302352333;-0.10688678876587279;0;0.5;0.025801761849558192;1.0507862312878551;0.96898664141765849;4.5204033217432451
1;19.5;6.3899136682038753;0.56018705176573891;0;0.28134216302352333;0.10688678876587279;0;0.5;0.025801761849558192;1.0507862312878551;0.96898664141765849;4.5204033217432451
0;20;-6.5305847497156373;-0.61363044614867535;0;-0.27982894161799848;-0.10675412859519665;0;0.5;0.025793575541016502;1.0509106517652184;0.96983528702298669;4.6466770158327775
1;20;6.5305847497156373;0.61363044614867535;0;0.27982894161799848;0.10675412859519665;0;0.5;0.025793575541016502;1.0509106517652184;0.96983528702298669;4.6466770158327775
0;20.5;-6.6704992205246363;-0.66700751044627371;0;-0.27838267099434888;-0.10661823330831893;0;0.5;0.025785939938651298;1.051027019691061;0.97064428128298175;4.773828529196219
1;20.5;6.6704992205246363;0.66700751044627371;0;0.27838267099434888;0.10661823330831893;0;0.5;0.025785939938651298;1.051027019691061;0.97064428128298175;4.773828529196219
0;21;-6.8096905560218106;-0.7203166271004332;0;-0.27699884303397737;-0.10647985931077865;0;0.5;0.025778805978429332;1.051136040060367;0.97141640994593906;4.9018805109222267
1;21;6.8096905560218106;0.7203166271004332;0;0.27699884303397737;0.10647985931077865;0;0.5;0.025778805978429332;1.051136040060367;0.97141640994593906;4.9018805109222267
0;21.5;-6.9481899775387994;-0.77355655675582258;0;-0.27567335215441935;-0.10633965130694045;0;0.5;0.025772129973070989;1.0512383406878928;0.97215420118166241;5.0308554912264089
1;21.5;6.9481899775387994;0.77355655675582258;0;0.27567335215441935;0.10633965130694045;0;0.5;0.025772129973070989;1.0512383406878928;0.97215420118166241;5.0308554912264089
0;22;-7.0860266536160088;-0.82672638240929275;0;-0.27440245102160221;-0.10619815921943894;0;0.5;0.025765872919611788;1.0513344822731373;0.97285995478461044;5.1607759144427549
1;22;7.0860266536160088;0.82672638240929275;0;0.27440245102160221;0.10619815921943894;0;0.5;0.025765872919611788;1.0513344822731373;0.97285995478461044;5.1607759144427549
0;22.5;-7.2232278791268101;-0.87982546201901224;0;-0.27318271200030358;-0.10605585232760033;0;0.5;0.02575999990857032;1.0514249669520096;0.97353576749037291;5.2916641702699217
1;22.5;7.2232278791268101;0.87982546201901224;0;0.27318271200030358;0.10605585232760033;0;0.5;0.02575999990857032;1.0514249669520096;0.97353576749037291;5.2916641702699217
0;23;-7.3598192351269622;-0.93285338818281238;0;-0.27201099349360902;-0.10591313112403872;0;0.5;0.025754479618110825;1.0515102455914764;0.97418355499509549;5.4235426234109798
1;23;7.3598192351269622;0.93285338818281238;0;0.27201099349360902;0.10591313112403872;0;0.5;0.025754479618110825;1.0515102455914764;0.97418355499509549;5.4235426234109798
0;23.5;-7.4958247318737667;-0.98580995374483171;0;-0.27088441046259254;-0.10577033729120419;0;0.5;0.025749283879563678;1.0515907240354283;0.97480507116765363;5.5564336417424875
1;23.5;7.4958247318737667;0.98580995374483171;0;0.27088441046259254;0.10577033729120419;0;0.5;0.025749283879563678;1.0515907240354283;0.97480507116765363;5.5564336417424875
0;24;-7.631266937105063;-1.0386951223904337;0;-0.26980030853234682;-0.10562776212276864;0;0.5;0.025744387303065915;1.0516667684718002;0.97540192486311584;5.6903596231438356
1;24;7.631266937105063;1.0386951223904337;0;0.26980030853234682;0.10562776212276864;0;0.5;0.025744387303065915;1.0516667684718002;0.97540192486311584;5.6903596231438356
0;24.5;-7.7661670913712362;-1.091509003451818;0;-0.26875624118490643;-0.10548565365373311;0;0.5;0.025739766954026091;1.0517387100604248;0.9759755946795947;5.8253430211116249
1;24.5;7.7661670913712362;1.091509003451818;0;0.26875624118490643;0.10548565365373311;0;0.5;0.025739766954026091;1.0517387100604248;0.9759755946795947;5.8253430211116249
0;25;-7.9005452119636894;-1.1442518302786846;0;-0.26774994961750159;-0.10534422271450694;0;0.5;0.02573540207269716;1.0518068489365651;0.97652744194602475;5.961406369276981
1;25;7.9005452119636894;1.1442518302786846;0;0.26774994961750159;0.10534422271450694;0;0.5;0.02573540207269716;1.0518068489365651;0.97652744194602475;5.961406369276981
0;25.5;-8.0344201867724401;-1.1969239416359381;0;-0.26677934490909488;-0.10520364808525355;0;0.5;0.02573127383042926;1.0518714576852352;0.97705872218342403;6.0985723049365833
1;25.5;8.0344201867724401;1.1969239416359381;0;0.26677934490909488;0.10520364808525355;0;0.5;0.02573127383042926;1.0518714576852352;0.97705872218342403;6.0985723049365833
0;26;-8.1678098592269883;-1.2495257656785648;0;-0.26584249219178457;-0.10506408089545415;0;0.5;0.025727365117228545;1.0519327843653495;0.9775705952449612;6.2368635917010729
1;26;8.1678098592269883;1.2495257656785648;0;0.26584249219178457;0.10506408089545415;0;0.5;0.025727365117228545;1.0519327843653495;0.9775705952449612;6.2368635917010729
0;26.5;-8.3007311053228801;-1.3020578061262917;0;-0.26493759656840726;-0.10492564838831364;0;0.5;0.025723660356116067;1.0519910551496273;0.97806413430921406;6.3763031413575962
1;26.5;8.3007311053228801;1.3020578061262917;0;0.26493759656840726;0.10492564838831364;0;0.5;0.025723660356116067;1.0519910551496273;0.97806413430921406;6.3763031413575962
0;27;-8.4331999036070844;-1.3545206303204487;0;-0.26406299055513677;-0.10478845714908248;0;0.5;0.025720145340494689;1.0520464766354619;0.97854033387520654;6.516914035036665
1;27;8.4331999036070844;1.3545206303204487;0;0.26406299055513677;0.10478845714908248;0;0.5;0.025720145340494689;1.0520464766354619;0.97854033387520654;6.516914035036665
0;27.5;-8.5652313988846522;-1.40691485889499;0;-0.26321712285935067;-0.10465259587962843;0;0.5;0.025716807091324265;1.0520992378731428;0.97900011688622255;6.6587195437672665
1;27.5;8.5652313988846522;1.40691485889499;0;0.26321712285935067;0.10465259587962843;0;0.5;0.025716807091324265;1.0520992378731428;0.97900011688622255;6.6587195437672665
0;28;-8.6968399603143283;-1.4592411568348043;0;-0.26239854832956272;-0.10451813778790406;0;0.5;0.025713633731396156;1.0521495121505573;0.9794443410912677;6.8017431484984629
1;28;8.6968399603143283;1.4592411568348043;0;0.26239854832956272;0.10451813778790406;0;0.5;0.025713633731396156;1.0521495121505573;0.9794443410912677;6.8017431484984629
0;28.5;-8.8280392344791103;-1.5115002257287562;0;-0.26160591893664603;-0.10438514264972296;0;0.5;0.025710614374406936;1.0521974585674676;0.9798738047377785;6.9460085596602781
1;28.5;8.8280392344791103;1.5115002257287562;0;0.26160591893664603;0.10438514264972296;0;0.5;0.025710614374406936;1.0521974585674676;0.9798738047377785;6.9460085596602781
0;29;-8.958842193947433;-1.5636927970536176;0;-0.26083797566459282;-0.10425365859100674;0;0.5;0.025707739026873606;1.0522432234274618;0.98028925167627397;7.0915397363318869
1;29;8.958842193947433;1.5636927970536176;0;0.26083797566459282;0.10425365859100674;0;0.5;0.025707739026873606;1.0522432234274618;0.98028925167627397;7.0915397363318869
0;29.5;-9.0892611817797295;-1.6158196263491209;0;-0.2600935412052317;-0.10412372363102186;0;0.5;0.025704998501218085;1.0522869414715011;0.98069137594670504;7.2383609050805746
1;29.5;9.0892611817797295;1.6158196263491209;0;0.2600935412052317;0.10412372363102186;0;0.5;0.025704998501218085;1.0522869414715011;0.98069137594670504;7.2383609050805746
0;30;-9.219307952382346;-1.6678814881646318;0;-0.25937151336512226;-0.10399536702078846;0;0.5;0.025702384338590141;1.052328736973486;0.98108082590695797;7.3864965785309092
1;30;9.219307952382346;1.6678814881646318;0;0.25937151336512226;0.10399536702078846;0;0.5;0.025702384338590141;1.052328736973486;0.98108082590695797;7.3864965785309092
0;30.5;-9.3489937090649065;-1.7198791716750259;0;-0.2586708591046476;-0.10386861040557556;0;0.5;0.025699888740200612;1.0523687247153419;0.98145820795603852;7.5359715737199158
1;30.5;9.3489937090649065;1.7198791716750259;0;0.2586708591046476;0.10386861040557556;0;0.5;0.025699888740200612;1.0523687247153419;0.98145820795603852;7.5359715737199158
0;31;-9.4783291386172301;-1.7718134768778138;0;-0.2579906091394461;-0.10374346883600233;0;0.5;0.025697504506107848;1.0524070108566447;0.98182408989768597;7.6868110302907468
1;31;9.4783291386172301;1.7718134768778138;0;0.2579906091394461;0.10374346883600233;0;0.5;0.025697504506107848;1.0524070108566447;0.98182408989768597;7.6868110302907468
0;31.5;-9.607324443186954;-1.8236852112958148;0;-0.25732985304302464;-0.10361995164859017;0;0.5;0.02569522498054633;1.0524436937117226;0.9821790039843555;7.8390404285743466
1;31.5;9.607324443186954;1.8236852112958148;0;0.25732985304302464;0.10361995164859017;0;0.5;0.02569522498054633;1.0524436937117226;0.9821790039843555;7.8390404285743466
0;32;-9.7359893697084665;-1.87549518712011;0;-0.25668773479689583;-0.10349806323352798;0;0.5;0.02569304400300909;1.0524788644454035;0.98252344967651402;7.9926856076060432
1;32;9.7359893697084665;1.87549518712011;0;0.25668773479689583;0.10349806323352798;0;0.5;0.02569304400300909;1.0524788644454035;0.98252344967651402;7.9926856076060432
0;32.5;-9.8643332371069139;-1.9272442187368739;0;-0.25606344874106129;-0.10337780370482033;0;0.5;0.025690955864401583;1.0525126076970744;0.98285789614789279;8.1477727831216076
1;32.5;9.8643332371069139;1.9272442187368739;0;0.25606344874106129;0.10337780370482033;0;0.5;0.025690955864401583;1.0525126076970744;0.98285789614789279;8.1477727831216076
0;33;-9.9923649614774437;-1.9789331205892842;0;-0.25545623588327565;-0.10325916948580309;0;0.5;0.025688955267673612;1.0525450021414333;0.98318278456362499;8.3043285655752961
1;33;9.9923649614774437;1.9789331205892842;0;0.25545623588327565;0.10325916948580309;0;0.5;0.025688955267673612;1.0525450021414333;0.98318278456362499;8.3043285655752961
0;33.5;-10.120093079419082;-2.0305627053321857;0;-0.25486538053039592;-0.10314215382116325;0;0.5;0.025687037292413621;1.0525761209932297;0.98349853015498001;8.4623799782205562
1;33.5;10.120093079419082;2.0305627053321857;0;0.25486538053039592;0.10314215382116325;0;0.5;0.025687037292413621;1.0525761209932297;0.98349853015498001;8.4623799782205562
0;34;-10.24752576968428;-2.0821337822427672;0;-0.25429020720935935;-0.1030267472250348;0;0.5;0.025685197362954935;1.0526060324623442;0.9838055241116164;8.6219544752925207
1;34;10.24752576968428;2.0821337822427672;0;0.25429020720935935;0.1030267472250348;0;0.5;0.025685197362954935;1.0526060324623442;0.9838055241116164;8.6219544752925207
0;34.5;-10.374670873288959;-2.1336471558552845;0;-0.2537300778490269;-0.10291293787341312;0;0.5;0.025683431219601025;1.0526348001647582;0.98410413530984894;8.7830799603300943
1;34.5;10.374670873288959;2.1336471558552845;0;0.2537300778490269;0.10291293787341312;0;0.5;0.025683431219601025;1.0526348001647582;0.98410413530984894;8.7830799603300943
0;35;-10.501535912213473;-2.1851036247919913;0;-0.25318438919735553;-0.10280071194799906;0;0.5;0.025681734892624915;1.0526624834942739;0.98439471189331119;8.9457848046742286
1;35;10.501535912213473;2.1851036247919913;0;0.25318438919735553;0.10280071194799906;0;0.5;0.025681734892624915;1.0526624834942739;0.98439471189331119;8.9457848046742286
0;35.5;-10.62812810681215;-2.236503980765991;0;-0.25265257045118894;-0.10269005393761893;0;0.5;0.025680104678740893;1.0526891379592389;0.98467758272054921;9.1100978661780672
1;35.5;10.62812810681215;2.236503980765991;0;0.25265257045118894;0.10269005393761893;0;0.5;0.025680104678740893;1.0526891379592389;0.98467758272054921;9.1100978661780672
0;36;-10.754454392037745;-2.2878490077348004;0;-0.25213408107843249;-0.10258094690254176;0;0.5;0.025678537119782605;1.0527148154880269;0.98495305869246642;9.276048508163868
1;36;10.754454392037745;2.2878490077348004;0;0.25213408107843249;0.10258094690254176;0;0.5;0.025678537119782605;1.0527148154880269;0.98495305869246642;9.276048508163868
0;36.5;-10.880521432576961;-2.3391394811860713;0;-0.25162840881455667;-0.10247337270630881;0;0.5;0.025677028983354017;1.0527395647065625;0.98522143397112446;9.4436666186609729
1;36.5;10.880521432576961;2.3391394811860713;0;0.25162840881455667;0.10247337270630881;0;0.5;0.025677028983354017;1.0527395647065625;0.98522143397112446;9.4436666186609729
0;37;-11.00633563698424;-2.3903761675392259;0;-0.25113506781728812;-0.10236731221908404;0;0.5;0.025675577245246457;1.0527634311908083;0.98548298710016035;9.6129826299586428
1;37;11.00633563698424;2.3903761675392259;0;0.25113506781728812;0.10236731221908404;0;0.5;0.025675577245246457;1.0527634311908083;0.98548298710016035;9.6129826299586428
0;37.5;-11.131903170892883;-2.4415598236487681;0;-0.25065359696503992;-0.10226274549601305;0;0.5;0.025674179073439634;1.0527864576967747;0.98573798203598687;9.7840275385072699
1;37.5;11.131903170892883;2.4415598236487681;0;0.25065359696503992;0.10226274549601305;0;0.5;0.025674179073439634;1.0527864576967747;0.98573798203598687;9.7840275385072699
0;38;-11.257229969375404;-2.4926911963967746;0;-0.25018355828612454;-0.10215965193362908;0;0.5;0.02567283181352533;1.0528086843703344;0.98598666909797773;9.9568329252013307
1;38;11.257229969375404;2.4926911963967746;0;0.25018355828612454;0.10215965193362908;0;0.5;0.02567283181352533;1.0528086843703344;0.98598666909797773;9.9568329252013307
0;38.5;-11.382321748518466;-2.5437710223635892;0;-0.2497245355071151;-0.10205801040695732;0;0.5;0.0256715329754102;1.0528301489388553;0.9862292858449877;10.131430976077336
1;38.5;11.382321748518466;2.5437710223635892;0;0.2497245355071151;0.10205801040695732;0;0.5;0.0256715329754102;1.0528301489388553;0.9862292858449877;10.131430976077336
0;39;-11.507184016272024;-2.594800027567068;0;-0.24927613270989246;-0.10195779938963388;0;0.5;0.025670280221171238;1.052850886886447;0.98646605788480402;10.307854503460215
1;39;11.507184016272024;2.594800027567068;0;0.24927613270989246;0.10195779938963388;0;0.5;0.025670280221171238;1.052850886886447;0.98646605788480402;10.307854503460215
0;39.5;-11.63182208262697;-2.645778927261885;0;-0.24883797308795561;-0.10185899705906605;0;0.5;0.025669071353950235;1.0528709316144141;0.98669719962245802;10.486136967591698
1;39.5;11.63182208262697;2.645778927261885;0;0.24883797308795561;0.10185899705906605;0;0.5;0.025669071353950235;1.0528709316144141;0.98669719962245802;10.486136967591698
0;40;-11.756241069170947;-2.6967084257914182;0;-0.248409697793498;-0.10176158138840898;0;0.5;0.02566790430778691;1.0528903145883391;0.98692291495273326;10.666312498774661
1;40;11.756241069170947;2.6967084257914182;0;0.248409697793498;0.10176158138840898;0;0.5;0.02566790430778691;1.0528903145883391;0.98692291495273326;10.666312498774661
0;40.5;-11.880445918067696;-2.7475892164856228;0;-0.24799096486757652;-0.1016655302269157;0;0.5;0.025666777138300755;1.0529090654730609;0.98714339790167983;10.848415920067771
1;40.5;11.880445918067696;2.7475892164856228;0;0.24799096486757652;0.1016655302269157;0;0.5;0.025666777138300755;1.0529090654730609;0.98714339790167983;10.848415920067771
0;41;-12.004441400501484;-2.7984219815990805;0;-0.24758144824643463;-0.1015708213700276;0;0.5;0.025665688014141367;1.0529272122566848;0.98735883322147567;11.032482770565404
1;41;12.004441400501484;2.7984219815990805;0;0.24758144824643463;0.1015708213700276;0;0.5;0.025665688014141367;1.0529272122566848;0.98735883322147567;11.032482770565404
0;41.5;-12.128232124624702;-2.8492073922840944;0;-0.2471808368376979;-0.10147743262040686;0;0.5;0.025664635209135467;1.0529447813646394;0.98756939694255777;11.218549329298417
1;41.5;12.128232124624702;2.8492073922840944;0;0.2471808368376979;0.10147743262040686;0;0.5;0.025664635209135467;1.0529447813646394;0.98756939694255777;11.218549329298417
0;42;-12.25182254304355;-2.8999461085942979;0;-0.24678883366074719;-0.10138534184096844;0;0.5;0.025663617095066171;1.0529617977646886;0.98777525688657284;11.406652639792162
1;42;12.25182254304355;2.8999461085942979;0;0.24678883366074719;0.10138534184096844;0;0.5;0.025663617095066171;1.0529617977646886;0.98777525688657284;11.406652639792162
0;42.5;-12.375216959873924;-2.9506387795147822;0;-0.24640515504610128;-0.10129452700084288;0;0.5;0.025662632135026945;1.052978285063718;0.98797657314336342;11.596830535319038
1;42.5;12.375216959873924;2.9506387795147822;0;0.24640515504610128;0.10129452700084288;0;0.5;0.025662632135026945;1.052978285063718;0.98797657314336342;11.596830535319038
0;43;-12.498419537396975;-3.0012860430152037;0;-0.24602952988911206;-0.1012049662150912;0;0.5;0.025661678877298373;1.0529942655970255;0.98817349851490668;11.789121664883817
1;43;12.498419537396975;3.0012860430152037;0;0.24602952988911206;0.1012049662150912;0;0.5;0.025661678877298373;1.0529942655970255;0.98817349851490668;11.789121664883817
0;43.5;-12.62143430234153;-3.0518885261227493;0;-0.24566169895370005;-0.10111663777889668;0;0.5;0.025660755949701011;1.0530097605107837;0.98836617892885519;11.9835655199812
1;43.5;12.62143430234153;3.0518885261227493;0;0.24566169895370005;0.10111663777889668;0;0.5;0.025660755949701011;1.0530097605107837;0.98836617892885519;11.9835655199812
0;44;-12.74426515181838;-3.1024468450121976;0;-0.24530141422223833;-0.10102952019687343;0;0.5;0.025659862054382444;1.0530247898382636;0.98855475382408844;12.180202462166155
1;44;12.74426515181838;3.1024468450121976;0;0.24530141422223833;0.10102952019687343;0;0.5;0.025659862054382444;1.0530247898382636;0.98855475382408844;12.180202462166155
0;44.5;-12.866915858929501;-3.1529616051106344;0;-0.2449484382880372;-0.1009435922080579;0;0.5;0.02565899596300064;1.0530393725703593;0.98873935651046802;12.379073751479045
1;44.5;12.866915858929501;3.1529616051106344;0;0.2449484382880372;0.1009435922080579;0;0.5;0.02565899596300064;1.0530393725703593;0.98873935651046802;12.379073751479045
0;45;-12.989390078073519;-3.2034334012146632;0;-0.2446025437871906;-0.1008588328070837;0;0.5;0.025658156512269458;1.0530535267209009;0.98892011450479432;12.580221575768948
1;45;12.989390078073519;3.2034334012146632;0;0.2446025437871906;0.1008588328070837;0;0.5;0.025658156512269458;1.0530535267209009;0.98892011450479432;12.580221575768948
0;45.5;-13.111691349967115;-3.253862817618205;0;-0.24426351286682513;-0.100775221261983;0;0.5;0.02565734259983532;1.0530672693871928;0.98909714984478777;12.783689080960181
1;45.5;13.111691349967115;3.253862817618205;0;0.24426351286682513;0.100775221261983;0;0.5;0.02565734259983532;1.0530672693871928;0.98909714984478777;12.783689080960181
0;46;-13.233823106400529;-3.3042504282491962;0;-0.24393113668704489;-0.10069273712900716;0;0.5;0.0256565531804572;1.0530806168061761;0.98927057938275918;12.989520402308723
1;46;13.233823106400529;3.3042504282491962;0;0.24393113668704489;0.10069273712900716;0;0.5;0.0256565531804572;1.0530806168061761;0.98927057938275918;12.989520402308723
0;46.5;-13.355788674744051;-3.3545967968136998;0;-0.24360521495409393;-0.10061136026481451;0;0.5;0.025655787262464712;1.0530935844065741;0.98944051506049093;13.197760696697098
1;46.5;13.355788674744051;3.3545967968136998;0;0.24360521495409393;0.10061136026481451;0;0.5;0.025655787262464712;1.0530935844065741;0.98944051506049093;13.197760696697098
0;47;-13.477591282221098;-3.4049024769461069;0;-0.24328555548246464;-0.10053107083633422;0;0.5;0.025655043904470908;1.0531061868573529;0.98960706416672154;13.408456176018223
1;47;13.477591282221098;3.4049024769461069;0;0.24328555548246464;0.10053107083633422;0;0.5;0.025655043904470908;1.0531061868573529;0.98960706416672154;13.408456176018223
0;47.5;-13.599234059962331;-3.4551680123642741;0;-0.24297197378386859;-0.10045184932857985;0;0.5;0.025654322212319532;1.0531184381127873;0.98977032957850921;13.62165414170085
1;47.5;13.599234059962331;3.4551680123642741;0;0.24297197378386859;0.10045184932857985;0;0.5;0.025654322212319532;1.0531184381127873;0.98977032957850921;13.62165414170085
0;48;-13.720720046854266;-3.5053939370285638;0;-0.24266429268115633;-0.10037367655065627;0;0.5;0.025653621336247332;1.0531303514544102;0.98993040998764387;13.83740302043148
1;48;13.720720046854266;3.5053939370285638;0;0.24266429268115633;0.10037367655065627;0;0.5;0.025653621336247332;1.0531303514544102;0.98993040998764387;13.83740302043148
0;48.5;-13.842052193194844;-3.5555807753038922;0;-0.24236234194542744;-0.10029653364017556;0;0.5;0.025652940468244431;1.0531419395300852;0.99008740011318105;14.055752401130041
1;48.5;13.842052193194844;3.5555807753038922;0;0.24236234194542744;0.10029653364017556;0;0.5;0.025652940468244431;1.0531419395300852;0.99008740011318105;14.055752401130041
0;49;-13.963233364167557;-3.60572904212398;0;-0.24206595795471295;-0.10022040206627422;0;0.5;0.025652278839596927;1.0531532143904334;0.99024139090108347;14.27675307323919
1;49;13.963233364167557;3.60572904212398;0;0.24206595795471295;0.10022040206627422;0;0.5;0.025652278839596927;1.0531532143904334;0.99024139090108347;14.27675307323919
0;49.5;-14.084266343144913;-3.6558392431571169;0;-0.24177498337274081;-0.10014526363140216;0;0.5;0.025651635718597621;1.053164187522813;0.99039246971187704;14.50045706638984
1;49.5;14.084266343144913;3.6558392431571169;0;0.24177498337274081;0.10014526363140216;0;0.5;0.025651635718597621;1.053164187522813;0.99039246971187704;14.50045706638984
0;50;-14.205153834831282;-3.7059118749728182;0;-0.24148926684641125;-0.10007110047203514;0;0.5;0.025651010408411471;1.0531748698830429;0.99054072049715541;14.726917691508415
1;50;14.205153834831282;3.7059118749728182;0;0.24148926684641125;0.10007110047203514;0;0.5;0.025651010408411471;1.0531748698830429;0.99054072049715541;14.726917691508415
0;50.5;-14.325898468254488;-3.7559474252088356;0;-0.2412086627207162;-0.099997895058445765;0;0.5;0.025650402245084408;1.0531852719250415;0.99068622396570127;14.956189583434463
1;50.5;14.325898468254488;3.7559474252088356;0;0.2412086627207162;0.099997895058445765;0;0.5;0.025650402245084408;1.0531852719250415;0.99068622396570127;14.956189583434463
0;51;-14.446502799614846;-3.8059463727380587;0;-0.24093303076993386;-0.099925630193652804;0;0.5;0.025649810595683965;1.0531954036285323;0.99082905773993309;15.188328745120549
1;51;14.446502799614846;3.8059463727380587;0;0.24093303076993386;0.099925630193652804;0;0.5;0.025649810595683965;1.0531954036285323;0.99082905773993309;15.188328745120549
0;51.5;-14.566969314999813;-3.855909187834885;0;-0.24066223594401862;-0.099854289011655745;0;0.5;0.025649234856562295;1.0532052745249679;0.99096929650333028;15.423392593489835
1;51.5;14.566969314999813;3.855909187834885;0;0.24066223594401862;0.099854289011655745;0;0.5;0.025649234856562295;1.0532052745249679;0.99096929650333028;15.423392593489835
0;52;-14.687300432971822;-3.905836332340713;0;-0.24039614812918808;-0.099783854975049421;0;0.5;0.025648674451732134;1.0532148937217963;0.99110701213944059;15.661440007030546
1;52;14.687300432971822;3.905836332340713;0;0.24039614812918808;0.099783854975049421;0;0.5;0.025648674451732134;1.0532148937217963;0.99110701213944059;15.661440007030546
0;52.5;-14.807498507036417;-3.9557282598282377;0;-0.24013464192178335;-0.09971431187210307;0;0.5;0.025648128831347572;1.0532242699251937;0.99124227386302706;15.902531375210426
1;52.5;14.807498507036417;3.9557282598282377;0;0.24013464192178335;0.09971431187210307;0;0.5;0.025648128831347572;1.0532242699251937;0.99124227386302706;15.902531375210426
0;53;-14.927565827997309;-4.0055854157642896;0;-0.23987759641454706;-0.099645643813379092;0;0.5;0.025647597470281617;1.0532334114613746;0.9913751483438703;16.146728649798537
1;53;14.927565827997309;4.0055854157642896;0;0.23987759641454706;0.099645643813379092;0;0.5;0.025647597470281617;1.0532334114613746;0.9913751483438703;16.146728649798537
0;53.5;-15.047504626204583;-4.0554082376709788;0;-0.2396248949945266;-0.099577835227957989;0;0.5;0.025647079866794037;1.0532423262965782;0.99150569982370331;16.394095398186265
1;53.5;15.047504626204583;4.0554082376709788;0;0.2396248949945266;0.099577835227957989;0;0.5;0.025647079866794037;1.0532423262965782;0.99150569982370331;16.394095398186265
0;54;-15.167317073701847;-4.1051971552849578;0;-0.23937642515186711;-0.099510870859329095;0;0.5;0.025646575541282401;1.0532510220558286;0.99163399022672098;16.644696858804103
1;54;15.167317073701847;4.1051971552849578;0;0.23937642515186711;0.099510870859329095;0;0.5;0.025646575541282401;1.0532510220558286;0.99163399022672098;16.644696858804103
0;54.5;-15.287005286277781;-4.1549525907146228;0;-0.23913207829881192;-0.099444735760999534;0;0.5;0.02564608403511088;1.0532595060405527;0.99176007926407385;16.89859999873588
1;54.5;15.287005286277781;4.1549525907146228;0;0.23913207829881192;0.099444735760999534;0;0.5;0.02564608403511088;1.0532595060405527;0.99176007926407385;16.89859999873588
0;55;-15.406571325427187;-4.2046749585951222;0;-0.23889174959827697;-0.099379415291868334;0;0.5;0.025645604909511013;1.0532677852451345;0.99188402453272642;17.155873573637517
1;55;15.406571325427187;4.2046749585951222;0;0.23889174959827697;0.099379415291868334;0;0.5;0.025645604909511013;1.0532677852451345;0.99188402453272642;17.155873573637517
0;55.5;-15.526017200226326;-4.2543646662410559;0;-0.23865533780140985;-0.099314895111407217;0;0.5;0.025645137744549546;1.0532758663724808;0.99200588160903256;17.416588190073071
1;55.5;15.526017200226326;4.2543646662410559;0;0.23865533780140985;0.099314895111407217;0;0.5;0.025645137744549546;1.0532758663724808;0.99200588160903256;17.416588190073071
0;56;-15.645344869127031;-4.3040221137967594;0;-0.23842274509358624;-0.099251161174684813;0;0.5;0.025644682138158607;1.0532837558486641;0.99212570413735605;17.680816370386978
1;56;15.645344869127031;4.3040221137967594;0;0.23842274509358624;0.099251161174684813;0;0.5;0.025644682138158607;1.0532837558486641;0.99212570413735605;17.680816370386978
0;56.5;-15.764556241673825;-4.3536476943841018;0;-0.23819387694833338;-0.099188199727266946;0;0.5;0.025644237705224064;1.053291459836708;0.99224354391404048;17.948632620237797
1;56.5;15.764556241673825;4.3536476943841018;0;0.23819387694833338;0.099188199727266946;0;0.5;0.025644237705224064;1.053291459836708;0.99224354391404048;17.948632620237797
0;57;-15.883653180147991;-4.4032417942477355;0;-0.2379686419887064;-0.099125997300021806;0;0.5;0.02564380407672783;1.053298984249568;0.99235945096701232;18.220113498925784
1;57;15.883653180147991;4.4032417942477355;0;0.2379686419887064;0.099125997300021806;0;0.5;0.02564380407672783;1.053298984249568;0.99235945096701232;18.220113498925784
0;57.5;-16.002637501142345;-4.4528047928977461;0;-0.2377469518556749;-0.099064540703855591;0;0.5;0.025643380898940904;1.0533063347623658;0.99247347363128044;18.495337692653876
1;57.5;16.002637501142345;4.4528047928977461;0;0.2377469518556749;0.099064540703855591;0;0.5;0.025643380898940904;1.0533063347623658;0.99247347363128044;18.495337692653876
0;58;-16.121510977070184;-4.5023370632496738;0;-0.23752872108310724;-0.099003817024401017;0;0.5;0.025642967832663208;1.053313516823922;0.99258565862057813;18.774386090869463
1;58;16.121510977070184;4.5023370632496738;0;0.23752872108310724;0.099003817024401017;0;0.5;0.025642967832663208;1.053313516823922;0.99258565862057813;18.774386090869463
0;58.5;-16.240275337611738;-4.5518389717618746;0;-0.23731386697896778;-0.098943813616678616;0;0.5;0.025642564552507633;1.0533205356676385;0.99269605109537615;19.057341865842771
1;58.5;16.240275337611738;4.5518389717618746;0;0.23731386697896778;0.098943813616678616;0;0.5;0.025642564552507633;1.0533205356676385;0.99269605109537615;19.057341865842771
0;59;-16.358932271101221;-4.6013108785702137;0;-0.23710230951236774;-0.098884518099748131;0;0.5;0.025642170746225076;1.0533273963217658;0.99280469472748069;19.344290555646404
1;59;16.358932271101221;4.6013108785702137;0;0.23710230951236774;0.098884518099748131;0;0.5;0.025642170746225076;1.0533273963217658;0.99280469472748069;19.344290555646404
0;59.5;-16.477483425857404;-4.6507531376200877;0;-0.23689397120613409;-0.098825918351365449;0;0.5;0.025641786114067755;1.0533341036191008;0.99291163176141522;19.635320150710217
1;59.5;16.477483425857404;4.6507531376200877;0;0.23689397120613409;0.098825918351365449;0;0.5;0.025641786114067755;1.0533341036191008;0.99291163176141522;19.635320150710217
0;60;-16.595930411460472;-4.7001660967957708;0;-0.23668877703458246;-0.098768002502658381;0;0.5;0.025641410368188608;1.0533406622061486;0.9930169030727722;19.930521184135567
1;60;16.595930411460472;4.7001660967957708;0;0.23668877703458246;0.098768002502658381;0;0.5;0.025641410368188608;1.0533406622061486;0.9930169030727722;19.930521184135567
0;60.5;-16.714274799977762;-4.7495500980471004;0;-0.23648665432620097;-0.098710758932832904;0;0.5;0.025641043232074206;1.0533470765517804;0.99312054822370863;20.229986825963919
1;60.5;16.714274799977762;4.7495500980471004;0;0.23648665432620097;0.098710758932832904;0;0.5;0.025641043232074206;1.0533470765517804;0.99312054822370863;20.229986825963919
0;61;-16.832518127140862;-4.7989054775135171;0;-0.23628753267097016;-0.09865417626392009;0;0.5;0.025640684440009051;1.0533533509554236;0.99322260551574778;20.533812981606265
1;61;16.832518127140862;4.7989054775135171;0;0.23628753267097016;0.09865417626392009;0;0.5;0.025640684440009051;1.0533533509554236;0.99322260551574778;20.533812981606265
0;61.5;-16.950661893476347;-4.8482325656454774;0;-0.23609134383206196;-0.09859824335557256;0;0.5;0.025640333736569504;1.0533594895548099;0.99332311204003898;20.842098394651871
1;61.5;16.950661893476347;4.8482325656454774;0;0.23609134383206196;0.09859824335557256;0;0.5;0.025640333736569504;1.0533594895548099;0.99332311204003898;20.842098394651871
0;62;-17.06870756539238;-4.8975316873232639;0;-0.23589802166167681;-0.098542949299917817;0;0.5;0.025639990876145227;1.0533654963333062;0.99342210372521778;21.154944754288173
1;62;17.06870756539238;4.8975316873232639;0;0.23589802166167681;0.098542949299917817;0;0.5;0.025639990876145227;1.0533654963333062;0.99342210372521778;21.154944754288173
0;62.5;-17.186656576223218;-4.9468031619732225;0;-0.23570750202079316;-0.098488283416475239;0;0.5;0.025639655622486538;1.0533713751268619;0.9935196153829996;21.472456807577514
1;62.5;17.186656576223218;4.9468031619732225;0;0.23570750202079316;0.098488283416475239;0;0.5;0.025639655622486538;1.0533713751268619;0.9935196153829996;21.472456807577514
0;63;-17.304510327233615;-4.9960473036814603;0;-0.23551972270261753;-0.098434235247141982;0;0.5;0.025639327748276092;1.053377129630588;0.99361568075163163;21.794742476851424
1;63;17.304510327233615;4.9960473036814603;0;0.23551972270261753;0.098434235247141982;0;0.5;0.025639327748276092;1.053377129630588;0.99361568075163163;21.794742476851424
0;63.5;-17.422270188584925;-5.0452644213050313;0;-0.23533462335953656;-0.098380794551252565;0;0.5;0.025639007034723457;1.0533827634049921;0.99371033253731982;22.121912982498978
1;63.5;17.422270188584925;5.0452644213050313;0;0.23533462335953656;0.098380794551252565;0;0.5;0.025639007034723457;1.0533827634049921;0.99371033253731982;22.121912982498978
0;64;-17.539937500264692;-5.0944548185806573;0;-0.23515214543338425;-0.098327951300716074;0;0.5;0.025638693271180985;1.0533882798818927;0.9938036024537409;22.454082971443114
1;64;17.539937500264692;5.0944548185806573;0;0.23515214543338425;0.098327951300716074;0;0.5;0.025638693271180985;1.0533882798818927;0.9938036024537409;22.454082971443114
0;64.5;-17.657513572981383;-5.1436187942310152;0;-0.23497223208884943;-0.098275695675234018;0;0.5;0.025638386254779956;1.053393682370029;0.993895521259742;22.791370651616883
1;64.5;17.657513572981383;5.1436187942310152;0;0.23497223208884943;0.098275695675234018;0;0.5;0.025638386254779956;1.053393682370029;0.993895521259742;22.791370651616883
0;65;-17.774999689025808;-5.1927566420686322;0;-0.23479482814985855;-0.098224018057601586;0;0.5;0.025638085790085625;1.053398974060385;0.99398611879532483;23.133897932771317
1;65;17.774999689025808;5.1927566420686322;0;0.23479482814985855;0.098224018057601586;0;0.5;0.025638085790085625;1.053398974060385;0.99398611879532483;23.133897932771317
0;65.5;-17.892397103100738;-5.2418686510974331;0;-0.23461988003877918;-0.09817290902909423;0;0.5;0.025637791688769986;1.0534041580312418;0.99407542401600504;23.4817905739676
1;65.5;17.892397103100738;5.2418686510974331;0;0.23461988003877918;0.09817290902909423;0;0.5;0.025637791688769986;1.0534041580312418;0.99407542401600504;23.4817905739676
0;66;-18.009707043120127;-5.2909551056119799;0;-0.23444733571829826;-0.098122359364941222;0;0.5;0.025637503769301547;1.0534092372529799;0.99416346502563199;23.835178338128754
1;66;18.009707043120127;5.2909551056119799;0;0.23444733571829826;0.098122359364941222;0;0.5;0.025637503769301547;1.0534092372529799;0.99416346502563199;23.835178338128754
0;66.5;-18.126930710979277;-5.3400162852944506;0;-0.23427714463583824;-0.098072360029887326;0;0.5;0.025637221856650624;1.0534142145926429;0.99425026910774929;24.194195154050188
1;66.5;18.126930710979277;5.3400162852944506;0;0.23427714463583824;0.098072360029887326;0;0.5;0.025637221856650624;1.0534142145926429;0.99425026910774929;24.194195154050188
0;67;-18.244069283297197;-5.3890524653093941;0;-0.23410925767038199;-0.098022902173843227;0;0.5;0.025636945782009706;1.05341909281827;0.99433586275557155;24.558979286294431
1;67;18.244069283297197;5.3890524653093941;0;0.23410925767038199;0.098022902173843227;0;0.5;0.025636945782009706;1.05341909281827;0.99433586275557155;24.558979286294431
0;67.5;-18.361123912132388;-5.4380639163963158;0;-0.23394362708158481;-0.097973977127625317;0;0.5;0.025636675382527768;1.0534238746030212;0.99442027170064823;24.929673513423237
1;67.5;18.361123912132388;5.4380639163963158;0;0.23394362708158481;0.097973977127625317;0;0.5;0.025636675382527768;1.0534238746030212;0.99442027170064823;24.929673513423237
0;68;-18.478095725673182;-5.4870509049601282;0;-0.23378020646105885;-0.097925576398784853;0;0.5;0.025636410501057752;1.0534285625291009;0.99450352094028158;25.306425315050056
1;68;18.478095725673182;5.4870509049601282;0;0.23378020646105885;0.097925576398784853;0;0.5;0.025636410501057752;1.0534285625291009;0.99450352094028158;25.306425315050056
0;68.5;-18.59498582890371;-5.5360136931595205;0;-0.23361895068572219;-0.09787769166752644;0;0.5;0.025636150985916603;1.053433159091488;0.99458563476376166;25.689387068228262
1;68.5;18.59498582890371;5.5360136931595205;0;0.23361895068572219;0.09787769166752644;0;0.5;0.025636150985916603;1.053433159091488;0.99458563476376166;25.689387068228262
0;69;-18.711795304246571;-5.5849525389932841;0;-0.23345981587311027;-0.09783031478271545;0;0.5;0.025635896690657089;1.0534376667014942;0.99466663677747771;26.078716253724892
1;69;18.711795304246571;5.5849525389932841;0;0.23345981587311027;0.09783031478271545;0;0.5;0.025635896690657089;1.0534376667014942;0.99466663677747771;26.078716253724892
0;69.5;-18.828525212183127;-5.6338676963846419;0;-0.23330275933855363;-0.09778343775797381;0;0.5;0.025635647473850581;1.0534420876901436;0.99474654992896194;26.474575672766991
1;69.5;18.828525212183127;5.6338676963846419;0;0.23330275933855363;0.09778343775797381;0;0.5;0.025635647473850581;1.0534420876901436;0.99474654992896194;26.474575672766991
0;70;-18.945176591852405;-5.6827594152636287;0;-0.23314773955413129;-0.097737052767863569;0;0.5;0.025635403198880491;1.0534464243114006;0.99482539652991857;26.877133674887946
1;70;18.945176591852405;5.6827594152636287;0;0.23314773955413129;0.097737052767863569;0;0.5;0.025635403198880491;1.0534464243114006;0.99482539652991857;26.877133674887946
0;70.5;-19.061750461629472;-5.7316279416475604;0;-0.23299471610931369;-0.097691152144157203;0;0.5;0.025635163733745549;1.0534506787452406;0.99490319827828781;27.286564397544066
1;70.5;19.061750461629472;5.7316279416475604;0;0.23299471610931369;0.097691152144157203;0;0.5;0.025635163733745549;1.0534506787452406;0.99490319827828781;27.286564397544066
0;71;-19.178247819684128;-5.7804735177196394;0;-0.23284364967321428;-0.097645728372193791;0;0.5;0.025634928950872454;1.0534548531005797;0.99497997627939196;27.703048018218598
1;71;19.178247819684128;5.7804735177196394;0;0.23284364967321428;0.097645728372193791;0;0.5;0.025634928950872454;1.0534548531005797;0.99497997627939196;27.703048018218598
0;71.5;-19.294669644520734;-5.8292963819057366;0;-0.23269450195837318;-0.097600774087319944;0;0.5;0.02563469872693744;1.0534589494180717;0.99505575106620799;28.126771019780562
1;71.5;19.294669644520734;5.8292963819057366;0;0.23269450195837318;0.097600774087319944;0;0.5;0.02563469872693744;1.0534589494180717;0.99505575106620799;28.126771019780562
0;72;-19.41101689549992;-5.8780967689493968;0;-0.23254723568600039;-0.09755628207141423;0;0.5;0.025634472942696086;1.0534629696727695;0.99513054261880865;28.55792646991993
1;72;19.41101689549992;5.8780967689493968;0;0.23254723568600039;0.09755628207141423;0;0.5;0.025634472942696086;1.0534629696727695;0.99513054261880865;28.55792646991993
0;72.5;-19.527290513342919;-5.9268749099851039;0;-0.23240181455260983;-0.097512245249493881;0;0.5;0.02563425148282128;1.0534669157766716;0.99520437038301172;28.996714315539662
1;72.5;19.527290513342919;5.9268749099851039;0;0.23240181455260983;0.097512245249493881;0;0.5;0.02563425148282128;1.0534669157766716;0.99520437038301172;28.996714315539662
0;73;-19.643491420619224;-5.9756310326098507;0;-0.23225820319797977;-0.097468656686402436;0;0.5;0.025634034235748511;1.0534707895811488;0.99527725328827498;29.443341693048272
1;73;19.643491420619224;5.9756310326098507;0;0.23225820319797977;0.097468656686402436;0;0.5;0.025634034235748511;1.0534707895811488;0.99527725328827498;29.443341693048272
0;73.5;-19.759620522218214;-6.0243653609530519;0;-0.23211636717437753;-0.097425509583576819;0;0.5;0.025633821093528315;1.0534745928792635;0.99534920976487241;29.898023255565231
1;73.5;19.759620522218214;6.0243653609530519;0;0.23211636717437753;0.097425509583576819;0;0.5;0.025633821093528315;1.0534745928792635;0.99534920976487241;29.898023255565231
0;74;-19.875678705805402;-6.0730781157448401;0;-0.23197627291699102;-0.097382797275892635;0;0.5;0.025633611951685611;1.0534783274079859;0.99542025776038518;30.360981518126079
1;74;19.875678705805402;6.0730781157448401;0;0.23197627291699102;0.097382797275892635;0;0.5;0.025633611951685611;1.0534783274079859;0.99542025776038518;30.360981518126079
0;74.5;-19.991666842263896;-6.1217695143827866;0;-0.23183788771551136;-0.097340513228585931;0;0.5;0.025633406709085206;1.053481994850309;0.99549041475553928;30.832447222054142
1;74.5;19.991666842263896;6.1217695143827866;0;0.23183788771551136;0.097340513228585931;0;0.5;0.025633406709085206;1.053481994850309;0.99549041475553928;30.832447222054142
0;75;-20.107585786121653;-6.1704397709970795;0;-0.2317011796868147;-0.097298651034250172;0;0.5;0.025633205267803478;1.0534855968372752;0.9955596977794199;31.312659719753464
1;75;20.107585786121653;6.1704397709970795;0;0.2317011796868147;0.097298651034250172;0;0.5;0.025633205267803478;1.0534855968372752;0.9955596977794199;31.312659719753464
0;75.5;-20.223436375965061;-6.2190890965142049;0;-0.23156611774869346;-0.09725720440990672;0;0.5;0.025633007533005866;1.0534891349499063;0.99562812342409115;31.801867381271765
1;75.5;20.223436375965061;6.2190890965142049;0;0.23156611774869346;0.09725720440990672;0;0.5;0.025633007533005866;1.0534891349499063;0.99562812342409115;31.801867381271765
0;76;-20.339219434839407;-6.2677176987191583;0;-0.23143267159459016;-0.097216167194147399;0;0.5;0.02563281341282969;1.0534926107210572;0.99569570785864813;32.300328024085467
1;76;20.339219434839407;6.2677176987191583;0;0.23143267159459016;0.097216167194147399;0;0.5;0.02563281341282969;1.0534926107210572;0.99569570785864813;32.300328024085467
0;76.5;-20.454935770636702;-6.3163257823162322;0;-0.23130081166928909;-0.097175533344347559;0;0.5;0.025632622818272219;1.0534960256371851;0.99576246684272696;32.808309367670108
1;76.5;20.454935770636702;6.3163257823162322;0;0.23130081166928909;0.097175533344347559;0;0.5;0.025632622818272219;1.0534960256371851;0.99576246684272696;32.808309367670108
0;77;-20.570586176471345;-6.3649135489884063;0;-0.23117050914552348;-0.097135296933948109;0;0.5;0.02563243566308363;1.0534993811400434;0.99582841573949731;33.326089514541047
1;77;20.570586176471345;6.3649135489884063;0;0.23117050914552348;0.097135296933948109;0;0.5;0.02563243566308363;1.0534993811400434;0.99582841573949731;33.326089514541047
0;77.5;-20.686171431044105;-6.41348119745538;0;-0.2310417359014581;-0.097095452149804987;0;0.5;0.025632251863664702;1.0535026786283054;0.99589356952816021;33.853957459581617
1;77.5;20.686171431044105;6.41348119745538;0;0.2310417359014581;0.097095452149804987;0;0.5;0.025632251863664702;1.0535026786283054;0.99589356952816021;33.853957459581617
0;78;-20.801692298994833;-6.4620289235302826;0;-0.23091446449900896;-0.097055993289604472;0;0.5;0.025632071338968846;1.0535059194591141;0.99595794281597339;34.392213629619504
1;78;20.801692298994833;6.4620289235302826;0;0.23091446449900896;0.097055993289604472;0;0.5;0.025632071338968846;1.0535059194591141;0.99595794281597339;34.392213629619504
0;78.5;-20.917149531244338;-6.5105569201750848;0;-0.23078866816296389;-0.097016914759342945;0;0.5;0.025631894010408407;1.0535091049495726;0.99602154984982468;34.941170455369326
1;78.5;20.917149531244338;6.5105569201750848;0;0.23078866816296389;0.097016914759342945;0;0.5;0.025631894010408407;1.0535091049495726;0.99602154984982468;34.941170455369326
0;79;-21.03254386532582;-6.5590653775547567;0;-0.2306643207608694;-0.096978211070869388;0;0.5;0.025631719801765027;1.0535122363781663;0.99608440452737341;35.501152978030201
1;79;21.03254386532582;6.5590653775547567;0;0.2306643207608694;0.096978211070869388;0;0.5;0.025631719801765027;1.0535122363781663;0.99608440452737341;35.501152978030201
0;79.5;-21.147876025706253;-6.6075544830901913;0;-0.23054139678365118;-0.096939876839489389;0;0.5;0.025631548639103724;1.0535153149861311;0.99614652040777853;36.072499493014243
1;79.5;21.147876025706253;6.6075544830901913;0;0.23054139678365118;0.096939876839489389;0;0.5;0.025631548639103724;1.0535153149861311;0.99614652040777853;36.072499493014243
0;80;-21.263146724098078;-6.6560244215099358;0;-0.23041987132693686;-0.09690190678162891;0;0.5;0.025631380450690681;1.0535183419787627;0.99620791072203126;36.655562233485868
1;80;21.263146724098078;6.6560244215099358;0;0.23041987132693686;0.09690190678162891;0;0.5;0.025631380450690681;1.0535183419787627;0.99620791072203126;36.655562233485868
0;80.5;-21.378356659761547;-6.70447537490075;0;-0.23029972007305149;-0.096864295712556531;0;0.5;0.025631215166914422;1.0535213185266701;0.99626858838290941;37.250708096615172
1;80.5;21.378356659761547;6.70447537490075;0;0.23029972007305149;0.096864295712556531;0;0.5;0.025631215166914422;1.0535213185266701;0.99626858838290941;37.250708096615172
0;81;-21.493506519798071;-6.7529075227570283;0;-0.23018091927365741;-0.096827038544162691;0;0.5;0.025631052720210345;1.0535242457669811;0.99632856599456924;37.858319415693287
1;81;21.493506519798071;6.7529075227570283;0;0.23018091927365741;0.096827038544162691;0;0.5;0.025631052720210345;1.0535242457669811;0.99632856599456924;37.858319415693287
0;81.5;-21.6085969794349;-6.8013210420291097;0;-0.2300634457330116;-0.096790130282794484;0;0.5;0.025630893044988358;1.0535271248044986;0.99638785586179048;38.478794781525322
1;81.5;21.6085969794349;6.8013210420291097;0;0.2300634457330116;0.096790130282794484;0;0.5;0.025630893044988358;1.0535271248044986;0.99638785586179048;38.478794781525322
0;82;-21.723628702301404;-6.8497161071705071;0;-0.22994727679181501;-0.096753566027144633;0;0.5;0.025630736077563503;1.053529956712806;0.99644646999888901;39.112549916810382
1;82;21.723628702301404;6.8497161071705071;0;0.22994727679181501;0.096753566027144633;0;0.5;0.025630736077563503;1.053529956712806;0.99644646999888901;39.112549916810382
0;82.5;-21.83860234069731;-6.8980928901840795;0;-0.22983239031162916;-0.096717340966193291;0;0.5;0.025630581756089381;1.0535327425353344;0.99650442013831106;39.760018607540704
1;82.5;21.83860234069731;6.8980928901840795;0;0.22983239031162916;0.096717340966193291;0;0.5;0.025630581756089381;1.0535327425353344;0.99650442013831106;39.760018607540704
0;83;-21.953518535853124;-6.9464515606671764;0;-0.2297187646598372;-0.096681450377201342;0;0.5;0.025630430020494387;1.0535354832863835;0.99656171773892225;40.421653695806593
1;83;21.953518535853124;6.9464515606671764;0;0.2297187646598372;0.096681450377201342;0;0.5;0.025630430020494387;1.0535354832863835;0.99656171773892225;40.421653695806593
0;83.5;-22.068377918183042;-6.9947922858557767;0;-0.22960637869512684;-0.096645889623753797;0;0.5;0.02563028081242041;1.053538179952101;0.99661837399400421;41.097928138783419
1;83.5;22.068377918183042;6.9947922858557767;0;0.22960637869512684;0.096645889623753797;0;0.5;0.02563028081242041;1.053538179952101;0.99661837399400421;41.097928138783419
0;84;-22.183181107530604;-7.0431152306676532;0;-0.22949521175347426;-0.096610654153852185;0;0.5;0.0256301340751641;1.0535408334914282;0.99667439983897048;41.789336139106666
1;84;22.183181107530604;7.0431152306676532;0;0.22949521175347426;0.096610654153852185;0;0.5;0.0256301340751641;1.0535408334914282;0.99667439983897048;41.789336139106666
0;84.5;-22.297928713407341;-7.0914205577445797;0;-0.2293852436346088;-0.096575739498054411;0;0.5;0.025629989753620445;1.0535434448370022;0.99672980595881352;42.496394352314076
1;84.5;22.297928713407341;7.0914205577445797;0;0.2293852436346088;0.096575739498054411;0;0.5;0.025629989753620445;1.0535434448370022;0.99672980595881352;42.496394352314076
0;85;-22.412621335224646;-7.1397084274936065;0;-0.22927645458893905;-0.096541141267661112;0;0.5;0.025629847794228555;1.0535460148960293;0.9967846027952935;43.219643177556006
1;85;22.412621335224646;7.1397084274936065;0;0.22927645458893905;0.096541141267661112;0;0.5;0.025629847794228555;1.0535460148960293;0.9967846027952935;43.219643177556006
0;85.5;-22.527259562519117;-7.1879789981274369;0;-0.22916882530492222;-0.096506855152947157;0;0.5;0.02562970814491968;1.0535485445511194;0.99683880055387944;43.959648138352525
1;85.5;22.527259562519117;7.1879789981274369;0;0.22916882530492222;0.096506855152947157;0;0.5;0.02562970814491968;1.0535485445511194;0.99683880055387944;43.959648138352525
0;86;-22.641843975171579;-7.2362324257039106;0;-0.22906233689685898;-0.096472876921437092;0;0.5;0.025629570755067182;1.0535510346610909;0.99689240921045255;44.7170013608131
1;86;22.641843975171579;7.2362324257039106;0;0.22906233689685898;0.096472876921437092;0;0.5;0.025629570755067182;1.0535510346610909;0.99689240921045255;44.7170013608131
0;86.5;-22.756375143620009;-7.2844688641646291;0;-0.22895697089309738;-0.09643920241622353;0;0.5;0.025629435575438509;1.0535534860617453;0.99694543851778132;45.492323157441596
1;86.5;22.756375143620009;7.2844688641646291;0;0.22895697089309738;0.09643920241622353;0;0.5;0.025629435575438509;1.0535534860617453;0.99694543851778132;45.492323157441596
0;87;-22.870853629066556;-7.3326884653727413;0;-0.22885270922462947;-0.096405827554327153;0;0.5;0.025629302558149046;1.0535558995666105;0.99699789801177741;46.286263725431733
1;87;22.870853629066556;7.3326884653727413;0;0.22885270922462947;0.096405827554327153;0;0.5;0.025629302558149046;1.0535558995666105;0.99699789801177741;46.286263725431733
0;87.5;-22.985279983678872;-7.3808913791499053;0;-0.22874953421406571;-0.096372748325097415;0;0.5;0.025629171656617704;1.0535582759676584;0.99704979701754091;47.099504969227594
1;87.5;22.985279983678872;7.3808913791499053;0;0.22874953421406571;0.096372748325097415;0;0.5;0.025629171656617704;1.0535582759676584;0.99704979701754091;47.099504969227594
0;88;-23.099654750785906;-7.4290777533124537;0;-0.22864742856497242;-0.09633996078865277;0;0.5;0.025629042825524248;1.0535606160359916;0.99710114465520339;47.932762458088404
1;88;23.099654750785906;7.4290777533124537;0;0.22864742856497242;0.09633996078865277;0;0.5;0.025629042825524248;1.0535606160359916;0.99710114465520339;47.932762458088404
0;88.5;-23.21397846506839;-7.47724773370678;0;-0.22854637535155822;-0.096307461074359391;0;0.5;0.025628916020768281;1.0535629205225066;0.99715194984557646;48.786787530471675
1;88.5;23.21397846506839;7.47724773370678;0;0.22854637535155822;0.096307461074359391;0;0.5;0.025628916020768281;1.0535629205225066;0.99715194984557646;48.786787530471675
0;89;-23.328251652744168;-7.5254014642439593;0;-0.22844635800869634;-0.09627524537934741;0;0.5;0.02562879119942971;1.0535651901585368;0.99720222131561344;49.662369558244408
1;89;23.328251652744168;7.5254014642439593;0;0.22844635800869634;0.09627524537934741;0;0.5;0.02562879119942971;1.0535651901585368;0.99720222131561344;49.662369558244408
0;89.5;-23.442474831748516;-7.573539086933633;0;-0.22834736032226988;-0.096243309967063609;0;0.5;0.025628668319730782;1.0535674256564613;0.9972519676036914;50.560338385066984
1;89.5;23.442474831748516;7.573539086933633;0;0.22834736032226988;0.096243309967063609;0;0.5;0.025628668319730782;1.0535674256564613;0.9972519676036914;50.560338385066984
0;90;-23.55664851190965;-7.6216607419171645;0;-0.22824936641982782;-0.096211651165859696;0;0.5;0.025628547340999514;1.053569627710303;0.99730119706472037;51.481566954784359
1;90;23.55664851190965;7.6216607419171645;0;0.22824936641982782;0.096211651165859696;0;0.5;0.025628547340999514;1.053569627710303;0.99730119706472037;51.481566954784359
0;90.5;-23.670773195119565;-7.6697665675000941;0;-0.22815236076154036;-0.096180265367615106;0;0.5;0.02562842822363445;1.0535717969962955;0.99734991787508641;52.42697414732684
1;90.5;23.670773195119565;7.6697665675000941;0;0.22815236076154036;0.096180265367615106;0;0.5;0.02562842822363445;1.0535717969962955;0.99734991787508641;52.42697414732684
0;91;-23.784849375500336;-7.7178567001839014;0;-0.22805632813144192;-0.096149149026393516;0;0.5;0.025628310929070829;1.0535739341734344;0.99739813803743466;53.397527841488275
1;91;23.784849375500336;7.7178567001839014;0;0.22805632813144192;0.096149149026393516;0;0.5;0.025628310929070829;1.0535739341734344;0.99739813803743466;53.397527841488275
0;91.5;-23.898877539566058;-7.7659312746970981;0;-0.22796125362895167;-0.096118298657132117;0;0.5;0.025628195419747915;1.0535760398840081;0.99744586538529868;54.394248226045353
1;91.5;23.898877539566058;7.7659312746970981;0;0.22796125362895167;0.096118298657132117;0;0.5;0.025628195419747915;1.0535760398840081;0.99744586538529868;54.394248226045353
0;92;-24.012858166380536;-7.8139904240256639;0;-0.22786712266066086;-0.096087710834362752;0;0.5;0.025628081659077525;1.0535781147541075;0.99749310758758152;55.418211383031911
1;92;24.012858166380536;7.8139904240256639;0;0.22786712266066086;0.096087710834362752;0;0.5;0.025628081659077525;1.0535781147541075;0.99749310758758152;55.418211383031911
0;92.5;-24.126791727710867;-7.8620342794428453;0;-0.2277739209323775;-0.096057382190964172;0;0.5;0.025627969611413793;1.0535801593941187;0.99753987215289436;56.470553169630255
1;92.5;24.126791727710867;7.8620342794428453;0;0.2277739209323775;0.096057382190964172;0;0.5;0.025627969611413793;1.0535801593941187;0.99753987215289436;56.470553169630255
0;93;-24.240678688177056;-7.910062970538327;0;-0.22768163444141867;-0.09602730941694447;0;0.5;0.02562785924202392;1.0535821743992001;0.9975861664337577;57.552473428121663
1;93;24.240678688177056;7.910062970538327;0;0.22768163444141867;0.09602730941694447;0;0.5;0.02562785924202392;1.0535821743992001;0.9975861664337577;57.552473428121663
0;93.5;-24.354519505397764;-7.9580766252467994;0;-0.22759024946914186;-0.095997489258252994;0;0.5;0.025627750517060094;1.0535841603497386;0.99763199763067051;58.665240556704382
1;93.5;24.354519505397764;7.9580766252467994;0;0.22759024946914186;0.095997489258252994;0;0.5;0.025627750517060094;1.0535841603497386;0.99763199763067051;58.665240556704382
0;94;-24.468314630132337;-8.0060753698759264;0;-0.22749975257370617;-0.095967918515620823;0;0.5;0.025627643403532327;1.0535861178117933;0.9976773727960518;59.810196477790691
1;94;24.468314630132337;8.0060753698759264;0;0.22749975257370617;0.095967918515620823;0;0.5;0.025627643403532327;1.0535861178117933;0.9976773727960518;59.810196477790691
0;94.5;-24.58206450641919;-8.0540593291337377;0;-0.22741013058305565;-0.095938594043429234;0;0.5;0.025627537869282325;1.0535880473375209;0.99772229883805962;60.988762044702699
1;94.5;24.58206450641919;8.0540593291337377;0;0.22741013058305565;0.095938594043429234;0;0.5;0.025627537869282325;1.0535880473375209;0.99772229883805962;60.988762044702699
0;95;-24.695769571710716;-8.1020286261554517;0;-0.22732137058811638;-0.095909512748605208;0;0.5;0.025627433882958238;1.0535899494655893;0.99776678252429167;62.2024429325723
1;95;24.695769571710716;8.1020286261554517;0;0.22732137058811638;0.095909512748605208;0;0.5;0.025627433882958238;1.0535899494655893;0.99776678252429167;62.2024429325723
0;95.5;-24.809430257004774;-8.1499833825297543;0;-0.22723345993620006;-0.095880671589543456;0;0.5;0.025627331413990362;1.0535918247215725;0.99781083048537201;63.452836064803707
1;95.5;24.809430257004774;8.1499833825297543;0;0.22723345993620006;0.095880671589543456;0;0.5;0.025627331413990362;1.0535918247215725;0.99781083048537201;63.452836064803707
0;96;-24.923046986972874;-8.1979237183245264;0;-0.22714638622460637;-0.095852067575054101;0;0.5;0.025627230432567638;1.0535936736183369;0.99785444921842777;64.74163663277733
1;96;24.923046986972874;8.1979237183245264;0;0.22714638622460637;0.095852067575054101;0;0.5;0.025627230432567638;1.0535936736183369;0.99785444921842777;64.74163663277733
0;96.5;-25.036620180085176;-8.2458497521120542;0;-0.22706013729441757;-0.095823697763335478;0;0.5;0.025627130909615033;1.0535954966564114;0.9978976450904599;66.070645773685611
1;96.5;25.036620180085176;8.2458497521120542;0;0.22706013729441757;0.095823697763335478;0;0.5;0.025627130909615033;1.0535954966564114;0.9978976450904599;66.070645773685611
0;97;-25.150150248732384;-8.2937616009937223;0;-0.22697470122447835;-0.095795559260971247;0;0.5;0.025627032816771636;1.0535972943243449;0.99794042434161171;67.441778979630862
1;97;25.150150248732384;8.2937616009937223;0;0.22697470122447835;0.095795559260971247;0;0.5;0.025627032816771636;1.0535972943243449;0.99794042434161171;67.441778979630862
0;97.5;-25.263637599344623;-8.3416593806242076;0;-0.22689006632555439;-0.095767649221951301;0;0.5;0.025626936126369618;1.0535990670990526;0.99798279308833883;68.85707532055166
1;97.5;25.263637599344623;8.3416593806242076;0;0.22689006632555439;0.095767649221951301;0;0.5;0.025626936126369618;1.0535990670990526;0.99798279308833883;68.85707532055166
0;98;-25.377082632507399;-8.3895432052351833;0;-0.22680622113466359;-0.095739964846715778;0;0.5;0.025626840811413778;1.0536008154461491;0.99802475732648397;70.318707574374541
1;98;25.377082632507399;8.3895432052351833;0;0.22680622113466359;0.095739964846715778;0;0.5;0.025626840811413778;1.0536008154461491;0.99802475732648397;70.318707574374541
0;98.5;-25.490485743074732;-8.4374131876585405;0;-0.22672315440957402;-0.095712503381221573;0;0.5;0.025626746845561928;1.0536025398202742;0.99806632293425995;71.828993370240627
1;98.5;25.490485743074732;8.4374131876585405;0;0.22672315440957402;0.095712503381221573;0;0.5;0.025626746845561928;1.0536025398202742;0.99806632293425995;71.828993370240627
0;99;-25.60384732027952;-8.4852694393491515;0;-0.22664085512346285;-0.095685262116030775;0;0.5;0.025626654203105869;1.0536042406654003;0.99810749567514404;73.390407465010211
1;99;25.60384732027952;8.4852694393491515;0;0.22664085512346285;0.095685262116030775;0;0.5;0.025626654203105869;1.0536042406654003;0.99810749567514404;73.390407465010211
0;99.5;-25.717167747841252;-8.5331120704071672;0;-0.2265593124597306;-0.09565823838542048;0;0.5;0.025626562858953044;1.053605918415139;0.99814828120068679;75.005595289829478
1;99.5;25.717167747841252;8.5331120704071672;0;0.2265593124597306;0.09565823838542048;0;0.5;0.025626562858953044;1.053605918415139;0.99814828120068679;75.005595289829478
0;100;-25.830447404071116;-8.5809411895998782;0;-0.22647851580696565;-0.095631429566513312;0;0.5;0.02562647278860878;1.0536075734930297;0.99818868505323831;76.677387922742383
1;100;25.830447404071116;8.5809411895998782;0;0.22647851580696565;0.095631429566513312;0;0.5;0.02562647278860878;1.0536075734930297;0.99818868505323831;76.677387922742383
