# column style format: id;time;x;y;z;vx;vy;vz;mass;totalEnergy;totalSpecificAngularMomentum;rungeLenzVector;semiMajorAxis
# this file will be overwritten without any precaution
# used integrator was rk4
0;0.05;0.49937513014750795;0.024989583328760466;0;-0.024989585773968603;0.49937513014716495;0;0.5;-0.12500000005428099;0.49999999989143802;0.87500000002547738;0.26666666660159552
1;0.05;-0.49937513014750795;-0.024989583328760466;0;0.024989585773968603;-0.49937513014716495;0;0.5;-0.12500000005428099;0.49999999989143802;0.87500000002547738;0.26666666660159552
0;0.1;0.49750208254699818;0.04991670570846965;0;-0.049916710619167255;0.49750208254483941;0;0.5;-0.125000000108562;0.49999999978287602;0.87500000002040853;0.26666666647570341
1;0.1;-0.49750208254699818;-0.04991670570846965;0;0.049916710619167255;-0.49750208254483941;0;0.5;-0.125000000108562;0.49999999978287602;0.87500000002040853;0.26666666647570341
0;0.15;0.49438553884048037;0.074719062315184076;0;-0.074719069723612017;0.4943855388318914;0;0.5;-0.12500000016284294;0.49999999967431402;0.87499999998480611;0.26666666628901557
1;0.15;-0.49438553884048037;-0.074719062315184076;0;0.074719069723612017;-0.4943855388318914;0;0.5;-0.12500000016284294;0.49999999967431402;0.87499999998480611;0.26666666628901557
0;0.2;0.49003328876172658;0.099334660174114367;0;-0.099334670124068311;0.49003328873715729;0;0.5;-0.12500000021712397;0.49999999956575203;0.87499999991875911;0.26666666604170919
1;0.2;-0.49003328876172658;-0.099334660174114367;0;0.099334670124068311;-0.49003328873715729;0;0.5;-0.12500000021712397;0.49999999956575203;0.87499999991875911;0.26666666604170919
0;0.25;0.48445621066603284;0.1237019731096433;0;-0.1237019856558607;0.48445621060925304;0;0.5;-0.12500000027140488;0.49999999945719005;0.87499999982243261;0.26666666573411297
1;0.25;-0.48445621066603284;-0.1237019731096433;0;0.1237019856558607;-0.48445621060925304;0;0.5;-0.12500000027140488;0.49999999945719005;0.87499999982243261;0.26666666573411297
0;0.3;0.47766824434005078;0.14776009552859365;0;-0.14776011073593848;0.47766824422647763;0;0.5;-0.12500000032568587;0.49999999934862803;0.87499999969606738;0.26666666536670629
1;0.3;-0.47766824434005078;-0.14776009552859365;0;0.14776011073593848;-0.47766824422647763;0;0.5;-0.12500000032568587;0.49999999934862803;0.87499999969606738;0.26666666536670629
0;0.35;0.46968635615965026;0.17144889465236945;0;-0.17144891259482295;0.46968635595476904;0;0.5;-0.12500000037996686;0.49999999924006604;0.87499999953997926;0.26666666494011805
1;0.35;-0.46968635615965026;-0.17144889465236945;0;0.17144891259482295;-0.46968635595476904;0;0.5;-0.12500000037996686;0.49999999924006604;0.87499999953997926;0.26666666494011805
0;0.4;0.46053049668289919;0.19470916081747114;0;-0.19470918157693878;0.46053049634079768;0;0.5;-0.12500000043424783;0.49999999913150401;0.87499999935455841;0.26666666445512504
1;0.4;-0.46053049668289919;-0.19470916081747114;0;0.19470918157693878;-0.46053049634079768;0;0.5;-0.12500000043424783;0.49999999913150401;0.87499999935455841;0.26666666445512504
0;0.45;0.45022355078415549;0.21748275546871301;0;-0.21748277913366043;0.4502235502461916;0;0.5;-0.12500000048852878;0.49999999902294203;0.87499999914026825;0.26666666391265008
1;0.45;-0.45022355078415549;-0.21748275546871301;0;0.21748277913366043;-0.4502235502461916;0;0.5;-0.12500000048852878;0.49999999902294203;0.87499999914026825;0.26666666391265008
0;0.5;0.43879128045390858;0.23971275647523865;0;-0.23971278313917069;0.4387912796475289;0;0.5;-0.12500000054280969;0.49999999891438;0.87499999889764443;0.2666666633137596
1;0.5;-0.43879128045390858;-0.23971275647523865;0;0.23971278313917069;-0.4387912796475289;0;0.5;-0.12500000054280969;0.49999999891438;0.87499999889764443;0.2666666633137596
0;0.55;0.42626226040734033;0.26134360040612087;0;-0.2613436301659201;0.42626225924506644;0;0.5;-0.12500000059709065;0.49999999880581797;0.87499999862729335;0.26666666265966109
1;0.55;-0.42626226040734033;-0.26134360040612087;0;0.2613436301659201;-0.42626225924506644;0;0.5;-0.12500000059709065;0.49999999880581797;0.87499999862729335;0.26666666265966109
0;0.6;0.41266780666254882;0.28232122140993277;0;-0.28232125436407551;0.41266780504114559;0;0.5;-0.12500000065137163;0.49999999869725593;0.87499999832989077;0.26666666195170002
1;0.6;-0.41266780666254882;-0.28232122140993277;0;0.28232125436407551;-0.41266780504114559;0;0.5;-0.12500000065137163;0.49999999869725593;0.87499999832989077;0.26666666195170002
0;0.65;0.3980418982669508;0.30259318635116428;0;-0.302593222597833;0.39804189606679025;0;0.5;-0.12500000070565257;0.49999999858869388;0.87499999800618003;0.26666666119135646
1;0.65;-0.3980418982669508;-0.30259318635116428;0;0.302593222597833;-0.39804189606679025;0;0.5;-0.12500000070565257;0.49999999858869388;0.87499999800618003;0.26666666119135646
0;0.7;0.38242109236750504;0.32210882586571427;0;-0.32210886550082751;0.38242108945213571;0;0.5;-0.12500000075993353;0.49999999848013185;0.87499999765697023;0.26666666038024148
1;0.7;-0.38242109236750504;-0.32210882586571427;0;0.32210886550082751;-0.38242108945213571;0;0.5;-0.12500000075993353;0.49999999848013185;0.87499999765697023;0.26666666038024148
0;0.75;0.36584443283703444;0.34081936100788846;0;-0.34081940412306955;0.36584442905296599;0;0.5;-0.12500000081421449;0.49999999837156979;0.87499999728313422;0.26666665952009295
1;0.75;-0.36584443283703444;-0.34081936100788846;0;0.34081940412306955;-0.36584442905296599;0;0.5;-0.12500000081421449;0.49999999837156979;0.87499999728313422;0.26666665952009295
0;0.8;0.34835335268503254;0.35867802517235264;0;-0.35867807185285977;0.3483533478617411;0;0.5;-0.12500000086849543;0.49999999826300774;0.87499999688560639;0.2666666586127714
1;0.8;-0.34835335268503254;-0.35867802517235264;0;0.35867807185285977;-0.3483533478617411;0;0.5;-0.12500000086849543;0.49999999826300774;0.87499999688560639;0.2666666586127714
0;0.85;0.32999157049687444;0.37564018098629937;0;-0.37564023130894036;0.32999156444703348;0;0.5;-0.12500000092277631;0.4999999981544457;0.87499999646538034;0.2666666576602552
1;0.85;-0.32999157049687444;-0.37564018098629937;0;0.37564023130894036;-0.32999156444703348;0;0.5;-0.12500000092277631;0.4999999981544457;0.87499999646538034;0.2666666576602552
0;0.9;0.31080498116027855;0.39166343187965963;0;-0.39166348591071448;0.31080497368021687;0;0.5;-0.12500000097705728;0.49999999804588365;0.87499999602350644;0.26666665666463571
1;0.9;-0.31080498116027855;-0.39166343187965963;0;0.39166348591071448;-0.31080497368021687;0;0.5;-0.12500000097705728;0.49999999804588365;0.87499999602350644;0.26666665666463571
0;0.95;0.29084154115214433;0.40670772805449157;0;-0.40670778584766676;0.2908415320225306;0;0.5;-0.12500000103133822;0.49999999793732157;0.87499999556108914;0.266666655628112
1;0.95;-0.29084154115214433;-0.40670772805449157;0;0.40670778584766676;-0.2908415320225306;0;0.5;-0.12500000103133822;0.49999999793732157;0.87499999556108914;0.266666655628112
0;1;0.27015114867248757;0.42073546658867816;0;-0.42073552818311588;0.27015113765923832;0;0.5;-0.12500000108561914;0.49999999782875952;0.87499999507928422;0.26666665455298544
1;1;-0.27015114867248757;-0.42073546658867816;0;0.42073552818311588;-0.27015113765923832;0;0.5;-0.12500000108561914;0.49999999782875952;0.87499999507928422;0.26666665455298544
0;1.05;0.24878551892507375;0.43371158542372612;0;-0.4337116508420919;0.24878550578047948;0;0.5;-0.1250000011399001;0.49999999772019748;0.87499999457929595;0.26666665344165382
1;1.05;-0.24878551892507375;-0.43371158542372612;0;0.4337116508420919;-0.24878550578047948;0;0.5;-0.1250000011399001;0.49999999772019748;0.87499999457929595;0.26666665344165382
0;1.1;0.22679805485648177;0.4456036510017452;0;-0.44560372024841616;0.22679803932054357;0;0.5;-0.12500000119418104;0.49999999761163537;0.87499999406237405;0.26666665229660542
1;1.1;-0.22679805485648177;-0.4456036510017452;0;0.44560372024841616;-0.22679803932054357;0;0.5;-0.12500000119418104;0.49999999761163537;0.87499999406237405;0.26666665229660542
0;1.15;0.20424371367668112;0.45638193933256049;0;-0.45638201239193621;0.20424369547864757;0;0.5;-0.12500000124846196;0.49999999750307329;0.87499999352981055;0.26666665112041287
1;1.15;-0.20424371367668112;-0.45638193933256049;0;0.45638201239193621;-0.20424369547864757;0;0.5;-0.12500000124846196;0.49999999750307329;0.87499999352981055;0.26666665112041287
0;1.2;0.18117886949474979;0.46601951028833088;0;-0.4660195871232875;0.18117884835484216;0;0.5;-0.12500000130274287;0.4999999973945112;0.87499999298293656;0.26666664991572657
1;1.2;-0.18117886949474979;-0.46601951028833088;0;0.4660195871232875;-0.18117884835484216;0;0.5;-0.12500000130274287;0.4999999973945112;0.87499999298293656;0.26666664991572657
0;1.25;0.15766117241307095;0.47449227493997542;0;-0.4744923554904823;0.15766114804438239;0;0.5;-0.1250000013570238;0.49999999728594912;0.87499999242311899;0.26666664868526818
1;1.25;-0.15766117241307095;-0.47449227493997542;0;0.4744923554904823;-0.15766114804438239;0;0.5;-0.1250000013570238;0.49999999728594912;0.87499999242311899;0.26666664868526818
0;1.3;0.13374940443219785;0.48177905576710001;0;-0.48177913994901689;0.13374937654275029;0;0.5;-0.12500000141130473;0.49999999717738702;0.8749999918517571;0.26666664743182378
1;1.3;-0.13374940443219785;-0.48177905576710001;0;0.48177913994901689;-0.13374937654275029;0;0.5;-0.12500000141130473;0.49999999717738702;0.8749999918517571;0.26666664743182378
0;1.35;0.10950333252654847;0.48786163959092965;0;-0.48786172729500105;0.10950330082148955;0;0.5;-0.12500000146558568;0.49999999706882489;0.87499999127027901;0.26666664615823685
1;1.35;-0.10950333252654847;-0.48786163959092965;0;0.48786172729500105;-0.10950330082148955;0;0.5;-0.12500000146558568;0.49999999706882489;0.87499999127027901;0.26666664615823685
0;1.4;0.084983559258163158;0.49272482309794063;0;-0.49272491418900122;0.084983523442083292;0;0.5;-0.12500000151986665;0.49999999696026277;0.87499999068013808;0.26666664486740129
1;1.4;-0.084983559258163158;-0.49272482309794063;0;0.49272491418900122;-0.084983523442083292;0;0.5;-0.12500000151986665;0.49999999696026277;0.87499999068013808;0.26666664486740129
0;1.45;0.060251371301911938;0.49635645084040492;0;-0.49635654515680899;0.060251331081260656;0;0.5;-0.12500000157414756;0.4999999968517007;0.87499999008280934;0.26666664356225406
1;1.45;-0.060251371301911938;-0.49635645084040492;0;0.49635654515680899;-0.060251331081260656;0;0.5;-0.12500000157414756;0.4999999968517007;0.87499999008280934;0.26666664356225406
0;1.5;0.035368586260758637;0.49874744561886419;0;-0.49874754297214924;0.035368541346338107;0;0.5;-0.12500000162842847;0.4999999967431386;0.87499998947978583;0.26666664224576791
1;1.5;-0.035368586260758637;-0.49874744561886419;0;0.49874754297214924;-0.035368541346338107;0;0.5;-0.12500000162842847;0.4999999967431386;0.87499998947978583;0.26666664224576791
0;1.55;0.010397398153963459;0.49989183117059127;0;-0.4998919313453839;0.010397348263475785;0;0.5;-0.12500000168270944;0.49999999663457646;0.87499998887257481;0.26666664092094391
1;1.55;-0.010397398153963459;-0.49989183117059127;0;0.4998919313453839;-0.010397348263475785;0;0.5;-0.12500000168270944;0.49999999663457646;0.87499998887257481;0.26666664092094391
0;1.6;-0.014599778035577774;0.49978674710732773;0;-0.49978684986149785;-0.014599833174953369;0;0.5;-0.12500000173699039;0.49999999652601437;0.87499998826269394;0.26666663959080403
1;1.6;0.014599778035577774;-0.49978674710732773;0;0.49978684986149785;0.014599833174953369;0;0.5;-0.12500000173699039;0.49999999652601437;0.87499998826269394;0.26666663959080403
0;1.65;-0.039560462366307177;0.49843245606495923;0;-0.49843256113002576;-0.039560523015331826;0;0.5;-0.12500000179127128;0.49999999641745227;0.87499998765166764;0.26666663825838346
1;1.65;0.039560462366307177;-0.49843245606495923;0;0.49843256113002576;0.039560523015331826;0;0.5;-0.12500000179127128;0.49999999641745227;0.87499998765166764;0.26666663825838346
0;1.7;-0.064422266105360212;0.4958323430472566;0;-0.4958324501290457;-0.064422332510172389;0;0.5;-0.12500000184555223;0.49999999630889012;0.87499998704102317;0.26666663692672311
1;1.7;0.064422266105360212;-0.4958323430472566;0;0.4958324501290457;0.064422332510172389;0;0.5;-0.12500000184555223;0.49999999630889012;0.87499998704102317;0.26666663692672311
0;1.75;-0.089123047667965846;0.49199290696532078;0;-0.4919930157448752;-0.089123120057562732;0;0.5;-0.12500000189983321;0.49999999620032798;0.87499998643228679;0.26666663559886202
1;1.75;0.089123047667965846;-0.49199290696532078;0;0.4919930157448752;0.089123120057562732;0;0.5;-0.12500000189983321;0.49999999620032798;0.87499998643228679;0.26666663559886202
0;1.8;-0.11360106793912397;0.48692374439387681;0;-0.4869238545286122;-0.11360114652291195;0;0.5;-0.12500000195411417;0.49999999609176584;0.87499998582698003;0.2666666342778297
1;1.8;0.11360106793912397;-0.48692374439387681;0;0.4869238545286122;0.11360114652291195;0;0.5;-0.12500000195411417;0.49999999609176584;0.87499998582698003;0.2666666342778297
0;1.85;-0.13779514458933642;0.48063752558501582;0;-0.48063763671011789;-0.13779522955477488;0;0.5;-0.12500000200839512;0.49999999598320367;0.87499998522661586;0.26666663296663858
1;1.85;0.13779514458933642;-0.48063752558501582;0;0.48063763671011789;0.13779522955477488;0;0.5;-0.12500000200839512;0.49999999598320367;0.87499998522661586;0.26666663296663858
0;1.9;-0.16164480499868195;0.47314996279933663;0;-0.4731500745293899;-0.16164489650904418;0;0.5;-0.12500000206267608;0.49999999587464151;0.87499998463269486;0.26666663166827656
1;1.9;0.16164480499868195;-0.47314996279933663;0;0.4731500745293899;0.16164489650904418;0;0.5;-0.12500000206267608;0.49999999587464151;0.87499998463269486;0.26666663166827656
0;1.95;-0.18509043740700398;0.46447977103364019;0;-0.46447988296447795;-0.18509053559927766;0;0.5;-0.12500000211695713;0.49999999576607931;0.87499998404670153;0.26666663038569939
1;1.95;0.18509043740700398;-0.46447977103364019;0;0.46447988296447795;0.18509053559927766;0;0.5;-0.12500000211695713;0.49999999576607931;0.87499998404670153;0.26666663038569939
0;2;-0.2080734399124135;0.45464862124333649;0;-0.45464873295409797;-0.20807354489536237;0;0.5;-0.1250000021712381;0.49999999565751716;0.87499998347010052;0.26666662912182342
1;2;0.2080734399124135;-0.45464862124333649;0;0.45464873295409797;0.20807354489536237;0;0.5;-0.1250000021712381;0.49999999565751716;0.87499998347010052;0.26666662912182342
0;2.05;-0.2305363669456871;0.44368108617648105;0;-0.44368119723186061;-0.23053647879809416;0;0.5;-0.12500000222551901;0.49999999554895497;0.87499998290433307;0.26666662787951824
1;2.05;0.2305363669456871;-0.44368108617648105;0;0.44368119723186061;0.23053647879809416;0;0.5;-0.12500000222551901;0.49999999554895497;0.87499998290433307;0.26666662787951824
0;2.1;-0.25242307285444959;0.43160457895482685;0;-0.43160468890749804;-0.25242319162356042;0;0.5;-0.12500000227980001;0.49999999544039279;0.8749999823508133;0.26666662666159956
1;2.1;0.25242307285444959;-0.43160457895482685;0;0.43160468890749804;0.25242319162356042;0;0.5;-0.12500000227980001;0.49999999544039279;0.8749999823508133;0.26666662666159956
0;2.15;-0.27367885223825372;0.41844928455540531;0;-0.41844939294860056;-0.27367897793843676;0;0.5;-0.12500000233408101;0.49999999533183061;0.87499998181092471;0.26666662547082206
1;2.15;0.27367885223825372;-0.41844928455540531;0;0.41844939294860056;0.27367897793843676;0;0.5;-0.12500000233408101;0.49999999533183061;0.87499998181092471;0.26666662547082206
0;2.2;-0.29425057668379134;0.40424808436389592;0;-0.40424819073412094;-0.29425070929543029;0;0.5;-0.12500000238836204;0.49999999522326843;0.87499998128601673;0.26666662430987263
1;2.2;0.29425057668379134;-0.40424808436389592;0;0.40424819073412094;0.29425070929543029;0;0.5;-0.12500000238836204;0.49999999522326843;0.87499998128601673;0.26666662430987263
0;2.25;-0.31408682755846712;0.3890364739883605;0;-0.38903657786822105;-0.31408696702709826;0;0.5;-0.12500000244264305;0.49999999511470624;0.87499998077740136;0.26666662318136362
1;2.25;0.31408682755846712;-0.3890364739883605;0;0.38903657786822105;0.31408696702709826;0;0.5;-0.12500000244264305;0.49999999511470624;0.87499998077740136;0.26666662318136362
0;2.3;-0.33313802453041874;0.3728524745387638;0;-0.3728525754598821;-0.33313817076612395;0;0.5;-0.12500000249692403;0.49999999500614405;0.87499998028634989;0.26666662208782625
1;2.3;0.33313802453041874;-0.3728524745387638;0;0.3728525754598821;0.33313817076612395;0;0.5;-0.12500000249692403;0.49999999500614405;0.87499998028634989;0.26666662208782625
0;2.35;-0.35135654949374817;0.3557365375940354;0;-0.35573663509003089;-0.3513567023708124;0;0.5;-0.12500000255120506;0.49999999489758184;0.8749999798140897;0.26666662103170438
1;2.35;0.35135654949374817;-0.3557365375940354;0;0.35573663509003089;0.3513567023708124;0;0.5;-0.12500000255120506;0.49999999489758184;0.8749999798140897;0.26666662103170438
0;2.4;-0.36869686558921416;0.33773144409420441;0;-0.33773153770371461;-0.36869702494605294;0;0.5;-0.1250000026054861;0.49999999478901961;0.87499997936180118;0.2666666200153483
1;2.4;0.36869686558921416;-0.33773144409420441;0;0.33773153770371461;0.36869702494605294;0;0.5;-0.1250000026054861;0.49999999478901961;0.87499997936180118;0.2666666200153483
0;2.45;-0.38511563102289403;0.31888219741032431;0;-0.31888228668003932;-0.38511579666225476;0;0.5;-0.12500000265976711;0.49999999468045744;0.87499997893061479;0.26666661904100896
1;2.45;0.38511563102289403;-0.31888219741032431;0;0.31888228668003932;0.38511579666225476;0;0.5;-0.12500000265976711;0.49999999468045744;0.87499997893061479;0.26666661904100896
0;2.5;-0.40057180739832504;0.29923591085945672;0;-0.29923599534714179;-0.40057197908776343;0;0.5;-0.12500000271404817;0.49999999457189517;0.87499997852160833;0.26666661811083223
1;2.5;0.40057180739832504;-0.29923591085945672;0;0.29923599534714179;0.40057197908776343;0;0.5;-0.12500000271404817;0.49999999457189517;0.87499997852160833;0.26666661811083223
0;2.55;-0.41502676229135044;0.27884168994586855;0;-0.2788417692233488;-0.4150269397639802;0;0.5;-0.12500000276832916;0.49999999446333297;0.87499997813580405;0.26666661722685366
1;2.55;0.41502676229135044;-0.27884168994586855;0;0.2788417692233488;0.4150269397639802;0;0.5;-0.12500000276832916;0.49999999446333297;0.87499997813580405;0.26666661722685366
0;2.6;-0.42844436581128331;0.25775050962277779;0;-0.25775058327885914;-0.42844454876679561;0;0.5;-0.12500000282261023;0.49999999435477072;0.8749999777741663;0.26666661639099327
1;2.6;0.42844436581128331;-0.25775050962277779;0;0.25775058327885914;0.42844454876679561;0;0.5;-0.12500000282261023;0.49999999435477072;0.8749999777741663;0.26666661639099327
0;2.65;-0.44079108090703484;0.23601508688143083;0;-0.23601515452473185;-0.44079126901298071;0;0.5;-0.12500000287689129;0.4999999942462085;0.87499997743759895;0.26666661560505086
1;2.65;0.44079108090703484;-0.23601508688143083;0;0.23601515452473185;0.44079126901298071;0;0.5;-0.12500000287689129;0.4999999942462085;0.87499997743759895;0.26666661560505086
0;2.7;-0.45203604719248597;0.21368974898597204;0;-0.21368981024764216;-0.45203624008581306;0;0.5;-0.12500000293117236;0.49999999413764632;0.87499997712694325;0.26666661487070144
1;2.7;0.45203604719248597;-0.21368974898597204;0;0.21368981024764216;0.45203624008581306;0;0.5;-0.12500000293117236;0.49999999413764632;0.87499997712694325;0.26666661487070144
0;2.75;-0.46215115808158125;0.19083029768345119;0;-0.1908303522197517;-0.46215135537041352;0;0.5;-0.12500000298545336;0.49999999402908414;0.87499997684297568;0.26666661418949105
1;2.75;0.46215115808158125;-0.19083029768345119;0;0.1908303522197517;0.46215135537041352;0;0.5;-0.12500000298545336;0.49999999402908414;0.87499997684297568;0.26666661418949105
0;2.8;-0.47111113104034558;0.16749386972837355;0;-0.16749391722309867;-0.47111133230599267;0;0.5;-0.12500000303973445;0.49999999392052195;0.87499997658640603;0.26666661356283292
1;2.8;0.47111113104034558;-0.16749386972837355;0;0.16749391722309867;0.47111133230599267;0;0.5;-0.12500000303973445;0.49999999392052195;0.87499997658640603;0.26666661356283292
0;2.85;-0.47889357078022859;0.14373879407040982;0;-0.14373883423712702;-0.47889377557940915;0;0.5;-0.12500000309401549;0.49999999381195972;0.87499997635787559;0.26666661299200392
1;2.85;0.47889357078022859;-0.14373879407040982;0;0.14373883423712702;0.47889377557940915;0;0.5;-0.12500000309401549;0.49999999381195972;0.87499997635787559;0.26666661299200392
0;2.9;-0.48547902523482478;0.11962444606222362;0;-0.11962447864631343;-0.4854792331020864;0;0.5;-0.12500000314829662;0.49999999370339746;0.87499997615795557;0.26666661247814139
1;2.9;0.48547902523482478;-0.11962444606222362;0;0.11962447864631343;0.4854792331020864;0;0.5;-0.12500000314829662;0.49999999370339746;0.87499997615795557;0.26666661247814139
0;2.95;-0.49085103418005543;0.095211099051822151;0;-0.095211123832299835;-0.49085124463037144;0;0.5;-0.12500000320257773;0.49999999359483522;0.87499997598714565;0.26666661202224029
1;2.95;0.49085103418005543;-0.095211099051822151;0;0.095211123832299835;0.49085124463037144;0;0.5;-0.12500000320257773;0.49999999359483522;0.87499997598714565;0.26666661202224029
0;3;-0.49499617037628557;0.070559773730373671;0;-0.070559790521476956;-0.49499638290780817;0;0.5;-0.12500000325685879;0.49999999348627297;0.87499997584587276;0.26666661162515069
1;3;0.49499617037628557;-0.070559773730373671;0;0.070559790521476956;0.49499638290780817;0;0.5;-0.12500000325685879;0.49999999348627297;0.87499997584587276;0.26666661162515069
0;3.05;-0.49790407312954149;0.045732085612045274;0;-0.045732094264574308;-0.49790428722648844;0;0.5;-0.12500000331113991;0.49999999337771074;0.87499997573449003;0.26666661128757568
1;3.05;0.49790407312954149;-0.045732085612045274;0;0.045732094264574308;0.49790428722648844;0;0.5;-0.12500000331113991;0.49999999337771074;0.87499997573449003;0.26666661128757568
0;3.1;-0.49956747418794178;0.020790091027083672;0;-0.020790091429481818;-0.4995676893235933;0;0.5;-0.12500000336542104;0.49999999326914847;0.87499997565327585;0.26666661101006957
1;3.1;0.49956747418794178;-0.020790091027083672;0;0.020790091429481818;0.4995676893235933;0;0.5;-0.12500000336542104;0.49999999326914847;0.87499997565327585;0.26666661101006957
0;3.15;-0.49998221590861408;-0.0042038679869221031;0;0.0042038759077558611;-0.499982431548395;0;0.5;-0.12500000341970223;0.4999999931605862;0.87499997560243322;0.26666661079303655
1;3.15;0.49998221590861408;0.0042038679869221031;0;-0.0042038759077558611;0.499982431548395;0;0.5;-0.12500000341970223;0.4999999931605862;0.87499997560243322;0.26666661079303655
0;3.2;-0.49914726164968853;-0.029187319507903087;0;0.029187335786076851;-0.49914747725431058;0;0.5;-0.12500000347398331;0.49999999305202399;0.87499997558208918;0.26666661063672966
1;3.2;0.49914726164968853;0.029187319507903087;0;-0.029187335786076851;0.49914747725431058;0;0.5;-0.12500000347398331;0.49999999305202399;0.87499997558208918;0.26666661063672966
0;3.25;-0.49706469836139322;-0.054097817876819984;0;0.054097842507191046;-0.49706491339003134;0;0.5;-0.12500000352826444;0.49999999294346177;0.87499997559229462;0.26666661054125013
1;3.25;0.49706469836139322;0.054097817876819984;0;-0.054097842507191046;0.49706491339003134;0;0.5;-0.12500000352826444;0.49999999294346177;0.87499997559229462;0.26666661054125013
0;3.3;-0.49373973136977517;-0.078873099779530512;0;0.078873132717728653;-0.49373994528325171;0;0.5;-0.12500000358254556;0.49999999283489951;0.87499997563302403;0.26666661050654716
1;3.3;0.49373973136977517;0.078873099779530512;0;-0.078873132717728653;0.49373994528325171;0;0.5;-0.12500000358254556;0.49999999283489951;0.87499997563302403;0.26666661050654716
0;3.35;-0.48918067136608451;-0.10345123987288916;0;0.10345128103562035;-0.48918088363003503;0;0.5;-0.12500000363682672;0.49999999272633725;0.8749999757041756;0.26666661053241807
1;3.35;0.48918067136608451;0.10345123987288916;0;-0.10345128103562035;0.48918088363003503;0;0.5;-0.12500000363682672;0.49999999272633725;0.8749999757041756;0.26666661053241807
0;3.4;-0.48339891363434168;-0.12777080556609327;0;0.12777085483172038;-0.48339912372233662;0;0.5;-0.12500000369110785;0.49999999261777504;0.87499997580557148;0.26666661061850877
1;3.4;0.48339891363434168;0.12777080556609327;0;-0.12777085483172038;0.48339912372233662;0;0.5;-0.12500000369110785;0.49999999261777504;0.87499997580557148;0.26666661061850877
0;3.45;-0.47640890956900861;-0.15177101057040052;0;0.15177106777979549;-0.47640911696560484;0;0.5;-0.125000003745389;0.49999999250921279;0.87499997593695824;0.2666666107643146
1;3.45;0.47640890956900861;0.15177101057040052;0;-0.15177106777979549;0.47640911696560484;0;0.5;-0.125000003745389;0.49999999250921279;0.87499997593695824;0.2666666107643146
0;3.5;-0.46822813055395535;-0.17539186683342187;0;0.17539193179108092;-0.46822833475765291;0;0.5;-0.12500000379967014;0.49999999240065058;0.87499997609800748;0.26666661096918172
1;3.5;0.46822813055395535;0.17539186683342187;0;-0.17539193179108092;0.46822833475765291;0;0.5;-0.12500000379967014;0.49999999240065058;0.87499997609800748;0.26666661096918172
0;3.55;-0.45887702429300598;-0.19857433447823136;0;0.19857440695364276;-0.45887722481908638;0;0.5;-0.12500000385395135;0.49999999229208831;0.87499997628831668;0.26666661123230859
1;3.55;0.45887702429300598;0.19857433447823136;0;-0.19857440695364276;0.45887722481908638;0;0.5;-0.12500000385395135;0.49999999229208831;0.87499997628831668;0.26666661123230859
0;3.6;-0.44837896370121666;-0.22126046937252128;0;0.22126054910177298;-0.44837916008443962;0;0.5;-0.12500000390823249;0.49999999218352609;0.87499997650741013;0.26666661155274813
1;3.6;0.44837896370121666;0.22126046937252128;0;-0.22126054910177298;0.44837916008443962;0;0.5;-0.12500000390823249;0.49999999218352609;0.87499997650741013;0.26666661155274813
0;3.65;-0.43676018848463088;-0.24339356795895511;0;0.24339365464656726;-0.43676038028176833;0;0.5;-0.12500000396251371;0.49999999207496384;0.87499997675474024;0.26666661192940995
1;3.65;0.43676018848463088;0.24339356795895511;0;-0.24339365464656726;0.43676038028176833;0;0.5;-0.12500000396251371;0.49999999207496384;0.87499997675474024;0.26666661192940995
0;3.7;-0.42404973955453429;-0.26491830898471624;0;0.26491840230568164;-0.42404992634672189;0;0.5;-0.12500000401679487;0.4999999919664016;0.8749999770296888;0.26666661236106316
1;3.7;0.42404973955453429;0.26491830898471624;0;-0.26491840230568164;0.42404992634672189;0;0.5;-0.12500000401679487;0.4999999919664016;0.8749999770296888;0.26666661236106316
0;3.75;-0.41027938644013984;-0.28578089177600086;0;0.28578099137801499;-0.41027956783502778;0;0.5;-0.12500000407107608;0.49999999185783933;0.87499997733156859;0.2666666128463394
1;3.75;0.41027938644013984;0.28578089177600086;0;-0.28578099137801499;0.41027956783502778;0;0.5;-0.12500000407107608;0.49999999185783933;0.87499997733156859;0.2666666128463394
0;3.8;-0.39548354788113582;-0.30592917071183956;0;0.30592927621769961;-0.39548372351482303;0;0.5;-0.12500000412535729;0.49999999174927707;0.87499997765962505;0.26666661338373628
1;3.8;0.39548354788113582;0.30592917071183956;0;-0.30592927621769961;0.39548372351482303;0;0.5;-0.12500000412535729;0.49999999174927707;0.87499997765962505;0.26666661338373628
0;3.85;-0.37969920579857513;-0.32531278556113224;0;0.32531289657128348;-0.37969937533731263;0;0.5;-0.12500000417963848;0.49999999164071486;0.8749999780130382;0.26666661397162118
1;3.85;0.37969920579857513;0.32531278556113224;0;-0.32531289657128348;0.37969937533731263;0;0.5;-0.12500000417963848;0.49999999164071486;0.8749999780130382;0.26666661397162118
0;3.9;-0.36296581285913582;-0.34388328735711993;0;0.34388340345232676;-0.3629659760007875;0;0.5;-0.12500000423391968;0.49999999153215262;0.87499997839092472;0.26666661460823525
1;3.9;0.36296581285913582;0.34388328735711993;0;-0.34388340345232676;0.3629659760007875;0;0.5;-0.12500000423391968;0.49999999153215262;0.87499997839092472;0.26666661460823525
0;3.95;-0.34532519386379551;-0.36159425949467294;0;0.36159438023879059;-0.34532535033904699;0;0.5;-0.12500000428820089;0.49999999142359037;0.87499997879234009;0.26666661529169783
1;3.95;0.34532519386379551;0.36159425949467294;0;-0.36159438023879059;0.34532535033904699;0;0.5;-0.12500000428820089;0.49999999142359037;0.87499997879234009;0.26666661529169783
0;4;-0.32682144120739876;-0.37840143374771418;0;0.37840155869053638;-0.32682159078070672;0;0.5;-0.12500000434248211;0.49999999131502811;0.87499997921628097;0.26666661602001119
1;4;0.32682144120739876;0.37840143374771418;0;-0.37840155869053638;0.32682159078070672;0;0.5;-0.12500000434248211;0.49999999131502811;0.87499997921628097;0.26666661602001119
0;4.05;-0.30750080467041585;-0.39426280091679361;0;0.39426292959695142;-0.30750094714069354;0;0.5;-0.12500000439676332;0.49999999120646589;0.8749999796616877;0.26666661679106548
1;4.05;0.30750080467041585;0.39426280091679361;0;-0.39426292959695142;0.30750094714069354;0;0.5;-0.12500000439676332;0.49999999120646589;0.8749999796616877;0.26666661679106548
0;4.1;-0.28741157581835786;-0.40913871583025324;0;0.40913884777813903;-0.28741171101939417;0;0.5;-0.12500000445104453;0.49999999109790365;0.87499998012744704;0.26666661760264404
1;4.1;0.28741157581835786;0.40913871583025324;0;-0.40913884777813903;0.28741171101939417;0;0.5;-0.12500000445104453;0.49999999109790365;0.87499998012744704;0.26666661760264404
0;4.15;-0.2666039672977914;-0.42299199643653329;0;0.42299213117722528;-0.26660409509840416;0;0.5;-0.12500000450532574;0.49999999098934142;0.87499998061239481;0.2666666184524289
1;4.15;0.2666039672977914;0.42299199643653329;0;-0.42299213117722528;0.26660409509840416;0;0.5;-0.12500000450532574;0.49999999098934142;0.87499998061239481;0.2666666184524289
0;4.2;-0.24512998733065194;-0.43578801673994128;0;0.43578815379610286;-0.24513010763457788;0;0.5;-0.12500000455960699;0.4999999908807792;0.8749999811153189;0.26666661933800661
1;4.2;0.24512998733065194;0.43578801673994128;0;-0.43578815379610286;0.24513010763457788;0;0.5;-0.12500000455960699;0.4999999908807792;0.8749999811153189;0.26666661933800661
0;4.25;-0.22304330972055655;-0.44749479334759279;0;0.44749493224232212;-0.22304342246608314;0;0.5;-0.12500000461388817;0.49999999077221699;0.87499998163496225;0.26666662025687425
1;4.25;0.22304330972055655;0.44749479334759279;0;-0.44749493224232212;0.22304342246608314;0;0.5;-0.12500000461388817;0.49999999077221699;0.87499998163496225;0.26666662025687425
0;4.3;-0.20039913969603426;-0.45808306541120236;0;0.45808320567080829;-0.20039924485538091;0;0.5;-0.12500000466816939;0.49999999066365479;0.87499998217002603;0.26666662120644566
1;4.3;0.20039913969603426;0.45808306541120236;0;-0.45808320567080829;0.20039924485538091;0;0.5;-0.12500000466816939;0.49999999066365479;0.87499998217002603;0.26666662120644566
0;4.35;-0.17725407592599793;-0.46752636776391232;0;0.46752650892059333;-0.17725417350445646;0;0.5;-0.12500000472245064;0.49999999055509258;0.87499998271917286;0.26666662218405799
1;4.35;0.17725407592599793;0.46752636776391232;0;-0.46752650892059333;0.17725417350445646;0;0.5;-0.12500000472245064;0.49999999055509258;0.87499998271917286;0.26666662218405799
0;4.4;-0.15366596905234878;-0.47580109706935603;0;0.47580123866376078;-0.15366605908719505;0;0.5;-0.12500000477673183;0.49999999044653038;0.87499998328103014;0.26666662318697827
1;4.4;0.15366596905234878;0.47580109706935603;0;-0.47580123866376078;0.15366605908719505;0;0.5;-0.12500000477673183;0.49999999044653038;0.87499998328103014;0.26666662318697827
0;4.45;-0.12969377709331001;-0.48288657081761882;0;0.48288671240126718;-0.12969385965250074;0;0.5;-0.12500000483101304;0.4999999903379682;0.87499998385419354;0.2666666242124103
1;4.45;0.12969377709331001;0.48288657081761882;0;-0.48288671240126718;0.12969385965250074;0;0.5;-0.12500000483101304;0.4999999903379682;0.87499998385419354;0.2666666242124103
0;4.5;-0.1053974180789074;-0.48876507902063815;0;0.48876522015818408;-0.10539749325957808;0;0.5;-0.12500000488529426;0.49999999022940604;0.87499998443723045;0.26666662525750158
1;4.5;0.1053974180789074;0.48876507902063815;0;-0.48876522015818408;0.10539749325957808;0;0.5;-0.12500000488529426;0.49999999022940604;0.87499998443723045;0.26666662525750158
0;4.55;-0.080837620286932629;-0.49342192847783278;0;0.49342206874915179;-0.080837688213714218;0;0.5;-0.12500000493957543;0.49999999012084389;0.87499998502868357;0.26666662631935051
1;4.55;0.080837620286932629;0.49342192847783278;0;-0.49342206874915179;0.080837688213714218;0;0.5;-0.12500000493957543;0.49999999012084389;0.87499998502868357;0.26666662631935051
0;4.6;-0.05607577045372282;-0.49684547950132141;0;0.49684561850340714;-0.05607583127689645;0;0.5;-0.12500000499385662;0.49999999001228173;0.87499998562707458;0.26666662739501357
1;4.6;0.05607577045372282;0.49684547950132141;0;-0.49684561850340714;0.05607583127689645;0;0.5;-0.12500000499385662;0.49999999001228173;0.87499998562707458;0.26666662739501357
0;4.65;-0.031173760339151358;-0.49902717500893823;0;0.49902731235759484;-0.031173814232661443;0;0.5;-0.12500000504813785;0.49999998990371956;0.87499998623090783;0.2666666284815127
1;4.65;0.031173760339151358;0.49902717500893823;0;-0.49902731235759484;0.031173814232661443;0;0.5;-0.12500000504813785;0.49999998990371956;0.87499998623090783;0.2666666284815127
0;4.7;-0.006193832029338469;-0.4999615619123296;0;0.49996169724364886;-0.0061938791886860071;0;0.5;-0.12500000510241907;0.49999998979515735;0.87499998683867405;0.26666662957584279
1;4.7;0.006193832029338469;0.4999615619123296;0;-0.49996169724364886;0.0061938791886860071;0;0.5;-0.12500000510241907;0.49999998979515735;0.87499998683867405;0.26666662957584279
0;4.75;0.018801577636254983;-0.49964630474667454;0;0.49964643771828848;0.01880153699621637;0;0.5;-0.12500000515670027;0.49999998968659518;0.87499998744885412;0.26666663067497917
1;4.75;-0.018801577636254983;0.49964630474667454;0;-0.49964643771828848;-0.01880153699621637;0;0.5;-0.12500000515670027;0.49999998968659518;0.87499998744885412;0.26666663067497917
0;4.8;0.043749993124498635;-0.49808219150796307;0;0.49808232180006606;0.043749958771840708;0;0.5;-0.12500000521098143;0.49999998957803305;0.8749999880599229;0.26666663177588512
1;4.8;-0.043749993124498635;0.49808219150796307;0;-0.49808232180006606;-0.043749958771840708;0;0.5;-0.12500000521098143;0.49999998957803305;0.8749999880599229;0.26666663177588512
0;4.85;0.068589056364960432;-0.49527313168324472;0;0.49527325899938018;0.068589028053008608;0;0.5;-0.12500000526526265;0.4999999894694709;0.87499998867035306;0.2666666328755195
1;4.85;-0.068589056364960432;0.49527313168324472;0;-0.49527325899938018;-0.068589028053008608;0;0.5;-0.12500000526526265;0.4999999894694709;0.87499998867035306;0.2666666328755195
0;4.9;0.093256682612661193;-0.49122614647877183;0;0.49122627054638213;0.093256660082349271;0;0.5;-0.12500000531954382;0.49999998936090877;0.87499998927861883;0.26666663397084439
1;4.9;-0.093256682612661193;0.49122614647877183;0;-0.49122627054638213;-0.093256660082349271;0;0.5;-0.12500000531954382;0.49999998936090877;0.87499998927861883;0.26666663397084439
0;4.95;0.11769121562764025;-0.48595135127046396;0;0.48595147184120407;0.11769119860986767;0;0.5;-0.12500000537382505;0.49999998925234661;0.87499998988319989;0.26666663505883257
1;4.95;-0.11769121562764025;0.48595135127046396;0;-0.48595147184120407;-0.11769119860986767;0;0.5;-0.12500000537382505;0.49999998925234661;0.87499998988319989;0.26666663505883257
0;5;0.14183158178346408;-0.47946193032056034;0;0.47946204717037805;0.14183157000143221;0;0.5;-0.12500000542810622;0.49999998914378451;0.87499999048258505;0.26666663613647523
1;5;-0.14183158178346408;0.47946193032056034;0;-0.47946204717037805;-0.14183157000143221;0;0.5;-0.12500000542810622;0.49999998914378451;0.87499999048258505;0.26666663613647523
0;5.05;0.16561744271948739;-0.47177410382365664;0;0.47177421675264475;0.16561743589099159;0;0.5;-0.12500000548238742;0.49999998903522238;0.87499999107527622;0.26666663720078937
1;5.05;-0.16561744271948739;0.47177410382365664;0;-0.47177421675264475;-0.16561743589099159;0;0.5;-0.12500000548238742;0.49999998903522238;0.87499999107527622;0.26666663720078937
0;5.1;0.18898934615531573;-0.46290708736449621;0;0.46290719619652432;0.18898934399497125;0;0.5;-0.12500000553666858;0.49999998892666026;0.87499999165979195;0.26666663824882534
1;5.1;-0.18898934615531573;0.46290708736449621;0;-0.46290719619652432;-0.18898934399497125;0;0.5;-0.12500000553666858;0.49999998892666026;0.87499999165979195;0.26666663824882534
0;5.15;0.21188887449051294;-0.4528830438888512;0;0.45288314847098682;0.21188887671189283;0;0.5;-0.12500000559094975;0.49999998881809813;0.87499999223467126;0.26666663927767413
1;5.15;-0.21188887449051294;0.4528830438888512;0;-0.45288314847098682;-0.21188887671189283;0;0.5;-0.12500000559094975;0.49999998881809813;0.87499999223467126;0.26666663927767413
0;5.2;0.23425879081813206;-0.44172702830754346;0;0.44172712850927415;0.23425879713579736;0;0.5;-0.1250000056452309;0.49999998870953603;0.87499999279847724;0.26666664028447474
1;5.2;-0.23425879081813206;0.44172702830754346;0;-0.44172712850927415;-0.23425879713579736;0;0.5;-0.1250000056452309;0.49999998870953603;0.87499999279847724;0.26666664028447474
0;5.25;0.25604318198711312;-0.42946692487206722;0;0.42946702058433772;0.25604319211851634;0;0.5;-0.12500000569951208;0.49999998860097393;0.8749999933498007;0.26666664126642126
1;5.25;-0.25604318198711312;0.42946692487206722;0;-0.42946702058433772;-0.25604319211851634;0;0.5;-0.12500000569951208;0.49999998860097393;0.8749999933498007;0.26666664126642126
0;5.3;0.27718759835596724;-0.41613337747834367;0;0.41613346861242362;0.27718761202321196;0;0.5;-0.12500000575379322;0.49999998849241181;0.87499999388726361;0.26666664222076988
1;5.3;-0.27718759835596724;0.41613337747834367;0;-0.41613346861242362;-0.27718761202321196;0;0.5;-0.12500000575379322;0.49999998849241181;0.87499999388726361;0.26666664222076988
0;5.35;0.29763918988843696;-0.40175971307281277;0;0.40175979955901181;0.29763920681987815;0;0.5;-0.12500000580807441;0.49999998838384966;0.87499999440952259;0.26666664314484579
1;5.35;-0.29763918988843696;0.40175971307281277;0;-0.40175979955901181;-0.29763920681987815;0;0.5;-0.12500000580807441;0.49999998838384966;0.87499999440952259;0.26666664314484579
0;5.4;0.31734683825096577;-0.38638185835230837;0;0.38638194013855764;0.31734685818263714;0;0.5;-0.12500000586235551;0.49999998827528758;0.87499999491527224;0.26666664403604986
1;5.4;-0.31734683825096577;0.38638185835230837;0;-0.38638194013855764;-0.31734685818263714;0;0.5;-0.12500000586235551;0.49999998827528758;0.87499999491527224;0.26666664403604986
0;5.45;0.33626128458180315;-0.37003824996592438;0;0.37003832701624378;0.33626130725866016;0;0.5;-0.12500000591663668;0.49999998816672552;0.87499999540324847;0.2666666448918651
1;5.45;-0.33626128458180315;0.37003824996592438;0;-0.37003832701624378;-0.33626130725866016;0;0.5;-0.12500000591663668;0.49999998816672552;0.87499999540324847;0.2666666448918651
0;5.5;0.35433525261239113;-0.35276973844332132;0;0.35276981073619379;0.35433527778936003;0;0.5;-0.12500000597091778;0.49999998805816344;0.8749999958722316;0.26666664570986296
1;5.5;-0.35433525261239113;0.35276973844332132;0;-0.35276981073619379;-0.35433527778936003;0;0.5;-0.12500000597091778;0.49999998805816344;0.8749999958722316;0.26666664570986296
0;5.55;0.37152356683329368;-0.33461948608960351;0;0.33461955361627749;0.37152359427611953;0;0.5;-0.1250000060251989;0.49999998794960136;0.87499999632104942;0.26666664648770947
1;5.55;-0.37152356683329368;0.33461948608960351;0;-0.33461955361627749;-0.37152359427611953;0;0.5;-0.1250000060251989;0.49999998794960136;0.87499999632104942;0.26666664648770947
0;5.6;0.38778326540931812;-0.31563285910197608;0;0.31563292186471881;0.38778329489520674;0;0.5;-0.12500000607948005;0.4999999878410393;0.8749999967485801;0.26666664722317095
1;5.6;-0.38778326540931812;0.31563285910197608;0;-0.31563292186471881;-0.38778329489520674;0;0.5;-0.12500000607948005;0.4999999878410393;0.8749999967485801;0.26666664722317095
0;5.65;0.40307370756160038;-0.29585731417783551;0;0.29585737218815894;0.40307373887965181;0;0.5;-0.12500000613376117;0.4999999877324772;0.87499999715375508;0.26666664791411969
1;5.65;-0.40307370756160038;0.29585731417783551;0;-0.29585737218815894;-0.40307373887965181;0;0.5;-0.12500000613376117;0.4999999877324772;0.87499999715375508;0.26666664791411969
0;5.7;0.41735667514825736;-0.27534227989771326;0;0.27534233317459583;0.41735670809969039;0;0.5;-0.12500000618804231;0.49999998762391508;0.87499999753556161;0.26666664855853926
1;5.7;-0.41735667514825736;0.27534227989771326;0;-0.27534233317459583;-0.41735670809969039;0;0.5;-0.12500000618804231;0.49999998762391508;0.87499999753556161;0.26666664855853926
0;5.75;0.43059646818970865;-0.25413903317955427;0;0.25413908174768052;0.43059650258787857;0;0.5;-0.12500000624232339;0.49999998751535298;0.87499999789304538;0.26666664915452952
1;5.75;-0.43059646818970865;0.25413903317955427;0;-0.25413908174768052;-0.43059650258787857;0;0.5;-0.12500000624232339;0.49999998751535298;0.87499999789304538;0.26666664915452952
0;5.8;0.44275999409990607;-0.23230057111312932;0;0.23230061500116958;0.44276002977012008;0;0.5;-0.12500000629660449;0.49999998740679095;0.87499999822531282;0.26666664970031137
1;5.8;-0.44275999409990607;0.23230057111312932;0;-0.23230061500116958;-0.44276002977012008;0;0.5;-0.12500000629660449;0.49999998740679095;0.87499999822531282;0.26666664970031137
0;5.85;0.45381685040044084;-0.20988147849492877;0;0.20988151773388009;0.45381688717957758;0;0.5;-0.12500000635088556;0.49999998729822892;0.87499999853153347;0.26666665019423119
1;5.85;-0.45381685040044084;0.20988147849492877;0;-0.20988151773388009;-0.45381688717957758;0;0.5;-0.12500000635088556;0.49999998729822892;0.87499999853153347;0.26666665019423119
0;5.9;0.46373940071078795;-0.18693779139463026;0;0.18693782601623926;0.46373943844673016;0;0.5;-0.12500000640516664;0.4999999871896668;0.87499999881094199;0.26666665063476496
1;5.9;-0.46373940071078795;0.18693779139463026;0;-0.18693782601623926;-0.46373943844673016;0;0.5;-0.12500000640516664;0.4999999871896668;0.87499999881094199;0.26666665063476496
0;5.95;0.47250284382475322;-0.16352685709415285;0;0.16352688712943989;0.47250288237564431;0;0.5;-0.12500000645944775;0.49999998708110476;0.87499999906283993;0.26666665102052219
1;5.95;-0.47250284382475322;0.16352685709415285;0;-0.16352688712943989;-0.47250288237564431;0;0.5;-0.12500000645944775;0.49999998708110476;0.87499999906283993;0.26666665102052219
0;6;0.48008527570046872;-0.13970719074937579;0;0.13970721622727872;0.48008531493380602;0;0.5;-0.12500000651372884;0.49999998697254266;0.87499999928659772;0.26666665135024924
1;6;-0.48008527570046872;0.13970719074937579;0;-0.13970721622727872;-0.48008531493380602;0;0.5;-0.12500000651372884;0.49999998697254266;0.87499999928659772;0.26666665135024924
0;6.05;0.48646774420899608;-0.1155383291327923;0;0.11553835007894653;0.48646778400057561;0;0.5;-0.12500000656800994;0.49999998686398055;0.87499999948165608;0.2666666516228325
1;6.05;-0.48646774420899608;0.1155383291327923;0;-0.11553835007894653;-0.48646778400057561;0;0.5;-0.12500000656800994;0.49999998686398055;0.87499999948165608;0.2666666516228325
0;6.1;0.4916342965046952;-0.091080681822664128;0;0.091080698258333995;0.49163433673742396;0;0.5;-0.12500000662229099;0.49999998675541851;0.87499999964752743;0.26666665183730125
1;6.1;-0.4916342965046952;0.091080681822664128;0;-0.091080698258333995;-0.49163433673742396;0;0.5;-0.12500000662229099;0.49999998675541851;0.87499999964752743;0.26666665183730125
0;6.15;0.49557201889895819;-0.06639538021062541;0;0.066395392151800209;0.49557205946155197;0;0.5;-0.12500000667657202;0.49999998664685643;0.87499999978379722;0.26666665199282997
1;6.15;-0.49557201889895819;0.06639538021062541;0;-0.066395392151800209;-0.49557205946155197;0;0.5;-0.12500000667657202;0.49999998664685643;0.87499999978379722;0.26666665199282997
0;6.2;0.49827106913764641;-0.041544124705136673;0;0.041544132161802742;0.49827110992323204;0;0.5;-0.12500000673085309;0.49999998653829435;0.87499999989012483;0.26666665208874051
1;6.2;-0.49827106913764641;0.041544124705136673;0;-0.041544132161802742;-0.49827110992323204;0;0.5;-0.12500000673085309;0.49999998653829435;0.87499999989012483;0.26666665208874051
0;6.25;0.49972470100155386;-0.016589030512699471;0;0.016589033488297579;0.49972474190619626;0;0.5;-0.12500000678513413;0.49999998642973232;0.87499999996624448;0.26666665212450368
1;6.25;-0.49972470100155386;0.016589030512699471;0;-0.016589033488297579;-0.49972474190619626;0;0.5;-0.12500000678513413;0.49999998642973232;0.87499999996624448;0.26666665212450368
0;6.3;0.49992928116840979;0.0084075276177033951;0;-0.0084075291266282482;0.4999293220895844;0;0.5;-0.12500000683941517;0.49999998632117023;0.87500000001196595;0.26666665209974065
1;6.3;-0.49992928116840979;-0.0084075276177033951;0;0.0084075291266282482;-0.4999293220895844;0;0.5;-0.12500000683941517;0.49999998632117023;0.87500000001196595;0.26666665209974065
0;6.35;0.49888429829427455;0.033383071298885486;0;-0.033383077302836926;0.49888433912930713;0;0.5;-0.1250000068936962;0.49999998621260819;0.87500000002717492;0.26666665201422389
1;6.35;-0.49888429829427455;-0.033383071298885486;0;0.033383077302836926;-0.49888433912930713;0;0.5;-0.1250000068936962;0.49999998621260819;0.87500000002717492;0.26666665201422389
0;6.4;0.4965923642916299;0.058275174668774368;0;-0.058275185185257518;0.4965924049361255;0;0.5;-0.12500000694797722;0.49999998610404615;0.87500000001183339;0.2666666518678777
1;6.4;-0.4965923642916299;-0.058275174668774368;0;0.058275185185257518;-0.4965924049361255;0;0.5;-0.12500000694797722;0.49999998610404615;0.87500000001183339;0.2666666518678777
0;6.45;0.49305920780096979;0.083021620422443917;0;-0.0830216354757181;0.49305924814725327;0;0.5;-0.12500000700225821;0.4999999859954841;0.87499999996597972;0.26666665166077843
1;6.45;-0.49305920780096979;-0.083021620422443917;0;0.0830216354757181;-0.49305924814725327;0;0.5;-0.12500000700225821;0.4999999859954841;0.87499999996597972;0.26666665166077843
0;6.5;0.48829365987220891;0.10756055532286415;0;-0.10756057494349738;0.48829369980779902;0;0.5;-0.12500000705653923;0.49999998588692204;0.87499999988972851;0.26666665139315428
1;6.5;-0.48829365987220891;-0.10756055532286415;0;0.10756057494349738;-0.48829369980779902;0;0.5;-0.12500000705653923;0.49999998588692204;0.87499999988972851;0.26666665139315428
0;6.55;0.48230763189169779;0.13183064480167433;0;-0.13183066902590398;0.48230767129783664;0;0.5;-0.12500000711082019;0.49999998577836001;0.87499999978327034;0.26666665106538476
1;6.55;-0.48230763189169779;-0.13183064480167433;0;0.13183066902590398;-0.48230767129783664;0;0.5;-0.12500000711082019;0.49999998577836001;0.87499999978327034;0.26666665106538476
0;6.6;0.47511608581001497;0.15577122626355946;0;-0.15577125513246573;0.47511612456027419;0;0.5;-0.12500000716510124;0.49999998566979792;0.87499999964687134;0.26666665067799963
1;6.6;-0.47511608581001497;-0.15577122626355946;0;0.15577125513246573;-0.47511612456027419;0;0.5;-0.12500000716510124;0.49999998566979792;0.87499999964687134;0.26666665067799963
0;6.65;0.46673699674495089;0.17932246071105082;0;-0.1793224942695518;0.46673703470393507;0;0.5;-0.12500000721938223;0.49999998556123583;0.87499999948087239;0.26666665023167775
1;6.65;-0.46673699674495089;-0.17932246071105082;0;0.1793224942695518;-0.46673703470393507;0;0.5;-0.12500000721938223;0.49999998556123583;0.87499999948087239;0.26666665023167775
0;6.7;0.45719130805315561;0.20242548231076862;0;-0.20242552060644795;0.45719134507532228;0;0.5;-0.12500000727366325;0.49999998545267378;0.8749999992856884;0.26666664972724525
1;6.7;-0.45719130805315561;-0.20242548231076862;0;0.20242552060644795;-0.45719134507532228;0;0.5;-0.12500000727366325;0.49999998545267378;0.8749999992856884;0.26666664972724525
0;6.75;0.44650287898274676;0.22502254552727094;0;-0.22502258860905094;0.44650291491136151;0;0.5;-0.12500000732794422;0.4999999853441117;0.87499999906180725;0.2666666491656735
1;6.75;-0.44650287898274676;-0.22502254552727094;0;0.22502258860905094;-0.44650291491136151;0;0.5;-0.12500000732794422;0.4999999853441117;0.87499999906180725;0.2666666491656735
0;6.8;0.43469842503771855;0.24705716945675185;0;-0.24705721737342695;0.43469845970396215;0;0.5;-0.12500000738222516;0.49999998523554965;0.87499999880978851;0.26666664854807671
1;6.8;-0.43469842503771855;-0.24705716945675185;0;0.24705721737342695;-0.43469845970396215;0;0.5;-0.12500000738222516;0.49999998523554965;0.87499999880978851;0.26666664854807671
0;6.85;0.42180745120320778;0.26847427899983106;0;-0.26847433179847813;0.4218074844254503;0;0.5;-0.12500000743650617;0.49999998512698757;0.87499999853026212;0.26666664787570909
1;6.85;-0.42180745120320778;-0.26847427899983106;0;0.26847433179847813;-0.4218074844254503;0;0.5;-0.12500000743650617;0.49999998512698757;0.87499999853026212;0.26666664787570909
0;6.9;0.40786217819851828;0.2892203425205776;0;-0.28922040024486118;0.40786220978177429;0;0.5;-0.12500000749078714;0.49999998501842553;0.8749999982239267;0.26666664714996179
1;6.9;-0.40786217819851828;-0.2892203425205776;0;0.28922040024486118;-0.40786220978177429;0;0.5;-0.12500000749078714;0.49999998501842553;0.8749999982239267;0.26666664714996179
0;6.95;0.39289746194223085;0.30924350564769271;0;-0.30924356833608468;0.3928974916778068;0;0.5;-0.12500000754506814;0.49999998490986342;0.874999997891548;0.26666664637235934
1;6.95;-0.39289746194223085;-0.30924350564769271;0;0.30924356833608468;-0.3928974916778068;0;0.5;-0.12500000754506814;0.49999998490986342;0.874999997891548;0.26666664637235934
0;7;0.37695070643069301;0.32849372088341933;0;-0.32849378856735373;0.37695073409603685;0;0.5;-0.12500000759934909;0.49999998480130133;0.87499999753395673;0.26666664554455591
1;7;-0.37695070643069301;-0.32849372088341933;0;0.32849378856735373;-0.37695073409603685;0;0.5;-0.12500000759934909;0.49999998480130133;0.87499999753395673;0.26666664554455591
0;7.05;0.36006177024764485;0.34692287269622413;0;-0.34692294539820828;0.36006179560640511;0;0.5;-0.12500000765363004;0.49999998469273925;0.8749999971520467;0.26666664466833113
1;7.05;-0.36006177024764485;-0.34692287269622413;0;0.34692294539820828;-0.36006179560640511;0;0.5;-0.12500000765363004;0.49999998469273925;0.8749999971520467;0.26666664466833113
0;7.1;0.34227286693865716;0.36448489778458576;0;-0.36448497551629083;0.34227288974095649;0;0.5;-0.12500000770791102;0.49999998458417716;0.87499999674677249;0.26666664374558569
1;7.1;-0.34227286693865716;-0.36448489778458576;0;0.36448497551629083;-0.34227288974095649;0;0.5;-0.12500000770791102;0.49999998458417716;0.87499999674677249;0.26666664374558569
0;7.15;0.32362845949939145;0.38113590021129329;0;-0.38113598297164625;0.32362847948231804;0;0.5;-0.12500000776219198;0.49999998447561509;0.87499999631914707;0.26666664277833652
1;7.15;-0.32362845949939145;-0.38113590021129329;0;0.38113598297164625;-0.32362847948231804;0;0.5;-0.12500000776219198;0.49999998447561509;0.87499999631914707;0.26666664277833652
0;7.2;0.30417514924140537;0.39683426112047837;0;-0.39683434889377905;0.30417516612972229;0;0.5;-0.12500000781647296;0.49999998436705297;0.8749999958702393;0.26666664176871179
1;7.2;-0.30417514924140537;-0.39683426112047837;0;0.39683434889377905;-0.30417516612972229;0;0.5;-0.12500000781647296;0.49999998436705297;0.8749999958702393;0.26666664176871179
0;7.25;0.28396155931327871;0.41154074276314645;0;-0.41154083551723269;0.28396157282034956;0;0.5;-0.12500000787075392;0.49999998425849086;0.87499999540117117;0.26666664071894559
1;7.25;-0.28396155931327871;-0.41154074276314645;0;0.41154083551723269;-0.28396157282034956;0;0.5;-0.12500000787075392;0.49999998425849086;0.87499999540117117;0.26666664071894559
0;7.3;0.2630382131681952;0.42521858657119666;0;-0.4252186842556801;0.26303822299712165;0;0.5;-0.12500000792503486;0.49999998414992879;0.87499999491311513;0.26666663963137238
1;7.3;-0.2630382131681952;-0.42521858657119666;0;0.4252186842556801;-0.26303822299712165;0;0.5;-0.12500000792503486;0.49999998414992879;0.87499999491311513;0.26666663963137238
0;7.35;0.24145740828174586;0.43783360503479574;0;-0.43783370757939144;0.24145741412671085;0;0.5;-0.12500000797931584;0.49999998404136667;0.87499999440729107;0.26666663850842104
1;7.35;-0.24145740828174586;-0.43783360503479574;0;0.43783370757939144;-0.24145741412671085;0;0.5;-0.12500000797931584;0.49999998404136667;0.87499999440729107;0.26666663850842104
0;7.4;0.21927308543559246;0.44935426715346077;0;-0.44935437446643162;0.21927308698339976;0;0.5;-0.12500000803359674;0.49999998393280455;0.87499999388496328;0.26666663735260896
1;7.4;-0.21927308543559246;-0.44935426715346077;0;0.44935437446643162;-0.21927308698339976;0;0.5;-0.12500000803359674;0.49999998393280455;0.87499999388496328;0.26666663735260896
0;7.45;0.19654069389371159;0.45975177724726557;0;-0.45975188921400301;0.19654069082551109;0;0.5;-0.12500000808787774;0.49999998382424243;0.87499999334743731;0.26666663616653562
1;7.45;-0.19654069389371159;-0.45975177724726557;0;0.45975188921400301;-0.19654069082551109;0;0.5;-0.12500000808787774;0.49999998382424243;0.87499999334743731;0.26666663616653562
0;7.5;0.17331705280820758;0.46900014693118369;0;-0.46900026341294421;0.17331704480139279;0;0.5;-0.12500000814215868;0.49999998371568032;0.87499999279605669;0.26666663495287615
1;7.5;-0.17331705280820758;-0.46900014693118369;0;0.46900026341294421;-0.17331704480139279;0;0.5;-0.12500000814215868;0.49999998371568032;0.87499999279605669;0.26666663495287615
0;7.55;0.14966020920110584;0.47707626007266823;0;-0.47707638090548393;0.14966019593136851;0;0.5;-0.12500000819643962;0.49999998360711817;0.87499999223219959;0.26666663371437461
1;7.55;-0.14966020920110584;-0.47707626007266823;0;0.47707638090548393;-0.14966019593136851;0;0.5;-0.12500000819643962;0.49999998360711817;0.87499999223219959;0.26666663371437461
0;7.6;0.12562929287709698;0.48395993057010728;0;-0.48396005556388749;0.12562927402062185;0;0.5;-0.12500000825072061;0.49999998349855605;0.87499999165727534;0.26666663245383718
1;7.6;-0.12562929287709698;-0.48395993057010728;0;0.48396005556388749;-0.12562927402062185;0;0.5;-0.12500000825072061;0.49999998349855605;0.87499999165727534;0.26666663245383718
0;7.65;0.10128436862987307;0.4896339528077373;0;-0.48963408174557621;0.10128434386565388;0;0.5;-0.12500000830500154;0.49999998338999393;0.87499999107272096;0.26666663117412511
1;7.65;-0.10128436862987307;-0.4896339528077373;0;0.48963408174557621;-0.10128434386565388;0;0.5;-0.12500000830500154;0.49999998338999393;0.87499999107272096;0.26666663117412511
0;7.7;0.076686286111462124;0.49408414466090228;0;-0.49408427729860599;0.076686255123718822;0;0.5;-0.12500000835928251;0.49999998328143176;0.87499999047999754;0.26666662987814756
1;7.7;-0.076686286111462124;-0.49408414466090228;0;0.49408427729860599;-0.076686255123718822;0;0.5;-0.12500000835928251;0.49999998328143176;0.87499999047999754;0.26666662987814756
0;7.75;0.051896527739808483;0.4972993829441662;0;-0.49729951901001029;0.051896490220483836;0;0.5;-0.12500000841356351;0.49999998317286962;0.87499998988058656;0.26666662856885436
1;7.75;-0.051896527739808483;-0.4972993829441662;0;0.49729951901001029;-0.051896490220483836;0;0.5;-0.12500000841356351;0.49999998317286962;0.87499998988058656;0.26666662856885436
0;7.8;0.026977055024750177;0.49927163121367529;0;-0.4992717704084017;0.026977010676063184;0;0.5;-0.12500000846784444;0.49999998306430745;0.87499998927598625;0.26666662724922861
1;7.8;-0.026977055024750177;-0.49927163121367529;0;0.4992717704084017;-0.026977010676063184;0;0.5;-0.12500000846784444;0.49999998306430745;0.87499998927598625;0.26666662724922861
0;7.85;0.0019901536964976306;0.49999595985427697;0;-0.49999610185133719;0.0019901022335301441;0;0.5;-0.12500000852212542;0.49999998295574528;0.87499998866770779;0.26666662592227927
1;7.85;-0.0019901536964976306;-0.49999595985427697;0;0.49999610185133719;-0.0019901022335301441;0;0.5;-0.12500000852212542;0.49999998295574528;0.87499998866770779;0.26666662592227927
0;7.9;-0.023001721976288438;0.4994705584011862;0;-0.4994707028472351;-0.023001780822996185;0;0.5;-0.12500000857640641;0.49999998284718309;0.87499998805727157;0.26666662459103358
1;7.9;0.023001721976288438;-0.4994705584011862;0;0.4994707028472351;0.023001780822996185;0;0.5;-0.12500000857640641;0.49999998284718309;0.87499998805727157;0.26666662459103358
0;7.95;-0.047936105289696482;0.49769674006539988;0;-0.49769688658104205;-0.047936171771566102;0;0.5;-0.12500000863068735;0.49999998273862092;0.87499998744620333;0.26666662325852952
1;7.95;0.047936105289696482;-0.49769674006539988;0;0.49769688658104205;0.047936171771566102;0;0.5;-0.12500000863068735;0.49999998273862092;0.87499998744620333;0.26666662325852952
0;8;-0.07275067323886425;0.49467893845154592;0;-0.49467908663233406;-0.072750747586740119;0;0.5;-0.12500000868496838;0.49999998263005872;0.87499998683603047;0.26666662192780821
1;8;0.07275067323886425;-0.49467893845154592;0;0.49467908663233406;0.072750747586740119;0;0.5;-0.12500000868496838;0.49999998263005872;0.87499998683603047;0.26666662192780821
0;8.05;-0.097383402293125046;0.49042469647636927;0;-0.49042484589405161;-0.097383484714800669;0;0.5;-0.12500000873924934;0.49999998252149652;0.87499998622827806;0.26666662060190634
1;8.05;0.097383402293125046;-0.49042469647636927;0;0.49042484589405161;0.097383484714800669;0;0.5;-0.12500000873924934;0.49999998252149652;0.87499998622827806;0.26666662060190634
0;8.1;-0.12177272342264295;0.48494464751555039;0;-0.48494479771956189;-0.12177281410047738;0;0.5;-0.12500000879353029;0.49999998241293435;0.87499998562446518;0.26666661928384851
1;8.1;0.12177272342264295;-0.48494464751555039;0;0.48494479771956189;0.12177281410047738;0;0.5;-0.12500000879353029;0.49999998241293435;0.87499998562446518;0.26666661928384851
0;8.15;-0.14585767598905075;0.47825248882597815;0;-0.47825263934516737;-0.14585777507769898;0;0.5;-0.12500000884781132;0.49999998230437215;0.87499998502610105;0.26666661797663976
1;8.15;0.14585767598905075;-0.47825248882597815;0;0.47825263934516737;0.14585777507769898;0;0.5;-0.12500000884781132;0.49999998230437215;0.87499998502610105;0.26666661797663976
0;8.2;-0.16957806011544332;0.47036494730990541;0;-0.47036509765448709;-0.1695781677397239;0;0.5;-0.12500000890209232;0.49999998219580992;0.87499998443468128;0.26666661668325796
1;8.2;0.16957806011544332;-0.47036494730990541;0;0.47036509765448709;0.1695781677397239;0;0.5;-0.12500000890209232;0.49999998219580992;0.87499998443468128;0.26666661668325796
0;8.25;-0.19287458715488015;0.46130173770655758;0;-0.46130188737027827;-0.19287470340780205;0;0.5;-0.12500000895637332;0.4999999820872477;0.87499998385168409;0.26666661540664646
1;8.25;0.19287458715488015;-0.46130173770655758;0;0.46130188737027827;0.19287470340780205;0;0.5;-0.12500000895637332;0.4999999820872477;0.87499998385168409;0.26666661540664646
0;8.3;-0.2156890278813027;0.45108551331569158;0;-0.45108566177819381;-0.21568915282227274;0;0.5;-0.12500000901065431;0.49999998197868548;0.87499998327856668;0.26666661414970671
1;8.3;0.2156890278813027;-0.45108551331569158;0;0.45108566177819381;0.21568915282227274;0;0.5;-0.12500000901065431;0.49999998197868548;0.87499998327856668;0.26666661414970671
0;8.35;-0.23796435803246579;0.43974180937626922;0;-0.43974195610563754;-0.23796449168569564;0;0.5;-0.12500000906493533;0.49999998187012324;0.87499998271676154;0.26666661291529096
1;8.35;0.23796435803246579;-0.43974180937626922;0;0.43974195610563754;0.23796449168569564;0;0.5;-0.12500000906493533;0.49999998187012324;0.87499998271676154;0.26666661291529096
0;8.4;-0.2596449008410997;0.42729897924176752;0;-0.42729912369723771;-0.25964504319423065;0;0.5;-0.12500000911921637;0.49999998176156099;0.87499998216767291;0.26666661170619515
1;8.4;0.2596449008410997;-0.42729897924176752;0;0.42729912369723771;0.25964504319423065;0;0.5;-0.12500000911921637;0.49999998176156099;0.87499998216767291;0.26666661170619515
0;8.45;-0.28067646619804809;0.41378812351165295;0;-0.41378826514646422;-0.28067661720100961;0;0.5;-0.12500000917349738;0.49999998165299879;0.87499998163267318;0.26666661052515197
1;8.45;0.28067646619804809;-0.41378812351165295;0;0.41378826514646422;0.28067661720100961;0;0.5;-0.12500000917349738;0.49999998165299879;0.87499998163267318;0.26666661052515197
0;8.5;-0.30100648609954461;0.39924301229615305;0;-0.39924315056052134;-0.30100664566366048;0;0.5;-0.12500000922777843;0.49999998154443655;0.8749999811130996;0.26666660937482394
1;8.5;0.30100648609954461;-0.39924301229615305;0;0.39924315056052134;0.30100664566366048;0;0.5;-0.12500000922777843;0.49999998154443655;0.8749999811130996;0.26666660937482394
0;8.55;-0.32058414604007918;0.3837000008086221;0;-0.38370013515281121;-0.3205843140374332;0;0.5;-0.12500000928205947;0.49999998143587432;0.87499998061025085;0.26666660825779689
1;8.55;0.32058414604007918;-0.3837000008086221;0;0.38370013515281121;0.3205843140374332;0;0.5;-0.12500000928205947;0.49999998143587432;0.87499998061025085;0.26666660825779689
0;8.6;-0.33936051202243761;0.36719793849647481;0;-0.36719806837394148;-0.33936068828550886;0;0.5;-0.12500000933634048;0.49999998132731209;0.87499998012538376;0.26666660717657333
1;8.6;0.33936051202243761;-0.36719793849647481;0;0.36719806837394148;0.33936068828550886;0;0.5;-0.12500000933634048;0.49999998132731209;0.87499998012538376;0.26666660717657333
0;8.65;-0.35728865286745487;0.3497780719378133;0;-0.34977819680840044;-0.3572888371890291;0;0.5;-0.12500000939062152;0.49999998121874985;0.87499997965971027;0.26666660613356633
1;8.65;0.35728865286745487;-0.3497780719378133;0;0.34977819680840044;0.3572888371890291;0;0.5;-0.12500000939062152;0.49999998121874985;0.87499997965971027;0.26666660613356633
0;8.7;-0.37432375751776831;0.33148394174645424;0;-0.33148406107960704;-0.37432394965113097;0;0.5;-0.12500000944490255;0.4999999811101876;0.87499997921439431;0.26666660513109342
1;8.7;0.37432375751776831;-0.33148394174645424;0;0.33148406107960704;0.37432394965113097;0;0.5;-0.12500000944490255;0.4999999811101876;0.87499997921439431;0.26666660513109342
0;8.75;-0.39042324704237136;0.31236127374304001;0;-0.31236138702101823;-0.39042344670178403;0;0.5;-0.12500000949918363;0.49999998100162535;0.87499997879054894;0.26666660417137083
1;8.75;0.39042324704237136;-0.31236127374304001;0;0.31236138702101823;0.39042344670178403;0;0.5;-0.12500000949918363;0.49999998100162535;0.87499997879054894;0.26666660417137083
0;8.8;-0.40554688106201203;0.29245786466424917;0;-0.29245797138530932;-0.4055470879234726;0;0.5;-0.12500000955346469;0.49999998089306306;0.87499997838923356;0.26666660325650791
1;8.8;0.40554688106201203;-0.29245786466424917;0;0.29245797138530932;0.4055470879234726;0;0.5;-0.12500000955346469;0.49999998089306306;0.87499997838923356;0.26666660325650791
0;8.85;-0.41965685832942679;0.27182346269577379;0;-0.2718235623772951;-0.41965707203170999;0;0.5;-0.12500000960774578;0.49999998078450077;0.87499997801145124;0.26666660238850191
1;8.85;0.41965685832942679;-0.27182346269577379;0;0.2718235623772951;0.41965707203170999;0;0.5;-0.12500000960774578;0.49999998078450077;0.87499997801145124;0.26666660238850191
0;8.9;-0.43271791121300895;0.25050964312766949;0;-0.25050973530919712;-0.43271813135898246;0;0.5;-0.12500000966202685;0.49999998067593847;0.87499997765814625;0.26666660156923295
1;8.9;0.43271791121300895;-0.25050964312766949;0;0.25050973530919712;0.43271813135898246;0;0.5;-0.12500000966202685;0.49999998067593847;0.87499997765814625;0.26666660156923295
0;8.95;-0.44469739384775026;0.22856967944287537;0;-0.22856976368905579;-0.44469762000595836;0;0.5;-0.12500000971630795;0.49999998056737621;0.87499997733020164;0.26666660080045937
1;8.95;0.44469739384775026;-0.22856967944287537;0;0.22856976368905579;0.44469762000595836;0;0.5;-0.12500000971630795;0.49999998056737621;0.87499997733020164;0.26666660080045937
0;9;-0.45556536373312179;0.20605841016111612;0;-0.20605848606449989;-0.45556559543962644;0;0.5;-0.12500000977058899;0.49999998045881395;0.87499997702843713;0.26666660008381324
1;9;0.45556536373312179;-0.20605841016111612;0;0.20605848606449989;0.45556559543962644;0;0.5;-0.12500000977058899;0.49999998045881395;0.87499997702843713;0.26666660008381324
0;9.05;-0.46529465657394065;0.18303210177100804;0;-0.18303216895469632;-0.46529489333440754;0;0.5;-0.12500000982487013;0.49999998035025163;0.87499997675360699;0.26666659942079636
1;9.05;0.46529465657394065;-0.18303210177100804;0;0.18303216895469632;0.46529489333440754;0;0.5;-0.12500000982487013;0.49999998035025163;0.87499997675360699;0.26666659942079636
0;9.1;-0.47386095417715729;0.15954830809296858;0;-0.15954836621308111;-0.47386119546917194;0;0.5;-0.12500000987915125;0.4999999802416894;0.87499997650639809;0.2666665988127765
1;9.1;0.47386095417715729;-0.15954830809296858;0;0.15954836621308111;0.47386119546917194;0;0.5;-0.12500000987915125;0.4999999802416894;0.87499997650639809;0.2666665988127765
0;9.15;-0.48124284523485489;0.13566572642444974;0;-0.13566577517239342;-0.481243090510452;0;0.5;-0.12500000993343236;0.49999998013312709;0.87499997628742839;0.26666659826098394
1;9.15;0.48124284523485489;-0.13566572642444974;0;0.13566577517239342;0.481243090510452;0;0.5;-0.12500000993343236;0.49999998013312709;0.87499997628742839;0.26666659826098394
0;9.2;-0.48742187884153421;0.11144405082705904;0;-0.1114440899315778;-0.4874221275299217;0;0.5;-0.12500000998771343;0.49999998002456485;0.87499997609724515;0.26666659776650845
1;9.2;0.48742187884153421;-0.11144405082705904;0;0.1114440899315778;0.4874221275299217;0;0.5;-0.12500000998771343;0.49999998002456485;0.87499997609724515;0.26666659776650845
0;9.25;-0.49238261061191629;0.086943822922274913;0;-0.086943852151263823;-0.4923828621223732;0;0.5;-0.12500001004199459;0.49999997991600257;0.87499997593632377;0.26666659733029651
1;9.25;0.49238261061191629;-0.086943822922274913;0;0.086943852151263823;0.4923828621223732;0;0.5;-0.12500001004199459;0.49999997991600257;0.87499997593632377;0.26666659733029651
0;9.3;-0.49611264128399207;0.062226280568691644;0;-0.062226299730759674;-0.49611289500891842;0;0.5;-0.12500001009627576;0.49999997980744024;0.87499997580506647;0.26666659695314897
1;9.3;0.49611264128399207;-0.062226280568691644;0;0.062226299730759674;0.49611289500891842;0;0.5;-0.12500001009627576;0.49999997980744024;0.87499997580506647;0.26666659695314897
0;9.35;-0.49860264771082985;0.037353204799023251;0;-0.037353213744791718;-0.49860290302892485;0;0.5;-0.12500001015055685;0.49999997969887794;0.87499997570380131;0.2666665966357191
1;9.35;0.49860264771082985;-0.037353204799023251;0;0.037353213744791718;0.49860290302892485;0;0.5;-0.12500001015055685;0.49999997969887794;0.87499997570380131;0.2666665966357191
0;9.4;-0.49984640616367626;0.012386765399446135;0;-0.012386764022571981;-0.4998466624432204;0;0.5;-0.12500001020483804;0.49999997959031566;0.87499997563278138;0.26666659637851086
1;9.4;0.49984640616367626;-0.012386765399446135;0;0.012386764022571981;0.4998466624432204;0;0.5;-0.12500001020483804;0.49999997959031566;0.87499997563278138;0.26666659637851086
0;9.45;-0.49984080788810481;-0.012610634482746462;0;0.012610646244831049;-0.49984106449032012;0;0.5;-0.1250000102591192;0.49999997948175338;0.87499997559218421;0.26666659618187769
1;9.45;0.49984080788810481;0.012610634482746462;0;-0.012610646244831049;0.49984106449032012;0;0.5;-0.1250000102591192;0.49999997948175338;0.87499997559218421;0.26666659618187769
0;9.5;-0.49858586687432888;-0.037576514314776252;0;0.037576536480413841;-0.49858612315679107;0;0.5;-0.12500001031340028;0.49999997937319112;0.87499997558211127;0.26666659604602163
1;9.5;0.49858586687432888;0.037576514314776252;0;-0.037576536480413841;0.49858612315679107;0;0.5;-0.12500001031340028;0.49999997937319112;0.87499997558211127;0.26666659604602163
0;9.55;-0.49608471982225699;-0.062448472347438125;0;0.06244850489058909;-0.49608497514233302;0;0.5;-0.12500001036768147;0.49999997926462881;0.87499997560258775;0.2666665959709928
1;9.55;0.49608471982225699;0.062448472347438125;0;-0.06244850489058909;0.49608497514233302;0;0.5;-0.12500001036768147;0.49999997926462881;0.87499997560258775;0.2666665959709928
0;9.6;-0.49234361830137785;-0.087164341587241428;0;0.087164384437620951;-0.49234387201966184;0;0.5;-0.12500001042196264;0.49999997915606648;0.87499997565356247;0.2666665959566893
1;9.6;0.49234361830137785;0.087164341587241428;0;-0.087164384437620951;0.49234387201966184;0;0.5;-0.12500001042196264;0.49999997915606648;0.87499997565356247;0.2666665959566893
0;9.65;-0.48737191312507111;-0.11166234518178317;0;0.11166239822529053;-0.4873721646087919;0;0.5;-0.12500001047624382;0.49999997904750421;0.87499997573490799;0.26666659600285746
1;9.65;0.48737191312507111;0.11166234518178317;0;-0.11166239822529053;0.4873721646087919;0;0.5;-0.12500001047624382;0.49999997904750421;0.87499997573490799;0.26666659600285746
0;9.7;-0.48118203097840012;-0.13588125082996858;0;0.13588131390940453;-0.48118227960477383;0;0.5;-0.12500001053052504;0.49999997893894193;0.87499997584642101;0.26666659610909243
1;9.7;0.48118203097840012;0.13588125082996858;0;-0.13588131390940453;0.48118227960477383;0;0.5;-0.12500001053052504;0.49999997893894193;0.87499997584642101;0.26666659610909243
0;9.75;-0.47378944335780582;-0.1597605238311319;0;0.15976059674719739;-0.47378968851730752;0;0.5;-0.12500001058480619;0.49999997883037963;0.87499997598782282;0.26666659627483924
1;9.75;0.47378944335780582;0.1597605238311319;0;-0.15976059674719739;0.47378968851730752;0;0.5;-0.12500001058480619;0.49999997883037963;0.87499997598782282;0.26666659627483924
0;9.8;-0.46521262790033641;-0.18324047839051247;0;0.18324056090307961;-0.46521286899986586;0;0.5;-0.12500001063908741;0.49999997872181737;0.87499997615875994;0.26666659649939417
1;9.8;0.46521262790033641;0.18324047839051247;0;-0.18324056090307961;0.46521286899986586;0;0.5;-0.12500001063908741;0.49999997872181737;0.87499997615875994;0.26666659649939417
0;9.85;-0.45547302219907077;-0.20626242680289911;0;0.2062625186325428;-0.45547325866498772;0;0.5;-0.12500001069336857;0.49999997861325505;0.87499997635880517;0.26666659678190648
1;9.85;0.45547302219907077;0.20626242680289911;0;-0.2062625186325428;0.45547325866498772;0;0.5;-0.12500001069336857;0.49999997861325505;0.87499997635880517;0.26666659678190648
0;9.9;-0.44459497022017391;-0.22876882614155988;0;0.22876892697133655;-0.44459520150118031;0;0.5;-0.12500001074764978;0.49999997850469277;0.87499997658745847;0.26666659712138065
1;9.9;0.44459497022017391;0.22876882614155988;0;-0.22876892697133655;0.44459520150118031;0;0.5;-0.12500001074764978;0.49999997850469277;0.87499997658745847;0.26666659712138065
0;9.95;-0.4326056614555146;-0.25070342208580937;0;0.25070353156326686;-0.43260588702536235;0;0.5;-0.12500001080193105;0.49999997839613044;0.87499997684414835;0.2666665975166787
1;9.95;0.4326056614555146;0.25070342208580937;0;-0.25070353156326686;0.43260588702536235;0;0.5;-0.12500001080193105;0.49999997839613044;0.87499997684414835;0.2666665975166787
0;10;-0.41953506296293386;-0.27201138952771803;0;0.27201150726711903;-0.41953528232293807;0;0.5;-0.1250000108562122;0.49999997828756815;0.87499997712823319;0.26666659796652316
1;10;0.41953506296293386;0.27201138952771803;0;-0.27201150726711903;0.41953528232293807;0;0.5;-0.1250000108562122;0.49999997828756815;0.87499997712823319;0.26666659796652316
