# column style format: id;time;x;y;z;vx;vy;vz;mass;totalEnergy;totalSpecificAngularMomentum;rungeLenzVector;semiMajorAxis
# this file will be overwritten without any precaution
# used integrator was hermite
0;0;0.4999750002083323;0.0049999166670833435;0;-0.004999916667708334;0.49997500020832814;0;0.5;-0.12499999999999928;0.50000000000000141;0.87499999999999921;0.2666666666666666
1;0;-0.4999750002083323;-0.0049999166670833435;0;0.004999916667708334;-0.49997500020832814;0;0.5;-0.12499999999999928;0.50000000000000141;0.87499999999999921;0.2666666666666666
0;0.01;0.49990000333328194;0.0099993333466665141;0;-0.009999333347916535;0.49990000333327361;0;0.5;-0.12499999999999859;0.50000000000000278;0.87499999999999687;0.26666666666666341
1;0.01;-0.49990000333328194;-0.0099993333466665141;0;0.009999333347916535;-0.49990000333327361;0;0.5;-0.12499999999999859;0.50000000000000278;0.87499999999999687;0.26666666666666341
0;0.02;0.49977501687447395;0.014997750101247657;0;-0.014997750103122875;0.49977501687446146;0;0.5;-0.12499999999999791;0.50000000000000416;0.87499999999999297;0.26666666666665711
1;0.02;-0.49977501687447395;-0.014997750101247657;0;0.014997750103122875;-0.49977501687446146;0;0.5;-0.12499999999999791;0.50000000000000416;0.87499999999999297;0.26666666666665711
0;0.03;0.49960005333045004;0.019994667093316584;0;-0.019994667095817292;0.49960005333043339;0;0.5;-0.12499999999999725;0.50000000000000553;0.8749999999999875;0.26666666666664769
1;0.03;-0.49960005333045004;-0.019994667093316584;0;0.019994667095817292;-0.49960005333043339;0;0.5;-0.12499999999999725;0.50000000000000553;0.8749999999999875;0.26666666666664769
0;0.04;0.49937513019741886;0.024989584635338111;0;-0.024989584638464724;0.49937513019739799;0;0.5;-0.12499999999999654;0.50000000000000695;0.87499999999998047;0.26666666666663519
1;0.04;-0.49937513019741886;-0.024989584635338111;0;0.024989584638464724;-0.49937513019739799;0;0.5;-0.12499999999999654;0.50000000000000695;0.87499999999998047;0.26666666666663519
0;0.05;0.49910026996750623;0.029982003239720389;0;-0.029982003243473446;0.49910026996748108;0;0.5;-0.12499999999999583;0.50000000000000835;0.87499999999997187;0.26666666666661957
1;0.05;-0.49910026996750623;-0.029982003239720389;0;0.029982003243473446;-0.49910026996748108;0;0.5;-0.12499999999999583;0.50000000000000835;0.87499999999997187;0.26666666666661957
0;0.06;0.49877550012650601;0.034971423668763255;0;-0.034971423673143417;0.49877550012647659;0;0.5;-0.12499999999999517;0.50000000000000968;0.87499999999996174;0.26666666666660082
1;0.06;-0.49877550012650601;-0.034971423668763255;0;0.034971423673143417;-0.49877550012647659;0;0.5;-0.12499999999999517;0.50000000000000968;0.87499999999996174;0.26666666666660082
0;0.07;0.49840085315113181;0.039957346984581574;0;-0.03995734698958963;0.49840085315109794;0;0.5;-0.12499999999999448;0.50000000000001107;0.87499999999995004;0.266666666666579
1;0.07;-0.49840085315113181;-0.039957346984581574;0;0.03995734698958963;-0.49840085315109794;0;0.5;-0.12499999999999448;0.50000000000001107;0.87499999999995004;0.266666666666579
0;0.08;0.49797636650576882;0.044939274598998616;0;-0.044939274604635482;0.49797636650573046;0;0.5;-0.12499999999999376;0.50000000000001242;0.87499999999993679;0.26666666666655405
1;0.08;-0.49797636650576882;-0.044939274598998616;0;0.044939274604635482;-0.49797636650573046;0;0.5;-0.12499999999999376;0.50000000000001242;0.87499999999993679;0.26666666666655405
0;0.09;0.49750208263872792;0.049916708323404474;0;-0.049916708329671183;0.49750208263868489;0;0.5;-0.12499999999999309;0.50000000000001382;0.87499999999992197;0.26666666666652603
1;0.09;-0.49750208263872792;-0.049916708323404474;0;0.049916708329671183;-0.49750208263868489;0;0.5;-0.12499999999999309;0.50000000000001382;0.87499999999992197;0.26666666666652603
0;0.1;0.49697804897800052;0.054889150418574499;0;-0.054889150425472197;0.49697804897795267;0;0.5;-0.12499999999999237;0.50000000000001522;0.87499999999990559;0.26666666666649491
1;0.1;-0.49697804897800052;-0.054889150418574499;0;0.054889150425472197;-0.49697804897795267;0;0.5;-0.12499999999999237;0.50000000000001522;0.87499999999990559;0.26666666666649491
0;0.11;0.49640431792651596;0.059856103644442792;0;-0.059856103651972747;0.49640431792646311;0;0.5;-0.12499999999999171;0.50000000000001658;0.87499999999988766;0.26666666666646068
1;0.11;-0.49640431792651596;-0.059856103644442792;0;0.059856103651972747;-0.49640431792646311;0;0.5;-0.12499999999999171;0.50000000000001658;0.87499999999988766;0.26666666666646068
0;0.12;0.49578094685690133;0.064817071309825794;0;-0.064817071317989416;0.49578094685684321;0;0.5;-0.12499999999999098;0.50000000000001798;0.87499999999986818;0.26666666666642337
1;0.12;-0.49578094685690133;-0.064817071309825794;0;0.064817071317989416;-0.49578094685684321;0;0.5;-0.12499999999999098;0.50000000000001798;0.87499999999986818;0.26666666666642337
0;0.13;0.49510799810574407;0.069771557322091046;0;-0.069771557330889855;0.4951079981056804;0;0.5;-0.1249999999999903;0.50000000000001939;0.87499999999984713;0.26666666666638298
1;0.13;-0.49510799810574407;-0.069771557322091046;0;0.069771557330889855;-0.4951079981056804;0;0.5;-0.1249999999999903;0.50000000000001939;0.87499999999984713;0.26666666666638298
0;0.14;0.49438553896735848;0.074719066236765996;0;-0.074719066246201588;0.49438553896728887;0;0.5;-0.12499999999998962;0.50000000000002073;0.87499999999982458;0.26666666666633949
1;0.14;-0.49438553896735848;-0.074719066236765996;0;0.074719066246201588;-0.49438553896728887;0;0.5;-0.12499999999998962;0.50000000000002073;0.87499999999982458;0.26666666666633949
0;0.15;0.49361364168705635;0.07965910330708198;0;-0.079659103317156116;0.49361364168698041;0;0.5;-0.12499999999998897;0.50000000000002205;0.87499999999980048;0.26666666666629292
1;0.15;-0.49361364168705635;-0.07965910330708198;0;0.079659103317156116;-0.49361364168698041;0;0.5;-0.12499999999998897;0.50000000000002205;0.87499999999980048;0.26666666666629292
0;0.16;0.49279238345392246;0.08459117453344861;0;-0.08459117454416315;0.49279238345383974;0;0.5;-0.1249999999999883;0.50000000000002341;0.87499999999977482;0.26666666666624328
1;0.16;-0.49279238345392246;-0.08459117453344861;0;0.08459117454416315;-0.49279238345383974;0;0.5;-0.1249999999999883;0.50000000000002341;0.87499999999977482;0.26666666666624328
0;0.17;0.49192184639309572;0.08951478671285322;0;-0.089514786724210135;0.49192184639300568;0;0.5;-0.12499999999998764;0.50000000000002476;0.87499999999974763;0.26666666666619059
1;0.17;-0.49192184639309572;-0.08951478671285322;0;0.089514786724210135;-0.49192184639300568;0;0.5;-0.12499999999998764;0.50000000000002476;0.87499999999974763;0.26666666666619059
0;0.18;0.49100211755755674;0.094429447488180801;0;-0.094429447500182173;0.49100211755745882;0;0.5;-0.12499999999998695;0.50000000000002613;0.8749999999997189;0.26666666666613484
1;0.18;-0.49100211755755674;-0.094429447488180801;0;0.094429447500182173;-0.49100211755745882;0;0.5;-0.12499999999998695;0.50000000000002613;0.8749999999997189;0.26666666666613484
0;0.19;0.49003328891942266;0.09933466539744927;0;-0.099334665410097292;0.49003328891931619;0;0.5;-0.1249999999999862;0.50000000000002756;0.87499999999968861;0.26666666666607606
1;0.19;-0.49003328891942266;-0.09933466539744927;0;0.099334665410097292;-0.49003328891931619;0;0.5;-0.1249999999999862;0.50000000000002756;0.87499999999968861;0.26666666666607606
0;0.2;0.48901545736074986;0.10422994992295531;0;-0.10422994993625229;0.48901545736063412;0;0.5;-0.12499999999998552;0.50000000000002896;0.8749999999996568;0.26666666666601422
1;0.2;-0.48901545736074986;-0.10422994992295531;0;0.10422994993625229;-0.48901545736063412;0;0.5;-0.12499999999998552;0.50000000000002896;0.8749999999996568;0.26666666666601422
0;0.21;0.48794872466384603;0.10911481154032568;0;-0.10911481155427402;0.48794872466372025;0;0.5;-0.12499999999998478;0.50000000000003042;0.87499999999962344;0.26666666666594935
1;0.21;-0.48794872466384603;-0.10911481154032568;0;0.10911481155427402;-0.48794872466372025;0;0.5;-0.12499999999998478;0.50000000000003042;0.87499999999962344;0.26666666666594935
0;0.22;0.48683319750109183;0.11398876176746929;0;-0.11398876178207151;0.48683319750095516;0;0.5;-0.12499999999998411;0.50000000000003182;0.87499999999958858;0.26666666666588142
1;0.22;-0.48683319750109183;-0.11398876176746929;0;0.11398876178207151;-0.48683319750095516;0;0.5;-0.12499999999998411;0.50000000000003182;0.87499999999958858;0.26666666666588142
0;0.23;0.48566898742427395;0.11885131321342494;0;-0.11885131322868368;0.48566898742412545;0;0.5;-0.12499999999998338;0.50000000000003321;0.87499999999955219;0.26666666666581046
1;0.23;-0.48566898742427395;-0.11885131321342494;0;0.11885131322868368;-0.48566898742412545;0;0.5;-0.12499999999998338;0.50000000000003321;0.87499999999955219;0.26666666666581046
0;0.24;0.48445621085342988;0.1237019796271001;0;-0.12370197964301806;0.48445621085326857;0;0.5;-0.12499999999998267;0.50000000000003466;0.87499999999951427;0.2666666666657365
1;0.24;-0.48445621085342988;-0.1237019796271001;0;0.12370197964301806;-0.48445621085326857;0;0.5;-0.12499999999998267;0.50000000000003466;0.87499999999951427;0.2666666666657365
0;0.25;0.48319498906520603;0.12854027594589548;0;-0.1285402759624755;0.48319498906503072;0;0.5;-0.12499999999998195;0.50000000000003604;0.87499999999947486;0.2666666666656595
1;0.25;-0.48319498906520603;-0.12854027594589548;0;0.1285402759624755;-0.48319498906503072;0;0.5;-0.12499999999998195;0.50000000000003604;0.87499999999947486;0.2666666666656595
0;0.26;0.48188544818073015;0.1333657183442111;0;-0.13336571836145605;0.48188544818053969;0;0.5;-0.12499999999998131;0.50000000000003742;0.87499999999943394;0.2666666666655795
1;0.26;-0.48188544818073015;-0.1333657183442111;0;0.13336571836145605;-0.48188544818053969;0;0.5;-0.12499999999998131;0.50000000000003742;0.87499999999943394;0.2666666666655795
0;0.27;0.48052771915299941;0.13817782428182818;0;-0.13817782429974113;0.48052771915279252;0;0.5;-0.12499999999998057;0.50000000000003883;0.8749999999993915;0.2666666666654965
1;0.27;-0.48052771915299941;-0.13817782428182818;0;0.13817782429974113;-0.48052771915279252;0;0.5;-0.12499999999998057;0.50000000000003883;0.8749999999993915;0.2666666666654965
0;0.28;0.47912193775378509;0.14297611255216297;0;-0.14297611257074699;0.47912193775356038;0;0.5;-0.12499999999997991;0.50000000000004019;0.87499999999934758;0.26666666666541049
1;0.28;-0.47912193775378509;-0.14297611255216297;0;0.14297611257074699;-0.47912193775356038;0;0.5;-0.12499999999997991;0.50000000000004019;0.87499999999934758;0.26666666666541049
0;0.29;0.47766824456005569;0.14776010333038692;0;-0.14776010334964523;0.47766824455981161;0;0.5;-0.12499999999997921;0.50000000000004162;0.87499999999930214;0.26666666666532154
1;0.29;-0.47766824456005569;-0.14776010333038692;0;0.14776010334964523;-0.47766824455981161;0;0.5;-0.12499999999997921;0.50000000000004162;0.87499999999930214;0.26666666666532154
0;0.3;0.47616678493991899;0.15252931822140875;0;-0.15252931824134466;0.47616678493965403;0;0.5;-0.12499999999997854;0.50000000000004296;0.87499999999925523;0.26666666666522957
1;0.3;-0.47616678493991899;-0.15252931822140875;0;0.15252931824134466;-0.47616678493965403;0;0.5;-0.12499999999997854;0.50000000000004296;0.87499999999925523;0.26666666666522957
0;0.31;0.47461770903808587;0.15728328030771363;0;-0.15728328032833053;0.47461770903779832;0;0.5;-0.12499999999997783;0.50000000000004434;0.87499999999920682;0.26666666666513465
1;0.31;-0.47461770903808587;-0.15728328030771363;0;0.15728328032833053;-0.47461770903779832;0;0.5;-0.12499999999997783;0.50000000000004434;0.87499999999920682;0.26666666666513465
0;0.32;0.47302117176085556;0.16202151419705446;0;-0.16202151421835576;0.47302117176054365;0;0.5;-0.12499999999997715;0.50000000000004573;0.87499999999915692;0.26666666666503678
1;0.32;-0.47302117176085556;-0.16202151419705446;0;0.16202151421835576;-0.47302117176054365;0;0.5;-0.12499999999997715;0.50000000000004573;0.87499999999915692;0.26666666666503678
0;0.33;0.47137733276062538;0.16674354606999076;0;-0.16674354609197997;0.47137733276028709;0;0.5;-0.1249999999999764;0.50000000000004715;0.87499999999910554;0.266666666664936
1;0.33;-0.47137733276062538;-0.16674354606999076;0;0.16674354609197997;-0.47137733276028709;0;0.5;-0.1249999999999764;0.50000000000004715;0.87499999999910554;0.266666666664936
0;0.34;0.46968635641992534;0.17144890372727009;0;-0.17144890374995089;0.46968635641955875;0;0.5;-0.12499999999997573;0.50000000000004857;0.87499999999905268;0.26666666666483226
1;0.34;-0.46968635641992534;-0.17144890372727009;0;0.17144890374995089;-0.46968635641955875;0;0.5;-0.12499999999997573;0.50000000000004857;0.87499999999905268;0.26666666666483226
0;0.35;0.46794841183498037;0.17613711663704781;0;-0.17613711666042389;0.46794841183458336;0;0.5;-0.124999999999975;0.50000000000004999;0.87499999999899835;0.26666666666472559
1;0.35;-0.46794841183498037;-0.17613711663704781;0;0.17613711666042389;-0.46794841183458336;0;0.5;-0.124999999999975;0.50000000000004999;0.87499999999899835;0.26666666666472559
0;0.36;0.46616367279880072;0.18080771598193968;0;-0.18080771600601478;0.4661636727983709;0;0.5;-0.12499999999997429;0.5000000000000514;0.87499999999894258;0.26666666666461604
1;0.36;-0.46616367279880072;-0.18080771598193968;0;0.18080771600601478;-0.4661636727983709;0;0.5;-0.12499999999997429;0.5000000000000514;0.87499999999894258;0.26666666666461604
0;0.37;0.46433231778380257;0.18546023470590325;0;-0.18546023473068121;0.46433231778333761;0;0.5;-0.12499999999997363;0.50000000000005274;0.87499999999888537;0.26666666666450356
1;0.37;-0.46433231778380257;-0.18546023470590325;0;0.18546023473068121;-0.46433231778333761;0;0.5;-0.12499999999997363;0.50000000000005274;0.87499999999888537;0.26666666666450356
0;0.38;0.46245452992396135;0.19009420756094311;0;-0.19009420758642784;0.46245452992345876;0;0.5;-0.12499999999997292;0.50000000000005412;0.87499999999882669;0.2666666666643882
1;0.38;-0.46245452992396135;-0.19009420756094311;0;0.19009420758642784;-0.46245452992345876;0;0.5;-0.12499999999997292;0.50000000000005412;0.87499999999882669;0.2666666666643882
0;0.39;0.46053049699649817;0.19470917115363531;0;-0.19470917117983075;0.46053049699595533;0;0.5;-0.12499999999997226;0.50000000000005552;0.87499999999876656;0.26666666666426996
1;0.39;-0.46053049699649817;-0.19470917115363531;0;0.19470917117983075;-0.46053049699595533;0;0.5;-0.12499999999997226;0.50000000000005552;0.87499999999876656;0.26666666666426996
0;0.4;0.45856041140310239;0.19930466399146626;0;-0.19930466401837646;0.45856041140251652;0;0.5;-0.12499999999997155;0.50000000000005691;0.87499999999870499;0.26666666666414886
1;0.4;-0.45856041140310239;-0.19930466399146626;0;0.19930466401837646;-0.45856041140251652;0;0.5;-0.12499999999997155;0.50000000000005691;0.87499999999870499;0.26666666666414886
0;0.41;0.45654447015069155;0.20388022652898166;0;-0.2038802265566107;0.45654447015005983;0;0.5;-0.12499999999997081;0.50000000000005835;0.87499999999864197;0.26666666666402491
1;0.41;-0.45654447015069155;-0.20388022652898166;0;0.2038802265566107;-0.45654447015005983;0;0.5;-0.12499999999997081;0.50000000000005835;0.87499999999864197;0.26666666666402491
0;0.42;0.45448287483171096;0.20843540121374057;0;-0.20843540124209262;0.45448287483103028;0;0.5;-0.12499999999997015;0.50000000000005974;0.87499999999857755;0.26666666666389812
1;0.42;-0.45448287483171096;-0.20843540121374057;0;0.20843540124209262;-0.45448287483103028;0;0.5;-0.12499999999997015;0.50000000000005974;0.87499999999857755;0.26666666666389812
0;0.43;0.45237583160397443;0.21296973253207041;0;-0.21296973256114965;0.45237583160324168;0;0.5;-0.12499999999996945;0.50000000000006113;0.8749999999985117;0.26666666666376849
1;0.43;-0.45237583160397443;-0.21296973253207041;0;0.21296973256114965;-0.45237583160324168;0;0.5;-0.12499999999996945;0.50000000000006113;0.8749999999985117;0.26666666666376849
0;0.44;0.45022355117004892;0.21748276705461786;0;-0.21748276708442851;0.45022355116926077;0;0.5;-0.12499999999996871;0.50000000000006259;0.87499999999844441;0.26666666666363608
1;0.44;-0.45022355117004892;-0.21748276705461786;0;0.21748276708442851;-0.45022355116926077;0;0.5;-0.12499999999996871;0.50000000000006259;0.87499999999844441;0.26666666666363608
0;0.45;0.44802624875618413;0.22197405348169139;0;-0.22197405351223773;0.44802624875533714;0;0.5;-0.12499999999996803;0.50000000000006399;0.87499999999837575;0.26666666666350086
1;0.45;-0.44802624875618413;-0.22197405348169139;0;0.22197405351223773;-0.44802624875533714;0;0.5;-0.12499999999996803;0.50000000000006399;0.87499999999837575;0.26666666666350086
0;0.46;0.44578414409079037;0.22644314268839086;0;-0.22644314271967725;0.44578414408988098;0;0.5;-0.12499999999996733;0.50000000000006538;0.87499999999830568;0.26666666666336283
1;0.46;-0.44578414409079037;-0.22644314268839086;0;0.22644314271967725;-0.44578414408988098;0;0.5;-0.12499999999996733;0.50000000000006538;0.87499999999830568;0.26666666666336283
0;0.47;0.44349746138246571;0.23088958776951979;0;-0.23088958780155058;0.44349746138149021;0;0.5;-0.12499999999996663;0.50000000000006678;0.87499999999823422;0.26666666666322204
1;0.47;-0.44349746138246571;-0.23088958776951979;0;0.23088958780155058;-0.44349746138149021;0;0.5;-0.12499999999996663;0.50000000000006678;0.87499999999823422;0.26666666666322204
0;0.48;0.44116642929757538;0.23531294408427528;0;-0.23531294411705489;0.44116642929652994;0;0.5;-0.12499999999996588;0.50000000000006819;0.87499999999816137;0.26666666666307848
1;0.48;-0.44116642929757538;-0.23531294408427528;0;0.23531294411705489;-0.44116642929652994;0;0.5;-0.12499999999996588;0.50000000000006819;0.87499999999816137;0.26666666666307848
0;0.49;0.43879128093738534;0.23971276930071184;0;-0.23971276933424471;0.4387912809362659;0;0.5;-0.12499999999996523;0.50000000000006956;0.87499999999808715;0.26666666666293217
1;0.49;-0.43879128093738534;-0.23971276930071184;0;0.23971276933424471;-0.4387912809362659;0;0.5;-0.12499999999996523;0.50000000000006956;0.87499999999808715;0.26666666666293217
0;0.5;0.43637225381475225;0.24408862343997423;0;-0.24408862347426483;0.43637225381355471;0;0.5;-0.12499999999996455;0.50000000000007094;0.87499999999801156;0.26666666666278312
1;0.5;-0.43637225381475225;-0.24408862343997423;0;0.24408862347426483;-0.43637225381355471;0;0.5;-0.12499999999996455;0.50000000000007094;0.87499999999801156;0.26666666666278312
0;0.51;0.43390958983037253;0.24844006892029497;0;-0.24844006895534776;0.43390958982909256;0;0.5;-0.12499999999996381;0.50000000000007234;0.87499999999793459;0.26666666666263137
1;0.51;-0.43390958983037253;-0.24844006892029497;0;0.24844006895534776;-0.43390958982909256;0;0.5;-0.12499999999996381;0.50000000000007234;0.87499999999793459;0.26666666666263137
0;0.52;0.43140353524859232;0.25276667060075209;0;-0.2527666706365716;0.43140353524722552;0;0.5;-0.12499999999996313;0.50000000000007376;0.87499999999785625;0.26666666666247691
1;0.52;-0.43140353524859232;-0.25276667060075209;0;0.2527666706365716;-0.43140353524722552;0;0.5;-0.12499999999996313;0.50000000000007376;0.87499999999785625;0.26666666666247691
0;0.53;0.42885434067278144;0.25706799582478285;0;-0.25706799586137363;0.42885434067132311;0;0.5;-0.12499999999996242;0.50000000000007512;0.8749999999977766;0.26666666666231977
1;0.53;-0.42885434067278144;-0.25706799582478285;0;0.25706799586137363;-0.42885434067132311;0;0.5;-0.12499999999996242;0.50000000000007512;0.8749999999977766;0.26666666666231977
0;0.54;0.42626226102027309;0.26134361446344923;0;-0.26134361450081572;0.4262622610187185;0;0.5;-0.12499999999996173;0.5000000000000765;0.8749999999976956;0.26666666666215996
1;0.54;-0.42626226102027309;-0.26134361446344923;0;0.26134361450081572;-0.4262622610187185;0;0.5;-0.12499999999996173;0.5000000000000765;0.8749999999976956;0.26666666666215996
0;0.55;0.42362755549687242;0.26559309895845018;0;-0.265593098996597;0.42362755549521663;0;0.5;-0.12499999999996109;0.50000000000007786;0.87499999999761328;0.26666666666199749
1;0.55;-0.42362755549687242;-0.26559309895845018;0;0.265593098996597;-0.42362755549521663;0;0.5;-0.12499999999996109;0.50000000000007786;0.87499999999761328;0.26666666666199749
0;0.56;0.42095048757093617;0.26981602436487734;0;-0.26981602440380903;0.42095048756917408;0;0.5;-0.12499999999996038;0.50000000000007922;0.87499999999752963;0.26666666666183239
1;0.56;-0.42095048757093617;-0.26981602436487734;0;0.26981602440380903;-0.42095048756917408;0;0.5;-0.12499999999996038;0.50000000000007922;0.87499999999752963;0.26666666666183239
0;0.57;0.41823132494702603;0.274011968393709;0;-0.27401196843343018;0.41823132494515242;0;0.5;-0.12499999999995968;0.50000000000008066;0.87499999999744463;0.26666666666166469
1;0.57;-0.41823132494702603;-0.274011968393709;0;0.27401196843343018;-0.41823132494515242;0;0.5;-0.12499999999995968;0.50000000000008066;0.87499999999744463;0.26666666666166469
0;0.58;0.41547033953913837;0.27818051145403877;0;-0.27818051149455397;0.41547033953714779;0;0.5;-0.12499999999995899;0.50000000000008206;0.87499999999735835;0.26666666666149438
1;0.58;-0.41547033953913837;-0.27818051145403877;0;0.27818051149455397;-0.41547033953714779;0;0.5;-0.12499999999995899;0.50000000000008206;0.87499999999735835;0.26666666666149438
0;0.59;0.41266780744351306;0.28232123669503423;0;-0.28232123673634796;0.41266780744140003;0;0.5;-0.12499999999995832;0.50000000000008335;0.8749999999972708;0.26666666666132144
1;0.59;-0.41266780744351306;-0.28232123669503423;0;0.28232123673634796;-0.41266780744140003;0;0.5;-0.12499999999995832;0.50000000000008335;0.8749999999972708;0.26666666666132144
0;0.6;0.40982400891102433;0.28643373004762185;0;-0.2864337300897386;0.40982400890878307;0;0.5;-0.12499999999995762;0.50000000000008478;0.87499999999718192;0.266666666661146
1;0.6;-0.40982400891102433;-0.28643373004762185;0;0.2864337300897386;-0.40982400890878307;0;0.5;-0.12499999999995762;0.50000000000008478;0.87499999999718192;0.266666666661146
0;0.61;0.40693922831915547;0.29051758026589314;0;-0.29051758030881747;0.40693922831678014;0;0.5;-0.12499999999995692;0.50000000000008613;0.87499999999709179;0.26666666666096796
1;0.61;-0.40693922831915547;-0.29051758026589314;0;0.29051758030881747;-0.40693922831678014;0;0.5;-0.12499999999995692;0.50000000000008613;0.87499999999709179;0.26666666666096796
0;0.62;0.40401375414356172;0.29457237896822941;0;-0.29457237901196587;0.40401375414104629;0;0.5;-0.12499999999995624;0.50000000000008757;0.87499999999700034;0.26666666666078742
1;0.62;-0.40401375414356172;-0.29457237896822941;0;0.29457237901196587;-0.40401375414104629;0;0.5;-0.12499999999995624;0.50000000000008757;0.87499999999700034;0.26666666666078742
0;0.63;0.40104787892922272;0.29859772067813928;0;-0.29859772072269231;0.40104787892656091;0;0.5;-0.12499999999995551;0.50000000000008898;0.87499999999690765;0.26666666666060437
1;0.63;-0.40104787892922272;-0.29859772067813928;0;0.29859772072269231;-0.40104787892656091;0;0.5;-0.12499999999995551;0.50000000000008898;0.87499999999690765;0.26666666666060437
0;0.64;0.39804189926118821;0.30259320286480607;0;-0.3025932029101801;0.39804189925837374;0;0.5;-0.12499999999995482;0.50000000000009037;0.87499999999681371;0.26666666666041881
1;0.64;-0.39804189926118821;-0.30259320286480607;0;0.3025932029101801;-0.39804189925837374;0;0.5;-0.12499999999995482;0.50000000000009037;0.87499999999681371;0.26666666666041881
0;0.65;0.39499611573492016;0.30655842598334049;0;-0.30655842602953992;0.39499611573194643;0;0.5;-0.12499999999995409;0.50000000000009181;0.87499999999671852;0.2666666666602308
1;0.65;-0.39499611573492016;-0.30655842598334049;0;0.30655842602953992;-0.39499611573194643;0;0.5;-0.12499999999995409;0.50000000000009181;0.87499999999671852;0.2666666666602308
0;0.66;0.39191083292623291;0.31049299351473486;0;-0.31049299356176413;0.39191083292309326;0;0.5;-0.1249999999999534;0.50000000000009325;0.87499999999662208;0.26666666666004032
1;0.66;-0.39191083292623291;-0.31049299351473486;0;0.31049299356176413;-0.39191083292309326;0;0.5;-0.1249999999999534;0.50000000000009325;0.87499999999662208;0.26666666666004032
0;0.67;0.38878635936083628;0.31439651200551466;0;-0.31439651205337815;0.38878635935752376;0;0.5;-0.12499999999995272;0.5000000000000946;0.87499999999652446;0.26666666665984739
1;0.67;-0.38878635936083628;-0.31439651200551466;0;0.31439651205337815;-0.38878635935752376;0;0.5;-0.12499999999995272;0.5000000000000946;0.87499999999652446;0.26666666665984739
0;0.68;0.38562300748348305;0.31826859110708366;0;-0.31826859115578571;0.38562300747999068;0;0.5;-0.12499999999995196;0.50000000000009606;0.87499999999642558;0.26666666665965206
1;0.68;-0.38562300748348305;-0.31826859110708366;0;0.31826859115578571;-0.38562300747999068;0;0.5;-0.12499999999995196;0.50000000000009606;0.87499999999642558;0.26666666665965206
0;0.69;0.38242109362672483;0.32210884361475822;0;-0.32210884366430309;0.38242109362304544;0;0.5;-0.12499999999995123;0.50000000000009754;0.87499999999632548;0.26666666665945433
1;0.69;-0.38242109362672483;-0.32210884361475822;0;0.32210884366430309;-0.38242109362304544;0;0.5;-0.12499999999995123;0.50000000000009754;0.87499999999632548;0.26666666665945433
0;0.7;0.37918093797927899;0.32591688550648762;0;-0.32591688555687948;0.3791809379754052;0;0.5;-0.12499999999995056;0.50000000000009893;0.87499999999622423;0.26666666665925421
1;0.7;-0.37918093797927899;-0.32591688550648762;0;0.32591688555687948;-0.3791809379754052;0;0.5;-0.12499999999995056;0.50000000000009893;0.87499999999622423;0.26666666665925421
0;0.71;0.37590286455401012;0.32969233598125586;0;-0.32969233603249898;0.37590286454993443;0;0.5;-0.12499999999994983;0.50000000000010035;0.87499999999612177;0.26666666665905172
1;0.71;-0.37590286455401012;-0.32969233598125586;0;0.32969233603249898;-0.37590286454993443;0;0.5;-0.12499999999994983;0.50000000000010035;0.87499999999612177;0.26666666665905172
0;0.72;0.37258720115552901;0.33343481749716153;0;-0.33343481754925997;0.37258720115124372;0;0.5;-0.12499999999994913;0.50000000000010169;0.87499999999601817;0.26666666665884687
1;0.72;-0.37258720115552901;-0.33343481749716153;0;0.33343481754925997;-0.37258720115124372;0;0.5;-0.12499999999994913;0.50000000000010169;0.87499999999601817;0.26666666665884687
0;0.73;0.36923427934741249;0.33714395580917161;0;-0.33714395586212942;0.36923427934290975;0;0.5;-0.12499999999994848;0.50000000000010308;0.87499999999591338;0.26666666665863971
1;0.73;-0.36923427934741249;-0.33714395580917161;0;0.33714395586212942;-0.36923427934290975;0;0.5;-0.12499999999994848;0.50000000000010308;0.87499999999591338;0.26666666665863971
0;0.74;0.36584443441904724;0.34081938000654571;0;-0.34081938006036683;0.36584443441431902;0;0.5;-0.12499999999994773;0.50000000000010451;0.87499999999580744;0.26666666665843028
1;0.74;-0.36584443441904724;-0.34081938000654571;0;0.34081938006036683;-0.36584443441431902;0;0.5;-0.12499999999994773;0.50000000000010451;0.87499999999580744;0.26666666665843028
0;0.75;0.36241800535210122;0.34446072254992666;0;-0.34446072260461502;0.3624180053471393;0;0.5;-0.12499999999994706;0.50000000000010585;0.87499999999570038;0.26666666665821855
1;0.75;-0.36241800535210122;-0.34446072254992666;0;0.34446072260461502;-0.3624180053471393;0;0.5;-0.12499999999994706;0.50000000000010585;0.87499999999570038;0.26666666665821855
0;0.76;0.35895533478662578;0.34806761930809449;0;-0.34806761936365394;0.35895533478142183;0;0.5;-0.12499999999994636;0.50000000000010729;0.87499999999559215;0.26666666665800459
1;0.76;-0.35895533478662578;-0.34806761930809449;0;0.34806761936365394;-0.35895533478142183;0;0.5;-0.12499999999994636;0.50000000000010729;0.87499999999559215;0.26666666665800459
0;0.77;0.35545676898679185;0.3516397095943789;0;-0.3516397096508132;0.35545676898133738;0;0.5;-0.12499999999994564;0.5000000000001087;0.87499999999548281;0.26666666665778838
1;0.77;-0.35545676898679185;-0.3516397095943789;0;0.3516397096508132;-0.35545676898133738;0;0.5;-0.12499999999994564;0.5000000000001087;0.87499999999548281;0.26666666665778838
0;0.78;0.35192265780626397;0.35517663620272782;0;-0.35517663626004065;0.35192265780055032;0;0.5;-0.12499999999994493;0.5000000000001101;0.87499999999537236;0.26666666665756996
1;0.78;-0.35192265780626397;-0.35517663620272782;0;0.35517663626004065;-0.35192265780055032;0;0.5;-0.12499999999994493;0.5000000000001101;0.87499999999537236;0.26666666665756996
0;0.79;0.3483533546532151;0.35867804544342768;0;-0.35867804550162258;0.34835335464723344;0;0.5;-0.12499999999994425;0.50000000000011146;0.87499999999526083;0.26666666665734934
1;0.79;-0.3483533546532151;-0.35867804544342768;0;0.35867804550162258;-0.34835335464723344;0;0.5;-0.12499999999994425;0.50000000000011146;0.87499999999526083;0.26666666665734934
0;0.8;0.34474921645498607;0.36214358717847211;0;-0.36214358723755258;0.34474921644872747;0;0.5;-0.12499999999994359;0.50000000000011287;0.87499999999514818;0.26666666665712656
1;0.8;-0.34474921645498607;-0.36214358717847211;0;0.36214358723755258;-0.34474921644872747;0;0.5;-0.12499999999994359;0.50000000000011287;0.87499999999514818;0.26666666665712656
0;0.81;0.34111060362239337;0.36557291485657528;0;-0.36557291491654476;0.34111060361584855;0;0.5;-0.12499999999994286;0.50000000000011423;0.87499999999503449;0.26666666665690162
1;0.81;-0.34111060362239337;-0.36557291485657528;0;0.36557291491654476;-0.34111060361584855;0;0.5;-0.12499999999994286;0.50000000000011423;0.87499999999503449;0.26666666665690162
0;0.82;0.33743788001368802;0.36896568554782705;0;-0.36896568560868881;0.33743788000684777;0;0.5;-0.12499999999994214;0.50000000000011569;0.87499999999491968;0.26666666665667459
1;0.82;-0.33743788001368802;-0.36896568554782705;0;0.36896568560868881;-0.33743788000684777;0;0.5;-0.12499999999994214;0.50000000000011569;0.87499999999491968;0.26666666665667459
0;0.83;0.33373141289817027;0.37232155997798533;0;-0.37232156003974259;0.33373141289102509;0;0.5;-0.1249999999999415;0.50000000000011705;0.87499999999480386;0.26666666665644542
1;0.83;-0.33373141289817027;-0.37232155997798533;0;0.37232156003974259;-0.33373141289102509;0;0.5;-0.1249999999999415;0.50000000000011705;0.87499999999480386;0.26666666665644542
0;0.84;0.32999157291946302;0.37564020256240355;0;-0.37564020262505932;0.32999157291200326;0;0.5;-0.12499999999994081;0.50000000000011843;0.874999999994687;0.26666666665621421
1;0.84;-0.32999157291946302;-0.37564020256240355;0;0.37564020262505932;-0.32999157291200326;0;0.5;-0.12499999999994081;0.50000000000011843;0.874999999994687;0.26666666665621421
0;0.85;0.32621873405844759;0.37892128143958853;0;-0.37892128150314586;0.32621873405066354;0;0.5;-0.12499999999994008;0.50000000000011987;0.87499999999456907;0.26666666665598094
1;0.85;-0.32621873405844759;-0.37892128143958853;0;0.37892128150314586;-0.32621873405066354;0;0.5;-0.12499999999994008;0.50000000000011987;0.87499999999456907;0.26666666665598094
0;0.86;0.32241327359586602;0.38216446850438662;0;-0.38216446856884839;0.32241327358774774;0;0.5;-0.12499999999993935;0.50000000000012126;0.87499999999445014;0.26666666665574562
1;0.86;-0.32241327359586602;-0.38216446850438662;0;0.38216446856884839;-0.32241327358774774;0;0.5;-0.12499999999993935;0.50000000000012126;0.87499999999445014;0.26666666665574562
0;0.87;0.31857557207459347;0.38536943944079383;0;-0.3853694395061627;0.31857557206613085;0;0.5;-0.12499999999993866;0.50000000000012269;0.8749999999943302;0.26666666665550832
1;0.87;-0.31857557207459347;-0.38536943944079383;0;0.3853694395061627;-0.31857557206613085;0;0.5;-0.12499999999993866;0.50000000000012269;0.8749999999943302;0.26666666665550832
0;0.88;0.31470601326158393;0.38853587375438708;0;-0.38853587382066568;0.31470601325276676;0;0.5;-0.12499999999993797;0.50000000000012411;0.87499999999420926;0.26666666665526904
1;0.88;-0.31470601326158393;-0.38853587375438708;0;0.38853587382066568;-0.31470601325276676;0;0.5;-0.12499999999993797;0.50000000000012411;0.87499999999420926;0.26666666665526904
0;0.89;0.31080498410949403;0.39166345480437353;0;-0.39166345487156434;0.31080498410031199;0;0.5;-0.12499999999993727;0.50000000000012549;0.87499999999408735;0.26666666665502778
1;0.89;-0.31080498410949403;-0.39166345480437353;0;0.39166345487156434;-0.31080498410031199;0;0.5;-0.12499999999993727;0.50000000000012549;0.87499999999408735;0.26666666665502778
0;0.9;0.30687287471798824;0.39475186983525429;0;-0.39475186990335964;0.30687287470843078;0;0.5;-0.12499999999993656;0.50000000000012688;0.87499999999396447;0.2666666666547846
1;0.9;-0.30687287471798824;-0.39475186983525429;0;0.39475186990335964;-0.30687287470843078;0;0.5;-0.12499999999993656;0.50000000000012688;0.87499999999396447;0.2666666666547846
0;0.91;0.30291007829472893;0.39780081000809969;0;-0.39780081007712187;0.30291007828478539;0;0.5;-0.12499999999993589;0.50000000000012824;0.87499999999384064;0.26666666665453949
1;0.91;-0.30291007829472893;-0.39780081000809969;0;0.39780081007712187;-0.30291007828478539;0;0.5;-0.12499999999993589;0.50000000000012824;0.87499999999384064;0.26666666665453949
0;0.92;0.29891699111605619;0.40080997043143307;0;-0.40080997050137418;0.29891699110571573;0;0.5;-0.12499999999993517;0.50000000000012965;0.87499999999371584;0.2666666666542925
1;0.92;-0.29891699111605619;-0.40080997043143307;0;0.40080997050137418;-0.29891699110571573;0;0.5;-0.12499999999993517;0.50000000000012965;0.87499999999371584;0.2666666666542925
0;0.93;0.29489401248736025;0.40377905019171956;0;-0.40377905026258154;0.29489401247661196;0;0.5;-0.12499999999993448;0.50000000000013108;0.8749999999935901;0.26666666665404366
1;0.93;-0.29489401248736025;-0.40377905019171956;0;0.40377905026258154;-0.29489401247661196;0;0.5;-0.12499999999993448;0.50000000000013108;0.8749999999935901;0.26666666665404366
0;0.94;0.2908415447031516;0.40670775238345708;0;-0.40670775245524171;0.29084154469198437;0;0.5;-0.12499999999993374;0.50000000000013248;0.87499999999346345;0.26666666665379298
1;0.94;-0.2908415447031516;-0.40670775238345708;0;0.40670775245524171;-0.29084154469198437;0;0.5;-0.12499999999993374;0.50000000000013248;0.87499999999346345;0.26666666665379298
0;0.95;0.28675999300683164;0.40959578413886688;0;-0.40959578421157578;0.28675999299523419;0;0.5;-0.12499999999993304;0.50000000000013387;0.8749999999933359;0.26666666665354051
1;0.95;-0.28675999300683164;-0.40959578413886688;0;0.40959578421157578;-0.28675999299523419;0;0.5;-0.12499999999993304;0.50000000000013387;0.8749999999933359;0.26666666665354051
0;0.96;0.28264976555016874;0.41244285665717983;0;-0.41244285673081454;0.2826497655381297;0;0.5;-0.12499999999993236;0.50000000000013526;0.87499999999320746;0.26666666665328624
1;0.96;-0.28264976555016874;-0.41244285665717983;0;0.41244285673081454;-0.2826497655381297;0;0.5;-0.12499999999993236;0.50000000000013526;0.87499999999320746;0.26666666665328624
0;0.97;0.27851127335248338;0.41524868523351655;0;-0.41524868530807835;0.27851127333999132;0;0.5;-0.12499999999993166;0.50000000000013666;0.87499999999307812;0.26666666665303022
1;0.97;-0.27851127335248338;-0.41524868523351655;0;0.41524868530807835;-0.27851127333999132;0;0.5;-0.12499999999993166;0.50000000000013666;0.87499999999307812;0.26666666665303022
0;0.98;0.27434493025954665;0.41801298928735731;0;-0.41801298936284736;0.2743449302465899;0;0.5;-0.12499999999993099;0.50000000000013803;0.87499999999294794;0.26666666665277246
1;0.98;-0.27434493025954665;-0.41801298928735731;0;0.41801298936284736;-0.2743449302465899;0;0.5;-0.12499999999993099;0.50000000000013803;0.87499999999294794;0.26666666665277246
0;0.99;0.27015115290219593;0.4207354923906001;0;-0.42073549246701941;0.27015115288876285;0;0.5;-0.12499999999993031;0.50000000000013943;0.87499999999281688;0.26666666665251299
1;0.99;-0.27015115290219593;-0.4207354923906001;0;0.42073549246701941;-0.27015115288876285;0;0.5;-0.12499999999993031;0.50000000000013943;0.87499999999281688;0.26666666665251299
0;1;0.26593036065467218;0.42341592229520314;0;-0.4234159223725526;0.26593036064075087;0;0.5;-0.12499999999992961;0.50000000000014083;0.87499999999268496;0.26666666665225184
1;1;-0.26593036065467218;-0.42341592229520314;0;0.4234159223725526;-0.26593036064075087;0;0.5;-0.12499999999992961;0.50000000000014083;0.87499999999268496;0.26666666665225184
0;1.01;0.26168297559268294;0.42605401096040946;0;-0.42605401103868973;0.26168297557826142;0;0.5;-0.12499999999992883;0.50000000000014231;0.87499999999255219;0.26666666665198906
1;1.01;-0.26168297559268294;-0.42605401096040946;0;0.42605401103868973;-0.26168297557826142;0;0.5;-0.12499999999992883;0.50000000000014231;0.87499999999255219;0.26666666665198906
0;1.02;0.25740942245119491;0.4286494945795507;0;-0.42864949465876223;0.25740942243626108;0;0.5;-0.12499999999992813;0.50000000000014374;0.87499999999241863;0.26666666665172464
1;1.02;-0.25740942245119491;-0.4286494945795507;0;0.42864949465876223;-0.25740942243626108;0;0.5;-0.12499999999992813;0.50000000000014374;0.87499999999241863;0.26666666665172464
0;1.03;0.25311012858196102;0.43120211360642763;0;-0.43120211368657074;0.25311012856650267;0;0.5;-0.12499999999992744;0.50000000000014515;0.87499999999228426;0.26666666665145861
1;1.03;-0.25311012858196102;-0.43120211360642763;0;0.43120211368657074;-0.25311012856650267;0;0.5;-0.12499999999992744;0.50000000000014515;0.87499999999228426;0.26666666665145861
0;1.04;0.24878552391078551;0.43371161278126447;0;-0.43371161286233934;0.24878552389479033;0;0.5;-0.12499999999992674;0.50000000000014652;0.87499999999214912;0.26666666665119098
1;1.04;-0.24878552391078551;-0.43371161278126447;0;0.43371161286233934;-0.24878552389479033;0;0.5;-0.12499999999992674;0.50000000000014652;0.87499999999214912;0.26666666665119098
0;1.05;0.24443604089453175;0.43617774115623487;0;-0.43617774123824138;0.24443604087798729;0;0.5;-0.12499999999992602;0.50000000000014795;0.87499999999201318;0.26666666665092183
1;1.05;-0.24443604089453175;-0.43617774115623487;0;0.43617774123824138;-0.24443604087798729;0;0.5;-0.12499999999992602;0.50000000000014795;0.87499999999201318;0.26666666665092183
0;1.06;0.24006211447787684;0.43860025212055614;0;-0.43860025220349408;0.24006211446077055;0;0.5;-0.12499999999992533;0.50000000000014938;0.87499999999187648;0.26666666665065116
1;1.06;-0.24006211447787684;-0.43860025212055614;0;0.43860025220349408;-0.24006211446077055;0;0.5;-0.12499999999992533;0.50000000000014938;0.87499999999187648;0.26666666665065116
0;1.07;0.23566418204981759;0.44097890342515039;0;-0.4409789035090193;0.23566418203213682;0;0.5;-0.12499999999992459;0.50000000000015076;0.87499999999173904;0.26666666665037899
1;1.07;-0.23566418204981759;-0.44097890342515039;0;0.4409789035090193;-0.23566418203213682;0;0.5;-0.12499999999992459;0.50000000000015076;0.87499999999173904;0.26666666665037899
0;1.08;0.23124268339993193;0.44331345720686915;0;-0.44331345729166838;0.23124268338166395;0;0.5;-0.12499999999992394;0.50000000000015213;0.87499999999160088;0.26666666665010535
1;1.08;-0.23124268339993193;-0.44331345720686915;0;0.44331345729166838;-0.23124268338166395;0;0.5;-0.12499999999992394;0.50000000000015213;0.87499999999160088;0.26666666665010535
0;1.09;0.22679806067440034;0.44560368001227946;0;-0.44560368009800821;0.22679806065553232;0;0.5;-0.12499999999992325;0.50000000000015348;0.87499999999146199;0.26666666664983025
1;1.09;-0.22679806067440034;-0.44560368001227946;0;0.44560368009800821;-0.22679806065553232;0;0.5;-0.12499999999992325;0.50000000000015348;0.87499999999146199;0.26666666664983025
0;1.1;0.22233075833179161;0.44784934282100913;0;-0.44784934290766637;0.22233075831231061;0;0.5;-0.12499999999992256;0.5000000000001549;0.87499999999132237;0.26666666664955377
1;1.1;-0.22233075833179161;-0.44784934282100913;0;0.44784934290766637;-0.22233075831231061;0;0.5;-0.12499999999992256;0.5000000000001549;0.87499999999132237;0.26666666664955377
0;1.11;0.21784122309861736;0.45005022106864839;0;-0.45005022115623289;0.21784122307851034;0;0.5;-0.12499999999992183;0.50000000000015631;0.87499999999118206;0.26666666664927591
1;1.11;-0.21784122309861736;-0.45005022106864839;0;0.45005022115623289;-0.21784122307851034;0;0.5;-0.12499999999992183;0.50000000000015631;0.87499999999118206;0.26666666664927591
0;1.12;0.21332990392465967;0.4522060946692063;0;-0.45220609475771661;0.21332990390391354;0;0.5;-0.12499999999992114;0.50000000000015766;0.87499999999104109;0.26666666664899666
1;1.12;-0.21332990392465967;-0.4522060946692063;0;0.45220609475771661;-0.21332990390391354;0;0.5;-0.12499999999992114;0.50000000000015766;0.87499999999104109;0.26666666664899666
0;1.13;0.20879725193807663;0.45431674803711919;0;-0.45431674812655365;0.20879725191667819;0;0.5;-0.1249999999999205;0.50000000000015905;0.87499999999089945;0.26666666664871611
1;1.13;-0.20879725193807663;-0.45431674803711919;0;0.45431674812655365;-0.20879725191667819;0;0.5;-0.1249999999999205;0.50000000000015905;0.87499999999089945;0.26666666664871611
0;1.14;0.20424372040028979;0.45638197010880888;0;-0.4563819701991656;0.20424372037822577;0;0.5;-0.12499999999991977;0.50000000000016043;0.87499999999075715;0.26666666664843426
1;1.14;-0.20424372040028979;-0.45638197010880888;0;0.4563819701991656;-0.20424372037822577;0;0.5;-0.12499999999991977;0.50000000000016043;0.87499999999075715;0.26666666664843426
0;1.15;0.19966976466065836;0.45840155436378899;0;-0.45840155445506592;0.19966976463791544;0;0.5;-0.1249999999999191;0.5000000000001618;0.87499999999061422;0.26666666664815112
1;1.15;-0.19966976466065836;-0.45840155436378899;0;0.45840155445506592;-0.19966976463791544;0;0.5;-0.1249999999999191;0.5000000000001618;0.87499999999061422;0.26666666664815112
0;1.16;0.19507584211094484;0.4603752988453168;0;-0.46037529893751161;0.19507584208750961;0;0.5;-0.12499999999991838;0.5000000000001632;0.87499999999047066;0.26666666664786677
1;1.16;-0.19507584211094484;-0.4603752988453168;0;0.46037529893751161;-0.19507584208750961;0;0.5;-0.12499999999991838;0.5000000000001632;0.87499999999047066;0.26666666664786677
0;1.17;0.19046241213957599;0.46230300618058867;0;-0.46230300627369886;0.19046241211543499;0;0.5;-0.12499999999991774;0.50000000000016455;0.8749999999903265;0.26666666664758118
1;1.17;-0.19046241213957599;-0.46230300618058867;0;0.46230300627369886;-0.19046241211543499;0;0.5;-0.12499999999991774;0.50000000000016455;0.8749999999903265;0.26666666664758118
0;1.18;0.18582993608570456;0.46418448360047732;0;-0.46418448369450011;0.18582993606084425;0;0.5;-0.12499999999991706;0.50000000000016593;0.87499999999018174;0.26666666664729442
1;1.18;-0.18582993608570456;-0.46418448360047732;0;0.46418448369450011;-0.18582993606084425;0;0.5;-0.12499999999991706;0.50000000000016593;0.87499999999018174;0.26666666664729442
0;1.19;0.18117887719307565;0.46601954295880837;0;-0.46601954305374083;0.18117887716748241;0;0.5;-0.12499999999991637;0.50000000000016731;0.8749999999900364;0.2666666666470065
1;1.19;-0.18117887719307565;-0.46601954295880837;0;0.46601954305374083;-0.18117887716748241;0;0.5;-0.12499999999991637;0.50000000000016731;0.8749999999900364;0.2666666666470065
0;1.2;0.17650970056370274;0.46780800075117501;0;-0.46780800084701391;0.17650970053736292;0;0.5;-0.12499999999991565;0.50000000000016867;0.87499999998989051;0.26666666664671746
1;1.2;-0.17650970056370274;-0.46780800075117501;0;0.46780800084701391;-0.17650970053736292;0;0.5;-0.12499999999991565;0.50000000000016867;0.87499999998989051;0.26666666664671746
0;1.21;0.17182287311135794;0.46954967813328813;0;-0.46954967823003013;0.17182287308425784;0;0.5;-0.12499999999991497;0.5000000000001701;0.87499999998974402;0.26666666664642732
1;1.21;-0.17182287311135794;-0.46954967813328813;0;0.46954967823003013;-0.17182287308425784;0;0.5;-0.12499999999991497;0.5000000000001701;0.87499999998974402;0.26666666664642732
0;1.22;0.16711886351488089;0.47124440093886066;0;-0.47124440103650211;0.16711886348700677;0;0.5;-0.12499999999991427;0.50000000000017149;0.87499999998959702;0.2666666666461361
1;1.22;-0.16711886351488089;-0.47124440093886066;0;0.47124440103650211;-0.16711886348700677;0;0.5;-0.12499999999991427;0.50000000000017149;0.87499999998959702;0.2666666666461361
0;1.23;0.16239814217131138;0.47289199969702411;0;-0.47289199979556112;0.16239814214264944;0;0.5;-0.12499999999991356;0.50000000000017287;0.87499999998944949;0.26666666664584383
1;1.23;-0.16239814217131138;-0.47289199969702411;0;0.47289199979556112;-0.16239814214264944;0;0.5;-0.12499999999991356;0.50000000000017287;0.87499999998944949;0.26666666664584383
0;1.24;0.15766118114884994;0.47449230964927541;0;-0.47449230974870388;0.15766118111938637;0;0.5;-0.12499999999991288;0.50000000000017424;0.87499999998930147;0.26666666664555055
1;1.24;-0.15766118114884994;-0.47449230964927541;0;0.47449230974870388;-0.15766118111938637;0;0.5;-0.12499999999991288;0.50000000000017424;0.87499999998930147;0.26666666664555055
0;1.25;0.15290845413965148;0.47604517076595276;0;-0.47604517086626824;0.15290845410937245;0;0.5;-0.12499999999991221;0.50000000000017562;0.87499999998915295;0.26666666664525631
1;1.25;-0.15290845413965148;-0.47604517076595276;0;0.47604517086626824;-0.15290845410937245;0;0.5;-0.12499999999991221;0.50000000000017562;0.87499999998915295;0.26666666664525631
0;1.26;0.1481404364124565;0.47755042776223822;0;-0.47755042786343621;0.14814043638134808;0;0.5;-0.12499999999991153;0.500000000000177;0.87499999998900394;0.26666666664496109
1;1.26;-0.1481404364124565;-0.47755042776223822;0;0.47755042786343621;-0.14814043638134808;0;0.5;-0.12499999999991153;0.500000000000177;0.87499999998900394;0.26666666664496109
0;1.27;0.14335760476506448;0.47900793011368636;0;-0.47900793021576199;0.14335760473311274;0;0.5;-0.12499999999991081;0.50000000000017838;0.87499999998885448;0.26666666664466497
1;1.27;-0.14335760476506448;-0.47900793011368636;0;0.47900793021576199;-0.14335760473311274;0;0.5;-0.12499999999991081;0.50000000000017838;0.87499999998885448;0.26666666664466497
0;1.28;0.13856043747665461;0.48041753207127635;0;-0.48041753217422456;0.13856043744384561;0;0.5;-0.12499999999991018;0.5000000000001797;0.87499999998870459;0.26666666664436793
1;1.28;-0.13856043747665461;-0.48041753207127635;0;0.48041753217422456;-0.13856043744384561;0;0.5;-0.12499999999991018;0.5000000000001797;0.87499999998870459;0.26666666664436793
0;1.29;0.13374941425995823;0.48177909267598695;0;-0.48177909277980235;0.13374941422627806;0;0.5;-0.12499999999990944;0.50000000000018106;0.87499999998855426;0.26666666664407005
1;1.29;-0.13374941425995823;-0.48177909267598695;0;0.48177909277980235;-0.13374941422627806;0;0.5;-0.12499999999990944;0.50000000000018106;0.87499999998855426;0.26666666664407005
0;1.3;0.12892501621328803;0.48309247577289199;0;-0.48309247587756909;0.12892501617872271;0;0.5;-0.12499999999990879;0.50000000000018241;0.8749999999884035;0.26666666664377132
1;1.3;-0.12892501621328803;-0.48309247577289199;0;0.48309247587756909;-0.12892501617872271;0;0.5;-0.12499999999990879;0.50000000000018241;0.8749999999884035;0.26666666664377132
0;1.31;0.12408772577242846;0.48435755002477615;0;-0.48435755013030907;0.12408772573696401;0;0.5;-0.12499999999990808;0.5000000000001838;0.87499999998825233;0.26666666664347181
1;1.31;-0.12408772577242846;-0.48435755002477615;0;0.48435755013030907;-0.12408772573696401;0;0.5;-0.12499999999990808;0.5000000000001838;0.87499999998825233;0.26666666664347181
0;1.32;0.11923802666239271;0.48557418892526816;0;-0.48557418903165084;0.11923802662601518;0;0.5;-0.12499999999990739;0.50000000000018517;0.87499999998810079;0.26666666664317153
1;1.32;-0.11923802666239271;-0.48557418892526816;0;0.48557418903165084;-0.11923802662601518;0;0.5;-0.12499999999990739;0.50000000000018517;0.87499999998810079;0.26666666664317153
0;1.33;0.11437640384905053;0.48674227081149163;0;-0.48674227091871775;0.11437640381174595;0;0.5;-0.12499999999990671;0.50000000000018655;0.87499999998794886;0.2666666666428705
1;1.33;-0.11437640384905053;-0.48674227081149163;0;0.48674227091871775;-0.11437640381174595;0;0.5;-0.12499999999990671;0.50000000000018655;0.87499999998794886;0.2666666666428705
0;1.34;0.10950334349063205;0.48786167887623111;0;-0.48786167898429411;0.10950334345238648;0;0.5;-0.12499999999990602;0.50000000000018794;0.87499999998779658;0.26666666664256877
1;1.34;-0.10950334349063205;-0.48786167887623111;0;0.48786167898429411;-0.10950334345238648;0;0.5;-0.12499999999990602;0.50000000000018794;0.87499999998779658;0.26666666664256877
0;1.35;0.10461933288911245;0.48893230117961273;0;-0.48893230128850579;0.10461933284991191;0;0.5;-0.12499999999990535;0.50000000000018931;0.87499999998764396;0.26666666664226635
1;1.35;-0.10461933288911245;-0.48893230117961273;0;0.48893230128850579;-0.10461933284991191;0;0.5;-0.12499999999990535;0.50000000000018931;0.87499999998764396;0.26666666664226635
0;1.36;0.099724860441482016;0.48995403066029813;0;-0.4899540307700142;0.099724860401312593;0;0.5;-0.12499999999990461;0.50000000000019074;0.87499999998749099;0.26666666664196329
1;1.36;-0.099724860441482016;-0.48995403066029813;0;0.4899540307700142;-0.099724860401312593;0;0.5;-0.12499999999990461;0.50000000000019074;0.87499999998749099;0.26666666664196329
0;1.37;0.094820415590906981;0.49092676514619044;0;-0.49092676525672219;0.094820415549754761;0;0.5;-0.12499999999990395;0.50000000000019212;0.87499999998733772;0.2666666666416596
1;1.37;-0.094820415590906981;-0.49092676514619044;0;0.49092676525672219;-0.094820415549754761;0;0.5;-0.12499999999990395;0.50000000000019212;0.87499999998733772;0.2666666666416596
0;1.38;0.089906488777785537;0.49185040736465147;0;-0.49185040747599129;0.089906488735636655;0;0.5;-0.12499999999990326;0.5000000000001935;0.87499999998718417;0.26666666664135532
1;1.38;-0.089906488777785537;-0.49185040736465147;0;0.49185040747599129;-0.089906488735636655;0;0.5;-0.12499999999990326;0.5000000000001935;0.87499999998718417;0.26666666664135532
0;1.39;0.084983571390704254;0.49272486495222884;0;-0.49272486506436891;0.084983571347544862;0;0.5;-0.12499999999990258;0.50000000000019487;0.87499999998703033;0.26666666664105048
1;1.39;-0.084983571390704254;-0.49272486495222884;0;0.49272486506436891;-0.084983571347544862;0;0.5;-0.12499999999990258;0.50000000000019487;0.87499999998703033;0.26666666664105048
0;1.4;0.080052155717299608;0.49355005046389228;0;-0.49355005057682455;0.080052155673115896;0;0.5;-0.12499999999990189;0.50000000000019625;0.87499999998687622;0.2666666666407451
1;1.4;-0.080052155717299608;-0.49355005046389228;0;0.49355005057682455;-0.080052155673115896;0;0.5;-0.12499999999990189;0.50000000000019625;0.87499999998687622;0.2666666666407451
0;1.41;0.07511273489502962;0.49432588138177813;0;-0.49432588149549417;0.075112734849807822;0;0.5;-0.12499999999990116;0.50000000000019766;0.87499999998672186;0.26666666664043926
1;1.41;-0.07511273489502962;-0.49432588138177813;0;0.49432588149549417;-0.075112734849807822;0;0.5;-0.12499999999990116;0.50000000000019766;0.87499999998672186;0.26666666664043926
0;1.42;0.070165802861860541;0.49505228012344082;0;-0.49505228023793207;0.070165802815586945;0;0.5;-0.12499999999990048;0.50000000000019906;0.87499999998656727;0.26666666664013294
1;1.42;-0.070165802861860541;-0.49505228012344082;0;0.49505228023793207;-0.070165802815586945;0;0.5;-0.12499999999990048;0.50000000000019906;0.87499999998656727;0.26666666664013294
0;1.43;0.065211854306873457;0.49572917404961131;0;-0.49572917416486895;0.06521185425953438;0;0.5;-0.1249999999998998;0.50000000000020043;0.87499999998641246;0.26666666663982616
1;1.43;-0.065211854306873457;-0.49572917404961131;0;0.49572917416486895;-0.06521185425953438;0;0.5;-0.1249999999998998;0.50000000000020043;0.87499999998641246;0.26666666663982616
0;1.44;0.060251384620795774;0.49635649547146088;0;-0.4963564955874758;0.060251384572377602;0;0.5;-0.12499999999989908;0.50000000000020185;0.87499999998625743;0.26666666663951899
1;1.44;-0.060251384620795774;-0.49635649547146088;0;0.4963564955874758;-0.060251384572377602;0;0.5;-0.12499999999989908;0.50000000000020185;0.87499999998625743;0.26666666663951899
0;1.45;0.055284889846462591;0.49693418165736986;0;-0.49693418177413268;0.055284889796951779;0;0.5;-0.12499999999989841;0.50000000000020321;0.87499999998610224;0.26666666663921143
1;1.45;-0.055284889846462591;-0.49693418165736986;0;0.49693418177413268;-0.055284889796951779;0;0.5;-0.12499999999989841;0.50000000000020321;0.87499999998610224;0.26666666663921143
0;1.46;0.050312866629212812;0.49746217483920091;0;-0.49746217495670197;0.05031286657859587;0;0.5;-0.12499999999989769;0.50000000000020461;0.87499999998594686;0.26666666663890355
1;1.46;-0.050312866629212812;-0.49746217483920091;0;0.49746217495670197;-0.05031286657859587;0;0.5;-0.12499999999989769;0.50000000000020461;0.87499999998594686;0.26666666663890355
0;1.47;0.045335812167225036;0.49794042221807555;0;-0.49794042233630503;0.045335812115488552;0;0.5;-0.12499999999989702;0.50000000000020596;0.87499999998579133;0.26666666663859533
1;1.47;-0.045335812167225036;-0.49794042221807555;0;0.49794042233630503;-0.045335812115488552;0;0.5;-0.12499999999989702;0.50000000000020596;0.87499999998579133;0.26666666663859533
0;1.48;0.040354224161798138;0.49836887596965429;0;-0.49836887608860203;0.04035422410892877;0;0.5;-0.12499999999989635;0.50000000000020733;0.87499999998563566;0.26666666663828683
1;1.48;-0.040354224161798138;-0.49836887596965429;0;0.49836887608860203;-0.04035422410892877;0;0.5;-0.12499999999989635;0.50000000000020733;0.87499999998563566;0.26666666663828683
0;1.49;0.035368600767581575;0.49874749324891882;0;-0.49874749336857443;0.035368600713566054;0;0.5;-0.12499999999989564;0.50000000000020876;0.87499999998547984;0.2666666666379781
1;1.49;-0.035368600767581575;-0.49874749324891882;0;0.49874749336857443;-0.035368600713566054;0;0.5;-0.12499999999989564;0.50000000000020876;0.87499999998547984;0.2666666666379781
0;1.5;0.030379440542760306;0.49907623619445651;0;-0.4990762363148093;0.030379440487585469;0;0.5;-0.12499999999989492;0.50000000000021017;0.87499999998532393;0.26666666663766916
1;1.5;-0.030379440542760306;-0.49907623619445651;0;0.4990762363148093;-0.030379440487585469;0;0.5;-0.12499999999989492;0.50000000000021017;0.87499999998532393;0.26666666663766916
0;1.51;0.025387242399199421;0.49935507193224649;0;-0.49935507205328555;0.025387242342852192;0;0.5;-0.12499999999989426;0.50000000000021149;0.87499999998516795;0.26666666663735999
1;1.51;-0.025387242399199421;-0.49935507193224649;0;0.49935507205328555;-0.025387242342852192;0;0.5;-0.12499999999989426;0.50000000000021149;0.87499999998516795;0.26666666663735999
0;1.52;0.020392505552553352;0.49958397257894721;0;-0.49958397270066141;0.020392505495020745;0;0.5;-0.12499999999989357;0.50000000000021285;0.87499999998501187;0.26666666663705068
1;1.52;-0.020392505552553352;-0.49958397257894721;0;0.49958397270066141;-0.020392505495020745;0;0.5;-0.12499999999989357;0.50000000000021285;0.87499999998501187;0.26666666663705068
0;1.53;0.01539572947234473;0.49976291524468452;0;-0.49976291536706247;0.015395729413613861;0;0.5;-0.12499999999989291;0.50000000000021421;0.87499999998485573;0.26666666663674124
1;1.53;-0.01539572947234473;-0.49976291524468452;0;0.49976291536706247;-0.015395729413613861;0;0.5;-0.12499999999989291;0.50000000000021421;0.87499999998485573;0.26666666663674124
0;1.54;0.010397413832017843;0.49989188203534085;0;-0.49989188215837083;0.010397413772075937;0;0.5;-0.12499999999989221;0.50000000000021563;0.87499999998469953;0.26666666663643173
1;1.54;-0.010397413832017843;-0.49989188203534085;0;0.49989188215837083;-0.010397413772075937;0;0.5;-0.12499999999989221;0.50000000000021563;0.87499999998469953;0.26666666663643173
0;1.55;0.0053980584589717147;0.49997086005434427;0;-0.49997086017801445;0.0053980583978061082;0;0.5;-0.1249999999998915;0.50000000000021698;0.8749999999845433;0.26666666663612211
1;1.55;-0.0053980584589717147;-0.49997086005434427;0;0.49997086017801445;-0.0053980583978061082;0;0.5;-0.1249999999998915;0.50000000000021698;0.8749999999845433;0.26666666663612211
0;1.56;0.00039816328457777594;0.49999984140395859;0;-0.49999984152825677;0.00039816322217592083;0;0.5;-0.12499999999989087;0.50000000000021831;0.87499999998438708;0.26666666663581247
1;1.56;-0.00039816328457777594;-0.49999984140395859;0;0.49999984152825677;-0.00039816322217592083;0;0.5;-0.12499999999989087;0.50000000000021831;0.87499999998438708;0.26666666663581247
0;1.57;-0.0046017717058128519;0.49997882318607284;0;-0.49997882331098659;-0.0046017717694633829;0;0.5;-0.12499999999989017;0.50000000000021968;0.87499999998423084;0.26666666663550284
1;1.57;0.0046017717058128519;-0.49997882318607284;0;0.49997882331098659;0.0046017717694633829;0;0.5;-0.12499999999989017;0.50000000000021968;0.87499999998423084;0.26666666663550284
0;1.58;-0.0096012465228674793;0.49990780750249109;0;-0.49990780762800774;-0.009601246587778986;0;0.5;-0.12499999999988944;0.50000000000022109;0.8749999999840746;0.26666666663519324
1;1.58;0.0096012465228674793;-0.49990780750249109;0;0.49990780762800774;0.009601246587778986;0;0.5;-0.12499999999988944;0.50000000000022109;0.8749999999840746;0.26666666663519324
0;1.59;-0.01459976122327036;0.49978680145472232;0;-0.499786801580829;-0.014599761289455011;0;0.5;-0.1249999999998887;0.50000000000022254;0.87499999998391836;0.26666666663488372
1;1.59;0.01459976122327036;-0.49978680145472232;0;0.499786801580829;0.014599761289455011;0;0.5;-0.1249999999998887;0.50000000000022254;0.87499999998391836;0.26666666663488372
0;1.6;-0.019596815959716615;0.49961581714327025;0;-0.4996158172699538;-0.01959681602718644;0;0.5;-0.12499999999988806;0.50000000000022391;0.87499999998376221;0.26666666663457426
1;1.6;0.019596815959716615;-0.49961581714327025;0;0.4996158172699538;0.01959681602718644;0;0.5;-0.12499999999988806;0.50000000000022391;0.87499999998376221;0.26666666663457426
0;1.61;-0.024591911030896533;0.49939487166642343;0;-0.49939487179367043;-0.024591911099663421;0;0.5;-0.12499999999988733;0.50000000000022533;0.8749999999836061;0.26666666663426494
1;1.61;0.024591911030896533;-0.49939487166642343;0;0.49939487179367043;0.024591911099663421;0;0.5;-0.12499999999988733;0.50000000000022533;0.8749999999836061;0.26666666663426494
0;1.62;-0.029584546931465297;0.49912398711854522;0;-0.49912398724634199;-0.029584547001540996;0;0.5;-0.12499999999988661;0.50000000000022672;0.87499999998345008;0.26666666663395578
1;1.62;0.029584546931465297;-0.49912398711854522;0;0.49912398724634199;0.029584547001540996;0;0.5;-0.12499999999988661;0.50000000000022672;0.87499999998345008;0.26666666663395578
0;1.63;-0.034574224401993099;0.49880319058786443;0;-0.49880319071619722;-0.034574224473389197;0;0.5;-0.12499999999988597;0.5000000000002281;0.87499999998329414;0.26666666663364676
1;1.63;0.034574224401993099;-0.49880319058786443;0;0.49880319071619722;0.034574224473389197;0;0.5;-0.12499999999988597;0.5000000000002281;0.87499999998329414;0.26666666663364676
0;1.64;-0.039560444478890663;0.49843251415376677;0;-0.49843251428262136;-0.039560444551618598;0;0.5;-0.12499999999988523;0.50000000000022954;0.8749999999831383;0.266666666633338
1;1.64;0.039560444478890663;-0.49843251415376677;0;0.49843251428262136;0.039560444551618598;0;0.5;-0.12499999999988523;0.50000000000022954;0.8749999999831383;0.266666666633338
0;1.65;-0.044542708544305198;0.4980119948835865;0;-0.49801199501294857;-0.044542708618376246;0;0.5;-0.12499999999988448;0.50000000000023098;0.87499999998298258;0.26666666663302948
1;1.65;0.044542708544305198;-0.4980119948835865;0;0.49801199501294857;0.044542708618376246;0;0.5;-0.12499999999988448;0.50000000000023098;0.87499999998298258;0.26666666663302948
0;1.66;-0.049520518375981752;0.49754167482889999;0;-0.49754167495875501;-0.049520518451407022;0;0.5;-0.12499999999988381;0.50000000000023237;0.87499999998282702;0.26666666663272121
1;1.66;0.049520518375981752;-0.49754167482889999;0;0.49754167495875501;0.049520518451407022;0;0.5;-0.12499999999988381;0.50000000000023237;0.87499999998282702;0.26666666663272121
0;1.67;-0.054493376197085032;0.4970216010213207;0;-0.49702160115165378;-0.054493376273875467;0;0.5;-0.12499999999988316;0.50000000000023372;0.87499999998267162;0.26666666663241324
1;1.67;0.054493376197085032;-0.4970216010213207;0;0.49702160115165378;0.054493376273875467;0;0.5;-0.12499999999988316;0.50000000000023372;0.87499999998267162;0.26666666663241324
0;1.68;-0.059460784725976677;0.49645182546779587;0;-0.49645182559859191;-0.059460784804143053;0;0.5;-0.12499999999988242;0.50000000000023512;0.87499999998251639;0.26666666663210565
1;1.68;0.059460784725976677;-0.49645182546779587;0;0.49645182559859191;0.059460784804143053;0;0.5;-0.12499999999988242;0.50000000000023512;0.87499999998251639;0.26666666663210565
0;1.69;-0.064422247225943002;0.49583240514540583;0;-0.49583240527664957;-0.064422247305495908;0;0.5;-0.12499999999988171;0.50000000000023653;0.87499999998236133;0.26666666663179842
1;1.69;0.064422247225943002;-0.49583240514540583;0;0.49583240527664957;0.064422247305495908;0;0.5;-0.12499999999988171;0.50000000000023653;0.87499999998236133;0.26666666663179842
0;1.7;-0.069377267554868269;0.4951634019956665;0;-0.49516340212734239;-0.069377267635818085;0;0.5;-0.12499999999988103;0.50000000000023791;0.87499999998220649;0.26666666663149159
1;1.7;0.069377267554868269;-0.4951634019956665;0;0.49516340212734239;0.069377267635818085;0;0.5;-0.12499999999988103;0.50000000000023791;0.87499999998220649;0.26666666663149159
0;1.71;-0.074325350214848457;0.49444488291833516;0;-0.49444488305042755;-0.074325350297205398;0;0.5;-0.12499999999988032;0.50000000000023931;0.87499999998205186;0.26666666663118518
1;1.71;0.074325350214848457;-0.49444488291833516;0;0.49444488305042755;0.074325350297205398;0;0.5;-0.12499999999988032;0.50000000000023931;0.87499999998205186;0.26666666663118518
0;1.72;-0.079266000401740644;0.49367691976472072;0;-0.49367691989721357;-0.079266000485514743;0;0.5;-0.12499999999987963;0.5000000000002407;0.87499999998189746;0.26666666663087925
1;1.72;0.079266000401740644;-0.49367691976472072;0;0.49367691989721357;0.079266000485514743;0;0.5;-0.12499999999987963;0.5000000000002407;0.87499999998189746;0.26666666663087925
0;1.73;-0.084198724054643029;0.49285958933049839;0;-0.49285958946337555;-0.084198724139844097;0;0.5;-0.12499999999987894;0.5000000000002421;0.87499999998174331;0.26666666663057381
1;1.73;0.084198724054643029;-0.49285958933049839;0;0.49285958946337555;0.084198724139844097;0;0.5;-0.12499999999987894;0.5000000000002421;0.87499999998174331;0.26666666663057381
0;1.74;-0.08912302790530062;0.49199297334803033;0;-0.49199297348127546;-0.089123027991938261;0;0.5;-0.12499999999987824;0.50000000000024351;0.87499999998158942;0.26666666663026889
1;1.74;0.08912302790530062;-0.49199297334803033;0;0.49199297348127546;0.089123027991938261;0;0.5;-0.12499999999987824;0.50000000000024351;0.87499999998158942;0.26666666663026889
0;1.75;-0.09403841952743161;0.4910771584781925;0;-0.49107715861178897;-0.094038419615515248;0;0.5;-0.12499999999987754;0.50000000000024488;0.87499999998143581;0.26666666662996452
1;1.75;0.09403841952743161;-0.4910771584781925;0;0.49107715861178897;0.094038419615515248;0;0.5;-0.12499999999987754;0.50000000000024488;0.87499999998143581;0.26666666662996452
0;1.76;-0.098944407385969615;0.49011223630170858;0;-0.49011223643563956;-0.09894440747550845;0;0.5;-0.12499999999987685;0.50000000000024625;0.87499999998128251;0.26666666662966074
1;1.76;0.098944407385969615;-0.49011223630170858;0;0.49011223643563956;0.09894440747550845;0;0.5;-0.12499999999987685;0.50000000000024625;0.87499999998128251;0.26666666662966074
0;1.77;-0.1038405008862168;0.48909830330999199;0;-0.48909830344424049;-0.10384050097721979;0;0.5;-0.12499999999987616;0.50000000000024764;0.87499999998112951;0.26666666662935757
1;1.77;0.1038405008862168;-0.48909830330999199;0;0.48909830344424049;0.10384050097721979;0;0.5;-0.12499999999987616;0.50000000000024764;0.87499999998112951;0.26666666662935757
0;1.78;-0.10872621042290286;0.48803546089549682;0;-0.48803546103004564;-0.10872621051537877;0;0.5;-0.12499999999987549;0.50000000000024901;0.87499999998097683;0.26666666662905504
1;1.78;0.10872621042290286;-0.48803546089549682;0;0.48803546103004564;0.10872621051537877;0;0.5;-0.12499999999987549;0.50000000000024901;0.87499999998097683;0.26666666662905504
0;1.79;-0.11360104742914522;0.48692381534157875;0;-0.48692381547641045;-0.1136010475231026;0;0.5;-0.1249999999998748;0.50000000000025041;0.87499999998082449;0.2666666666287532
1;1.79;0.11360104742914522;-0.48692381534157875;0;0.48692381547641045;0.1136010475231026;0;0.5;-0.1249999999998748;0.50000000000025041;0.87499999998082449;0.2666666666287532
0;1.8;-0.11846452442530529;0.48576347781186663;0;-0.48576347794696362;-0.11846452452075243;0;0.5;-0.12499999999987413;0.50000000000025176;0.87499999998067252;0.26666666662845205
1;1.8;0.11846452442530529;-0.48576347781186663;0;0.48576347794696362;0.11846452452075243;0;0.5;-0.12499999999987413;0.50000000000025176;0.87499999998067252;0.26666666662845205
0;1.81;-0.12331615506773602;0.48455456433914645;0;-0.48455456447449086;-0.12331615516468099;0;0.5;-0.12499999999987343;0.50000000000025313;0.87499999998052092;0.26666666662815166
1;1.81;0.12331615506773602;-0.48455456433914645;0;0.48455456447449086;0.12331615516468099;0;0.5;-0.12499999999987343;0.50000000000025313;0.87499999998052092;0.26666666662815166
0;1.82;-0.12815545419741584;0.48329719581375791;0;-0.48329719594933179;-0.1281554542958665;0;0.5;-0.12499999999987274;0.50000000000025454;0.87499999998036968;0.26666666662785203
1;1.82;0.12815545419741584;-0.48329719581375791;0;0.48329719594933179;0.1281554542958665;0;0.5;-0.12499999999987274;0.50000000000025454;0.87499999998036968;0.26666666662785203
0;1.83;-0.13298193788846419;0.48199149797150559;0;-0.48199149810729081;-0.13298193798842811;0;0.5;-0.12499999999987204;0.50000000000025588;0.87499999998021887;0.26666666662755317
1;1.83;0.13298193788846419;-0.48199149797150559;0;0.48199149810729081;0.13298193798842811;0;0.5;-0.12499999999987204;0.50000000000025588;0.87499999998021887;0.26666666662755317
0;1.84;-0.13779512349653367;0.48063760138108563;0;-0.48063760151706375;-0.13779512359801821;0;0.5;-0.12499999999987139;0.50000000000025721;0.87499999998006848;0.26666666662725515
1;1.84;0.13779512349653367;-0.48063760138108563;0;0.48063760151706375;0.13779512359801821;0;0.5;-0.12499999999987139;0.50000000000025721;0.87499999998006848;0.26666666662725515
0;1.85;-0.14259452970707412;0.47923564143102876;0;-0.47923564156718124;-0.14259452981008636;0;0.5;-0.1249999999998707;0.50000000000025863;0.87499999997991849;0.26666666662695802
1;1.85;0.14259452970707412;-0.47923564143102876;0;0.47923564156718124;0.14259452981008636;0;0.5;-0.1249999999998707;0.50000000000025863;0.87499999997991849;0.26666666662695802
0;1.86;-0.14737967658346365;0.47778575831616155;0;-0.47778575845246968;-0.14737967668801044;0;0.5;-0.12499999999986999;0.50000000000026007;0.87499999997976894;0.26666666662666177
1;1.86;0.14737967658346365;-0.47778575831616155;0;0.47778575845246968;0.14737967668801044;0;0.5;-0.12499999999986999;0.50000000000026007;0.87499999997976894;0.26666666662666177
0;1.87;-0.1521500856150019;0.4762880970235871;0;-0.47628809716003206;-0.15215008572108982;0;0.5;-0.12499999999986928;0.50000000000026145;0.87499999997961986;0.26666666662636642
1;1.87;0.1521500856150019;-0.4762880970235871;0;0.47628809716003206;0.15215008572108982;0;0.5;-0.12499999999986928;0.50000000000026145;0.87499999997961986;0.26666666662636642
0;1.88;-0.15690527976476068;0.47474280731818663;0;-0.47474280745474934;-0.15690527987239605;0;0.5;-0.12499999999986856;0.50000000000026283;0.87499999997947126;0.26666666662607201
1;1.88;0.15690527976476068;-0.47474280731818663;0;0.47474280745474934;0.15690527987239605;0;0.5;-0.12499999999986856;0.50000000000026283;0.87499999997947126;0.26666666662607201
0;1.89;-0.16164478351728731;0.47315004372764286;0;-0.47315004386430409;-0.16164478362647622;0;0.5;-0.12499999999986791;0.50000000000026423;0.87499999997932314;0.26666666662577859
1;1.89;0.16164478351728731;-0.47315004372764286;0;0.47315004386430409;0.16164478362647622;0;0.5;-0.12499999999986791;0.50000000000026423;0.87499999997932314;0.26666666662577859
0;1.9;-0.16636812292615577;0.47150996552698748;0;-0.47150996566372783;-0.16636812303690399;0;0.5;-0.12499999999986717;0.50000000000026562;0.87499999997917554;0.26666666662548618
1;1.9;0.16636812292615577;-0.47150996552698748;0;0.47150996566372783;0.16636812303690399;0;0.5;-0.12499999999986717;0.50000000000026562;0.87499999997917554;0.26666666662548618
0;1.91;-0.17107482566136092;0.46982273672267372;0;-0.46982273685947368;-0.171074825773674;0;0.5;-0.12499999999986654;0.50000000000026698;0.87499999997902847;0.26666666662519479
1;1.91;0.17107482566136092;-0.46982273672267372;0;0.46982273685947368;0.171074825773674;0;0.5;-0.12499999999986654;0.50000000000026698;0.87499999997902847;0.26666666662519479
0;1.92;-0.17576442105655116;0.46808852603617596;0;-0.46808852617301583;-0.17576442117043431;0;0.5;-0.12499999999986582;0.50000000000026832;0.87499999997888193;0.26666666662490446
1;1.92;0.17576442105655116;-0.46808852603617596;0;0.46808852617301583;0.17576442117043431;0;0.5;-0.12499999999986582;0.50000000000026832;0.87499999997888193;0.26666666662490446
0;1.93;-0.18043644015609453;0.46630750688711764;0;-0.46630750702397761;-0.18043644027155273;0;0.5;-0.12499999999986517;0.50000000000026969;0.87499999997873594;0.26666666662461523
1;1.93;0.18043644015609453;-0.46630750688711764;0;0.46630750702397761;0.18043644027155273;0;0.5;-0.12499999999986517;0.50000000000026969;0.87499999997873594;0.26666666662461523
0;1.94;-0.1850904157619741;0.46447985737592945;0;-0.46447985751278958;-0.18509041587901204;0;0.5;-0.12499999999986443;0.50000000000027114;0.87499999997859048;0.26666666662432715
1;1.94;0.1850904157619741;-0.46447985737592945;0;0.46447985751278958;0.18509041587901204;0;0.5;-0.12499999999986443;0.50000000000027114;0.87499999997859048;0.26666666662432715
0;1.95;-0.18972588248050723;0.46260576026603933;0;-0.46260576040287954;-0.18972588259912931;0;0.5;-0.12499999999986374;0.50000000000027249;0.87499999997844563;0.26666666662404018
1;1.95;0.18972588248050723;-0.46260576026603933;0;0.46260576040287954;0.18972588259912931;0;0.5;-0.12499999999986374;0.50000000000027249;0.87499999997844563;0.26666666662404018
0;1.96;-0.19434237676888458;0.46068540296559662;0;-0.46068540310239664;-0.19434237688909489;0;0.5;-0.12499999999986304;0.50000000000027392;0.87499999997830135;0.26666666662375442
1;1.96;0.19434237676888458;-0.46068540296559662;0;0.46068540310239664;0.19434237688909489;0;0.5;-0.12499999999986304;0.50000000000027392;0.87499999997830135;0.26666666662375442
0;1.97;-0.198939436981524;0.45871897750873097;0;-0.45871897764547043;-0.1989394371033264;0;0.5;-0.1249999999998623;0.50000000000027535;0.87499999997815767;0.26666666662346987
1;1.97;0.198939436981524;-0.45871897750873097;0;0.45871897764547043;0.1989394371033264;0;0.5;-0.1249999999998623;0.50000000000027535;0.87499999997815767;0.26666666662346987
0;1.98;-0.20351660341623476;0.45670668053634933;0;-0.45670668067300774;-0.20351660353963275;0;0.5;-0.12499999999986161;0.50000000000027674;0.87499999997801464;0.26666666662318655
1;1.98;0.20351660341623476;-0.45670668053634933;0;0.45670668067300774;0.20351660353963275;0;0.5;-0.12499999999986161;0.50000000000027674;0.87499999997801464;0.26666666662318655
0;1.99;-0.20807341836018728;0.45464871327647205;0;-0.45464871341302882;-0.20807341848518407;0;0.5;-0.12499999999986091;0.50000000000027816;0.87499999997787222;0.26666666662290451
1;1.99;0.20807341836018728;-0.45464871327647205;0;0.45464871341302882;0.20807341848518407;0;0.5;-0.12499999999986091;0.50000000000027816;0.87499999997787222;0.26666666662290451
0;2;-0.21260942613568415;0.45254528152411005;0;-0.45254528166054447;-0.21260942626228269;0;0.5;-0.12499999999986026;0.50000000000027951;0.87499999997773049;0.26666666662262373
1;2;0.21260942613568415;-0.45254528152411005;0;0.45254528166054447;0.21260942626228269;0;0.5;-0.12499999999986026;0.50000000000027951;0.87499999997773049;0.26666666662262373
