# column style format: id;time;x;y;z;vx;vy;vz;mass;totalEnergy;totalSpecificAngularMomentum;rungeLenzVector;semiMajorAxis
# this file will be overwritten without any precaution
# used integrator was heun
0;0.5;0.4375;0.25;0;-0.21444271909999157;0.45527864045000421;0;0.5;-0.12143730906591583;0.50559016994374947;0.87323391280053615;0.26911763314653842
1;0.5;-0.4375;-0.25;0;0.21444271909999157;-0.45527864045000421;0;0.5;-0.12143730906591583;0.50559016994374947;0.87323391280053615;0.26911763314653842
0;1;0.27684829324234517;0.44710769324919697;0;-0.37400869629692435;0.31799454640477703;0;0.5;-0.11719508311149732;0.51051682577798714;0.87630016759751443;0.28072991918730065
1;1;-0.27684829324234517;-0.44710769324919697;0;0.37400869629692435;-0.31799454640477703;0;0.5;-0.11719508311149732;0.51051682577798714;0.87630016759751443;0.28072991918730065
0;1.5;0.060099850492761425;0.55806850081496351;0;-0.44570184698826804;0.13958453870235188;0;0.5;-0.1136321741006836;0.51424234293263084;0.88252718470762238;0.29894895723649491
1;1.5;-0.060099850492761425;-0.55806850081496351;0;0.44570184698826804;-0.13958453870235188;0;0.5;-0.1136321741006836;0.51424234293263084;0.88252718470762238;0.29894895723649491
0;2;-0.16806137400580751;0.57855096829270358;0;-0.43768357514480205;-0.030940076029352934;0;0.5;-0.11121832587806256;0.51684417579034944;0.88947282294988427;0.31977870128462562
1;2;0.16806137400580751;-0.57855096829270358;0;0.43768357514480205;0.030940076029352934;0;0.5;-0.11121832587806256;0.51684417579034944;0.88947282294988427;0.31977870128462562
0;2.5;-0.3748946469917509;0.52174164108768617;0;-0.37575076885110387;-0.16879951921945593;0;0.5;-0.10972239046773703;0.51865371790097993;0.89557786341314728;0.33975104099014655
1;2.5;0.3748946469917509;-0.52174164108768617;0;0.37575076885110387;0.16879951921945593;0;0.5;-0.10972239046773703;0.51865371790097993;0.89557786341314728;0.33975104099014655
0;3;-0.54068071233114567;0.40660013127426753;0;-0.28299704331440262;-0.26803186713990684;0;0.5;-0.10880894778520204;0.51997259162903502;0.90024424667814951;0.35657717002202935
1;3;0.54068071233114567;-0.40660013127426753;0;0.28299704331440262;0.26803186713990684;0;0.5;-0.10880894778520204;0.51997259162903502;0.90024424667814951;0.35657717002202935
0;3.5;-0.65489275703437322;0.25206435140969918;0;-0.1746521977672289;-0.33055765489481298;0;0.5;-0.10824604271775014;0.52100681385071203;0.90336643167183224;0.36895754212836188
1;3.5;0.65489275703437322;-0.25206435140969918;0;0.1746521977672289;0.33055765489481298;0;0.5;-0.10824604271775014;0.52100681385071203;0.90336643167183224;0.36895754212836188
0;4;-0.71260565065588999;0.075387576287080968;0;-0.059843052800422951;-0.35985268010888399;0;0.5;-0.10790158435423225;0.52188895191500164;0.90499432319936898;0.37622961062119322
1;4;0.71260565065588999;-0.075387576287080968;0;0.059843052800422951;0.35985268010888399;0;0.5;-0.10790158435423225;0.52188895191500164;0.90499432319936898;0.37622961062119322
0;4.5;-0.7122670201600545;-0.10774002927004137;0;0.055712297432047003;-0.35850694970221303;0;0.5;-0.1077065131184259;0.52271024265419161;0.90517860538463522;0.3781115944935469
1;4.5;0.7122670201600545;0.10774002927004137;0;-0.055712297432047003;0.35850694970221303;0;0.5;-0.1077065131184259;0.52271024265419161;0.90517860538463522;0.3781115944935469
0;5;-0.65463963274899628;-0.2824902012338576;0;0.16757812269902847;-0.32755963319219111;0;0.5;-0.10762932521283754;0.52354539115994511;0.90391262811208943;0.37457204391059676
1;5;0.65463963274899628;0.2824902012338576;0;-0.16757812269902847;0.32755963319219111;0;0.5;-0.10762932521283754;0.52354539115994511;0.90391262811208943;0.37457204391059676
0;5.5;-0.54262951562433848;-0.43409206323304761;0;0.2709123283697204;-0.26654520646743662;0;0.5;-0.10766269357525389;0.52447237570939051;0.90111633892722113;0.36580700193077809
1;5.5;0.54262951562433848;0.43409206323304761;0;-0.2709123283697204;0.26654520646743662;0;0.5;-0.10766269357525389;0.52447237570939051;0.90111633892722113;0.36580700193077809
0;6;-0.38190592819870722;-0.54715126566318273;0;0.35880743129075005;-0.17405976851050564;0;0.5;-0.10781543405030217;0.52559279523029226;0.89664921858897058;0.35232059791470425
1;6;0.38190592819870722;0.54715126566318273;0;-0.35880743129075005;0.17405976851050564;0;0.5;-0.10781543405030217;0.52559279523029226;0.89664921858897058;0.35232059791470425
0;6.5;-0.1824156924242763;-0.60540347431853336;0;0.42042866098022669;-0.049334595975198181;0;0.5;-0.10809745859846348;0.52705675309161146;0.89037924604882628;0.33512980032433602
1;6.5;0.1824156924242763;0.60540347431853336;0;-0.42042866098022669;0.049334595975198181;0;0.5;-0.10809745859846348;0.52705675309161146;0.89037924604882628;0.33512980032433602
0;7;0.039074148290764707;-0.59264946839216659;0;0.43951679140679617;0.10399623801027023;0;0.5;-0.10846521012839754;0.52908591440472697;0.88239311298979948;0.31611807467639905
1;7;-0.039074148290764707;0.59264946839216659;0;-0.43951679140679617;-0.10399623801027023;0;0.5;-0.10846521012839754;0.52908591440472697;0.88239311298979948;0.31611807467639905
0;7.5;0.25591853954582183;-0.49645375934999236;0;0.39613217120474314;0.2708399480385687;0;0.5;-0.10866253007255655;0.5319485390935326;0.87348502761222106;0.29846066202528839
1;7.5;-0.25591853954582183;0.49645375934999236;0;-0.39613217120474314;-0.2708399480385687;0;0.5;-0.10866253007255655;0.5319485390935326;0.87348502761222106;0.29846066202528839
0;8;0.43103518564639692;-0.31651440218690835;0;0.27753648520059743;0.41769125237037608;0;0.5;-0.10800166325029527;0.53576784241332782;0.86582956963151703;0.28665829304082108
1;8;-0.43103518564639692;0.31651440218690835;0;-0.27753648520059743;-0.41769125237037608;0;0.5;-0.10800166325029527;0.53576784241332782;0.86582956963151703;0.28665829304082108
0;8.5;0.52576357226274129;-0.075329771778074345;0;0.09814100523434216;0.49962408324001106;0;0.5;-0.10571815658744064;0.54015416463827844;0.86269699081354142;0.28520241455495575
1;8.5;-0.52576357226274129;0.075329771778074345;0;-0.09814100523434216;-0.49962408324001106;0;0.5;-0.10571815658744064;0.54015416463827844;0.86269699081354142;0.28520241455495575
0;9;0.5200061912567534;0.18233783872935383;0;-0.094375999815924053;0.4901839339117644;0;0.5;-0.10224707274226834;0.54421399264613243;0.86586247895472028;0.29583496969117897
1;9;-0.5200061912567534;-0.18233783872935383;0;0.094375999815924053;-0.4901839339117644;0;0.5;-0.10224707274226834;0.54421399264613243;0.86586247895472028;0.29583496969117897
0;9.5;0.42426016271030798;0.41040315072656941;0;-0.24855430511081592;0.40454609102058842;0;0.5;-0.099046443296954553;0.54728052068869161;0.87359755106365777;0.31617548375944543
1;9.5;-0.42426016271030798;-0.41040315072656941;0;0.24855430511081592;-0.40454609102058842;0;0.5;-0.099046443296954553;0.54728052068869161;0.87359755106365777;0.31617548375944543
0;10;0.26775126871743499;0.58149719476089412;0;-0.34254758118223921;0.28187733459648912;0;0.5;-0.09686091270170516;0.54932694298100127;0.88270161030708996;0.34160818314787385
1;10;-0.26775126871743499;-0.58149719476089412;0;0.34254758118223921;-0.28187733459648912;0;0.5;-0.09686091270170516;0.54932694298100127;0.88270161030708996;0.34160818314787385
0;10.5;0.08053167585873168;0.68780506710071299;0;-0.38222604855667891;0.15430670637060762;0;0.5;-0.095550834976505295;0.55064718127086635;0.89104138901268901;0.36789531479735361
1;10.5;-0.08053167585873168;-0.68780506710071299;0;0.38222604855667891;-0.15430670637060762;0;0.5;-0.095550834976505295;0.55064718127086635;0.89104138901268901;0.36789531479735361
0;11;-0.11437031485629459;0.73259760963060117;0;-0.38231978124385568;0.037812321991150782;0;0.5;-0.094784618905131035;0.55152390136433502;0.89783395641631868;0.39219666528430072
1;11;0.11437031485629459;-0.73259760963060117;0;0.38231978124385568;-0.037812321991150782;0;0.5;-0.094784618905131035;0.55152390136433502;0.89783395641631868;0.39219666528430072
0;11.5;-0.30114641142875986;0.72342343312090329;0;-0.35566839410996826;-0.062336613973361946;0;0.5;-0.094327017104894587;0.55214259663665906;0.90300137201992022;0.41289328759798773
1;11.5;0.30114641142875986;-0.72342343312090329;0;0.35566839410996826;0.062336613973361946;0;0.5;-0.094327017104894587;0.55214259663665906;0.90300137201992022;0.41289328759798773
0;12;-0.46920119812318473;0.66876271729770687;0;-0.31101788750881904;-0.14558563079380041;0;0.5;-0.094046089856540026;0.55261223995312222;0.90669649467789398;0.42914245408900309
1;12;0.46920119812318473;-0.66876271729770687;0;0.31101788750881904;0.14558563079380041;0;0.5;-0.094046089856540026;0.55261223995312222;0.90669649467789398;0.42914245408900309
0;12.5;-0.61126373218941765;0.57680444043793477;0;-0.25379265118790545;-0.21285350597796618;0;0.5;-0.093872183785991777;0.55299671325878778;0.90909695516451316;0.44053325041135749
1;12.5;0.61126373218941765;-0.57680444043793477;0;0.25379265118790545;0.21285350597796618;0;0.5;-0.093872183785991777;0.55299671325878778;0.90909695516451316;0.44053325041135749
0;13;-0.72207132782872707;0.45519594119090706;0;-0.18721647505498903;-0.26513689028157911;0;0.5;-0.09376910564685182;0.55333585198219811;0.91033618608489089;0.44687969165118433
1;13;0.72207132782872707;-0.45519594119090706;0;0.18721647505498903;0.26513689028157911;0;0.5;-0.09376910564685182;0.55333585198219811;0.91033618608489089;0.44687969165118433
0;13.5;-0.79753798961034605;0.31119099202611522;0;-0.11316540971973579;-0.30294832267155475;0;0.5;-0.093718984896572981;0.55365770466604912;0.9104854030649067;0.44811049987426043
1;13.5;0.79753798961034605;-0.31119099202611522;0;0.11316540971973579;0.30294832267155475;0;0.5;-0.093718984896572981;0.55365770466604912;0.9104854030649067;0.44811049987426043
0;14;-0.83425981907890601;0.15196732459026124;0;-0.03275985519562425;-0.326055028065525;0;0.5;-0.09371521541980774;0.55398607254351178;0.90954990773255219;0.44421955626219411
1;14;0.83425981907890601;-0.15196732459026124;0;0.03275985519562425;0.326055028065525;0;0.5;-0.09371521541980774;0.55398607254351178;0.90954990773255219;0.44421955626219411
0;14.5;-0.82926247112376184;-0.014954236954460243;0;0.053171307516294015;-0.3332817320825997;0;0.5;-0.093759898449117011;0.55434633811800259;0.90746666134704223;0.43525842537793254
1;14.5;0.82926247112376184;0.014954236954460243;0;-0.053171307516294015;0.3332817320825997;0;0.5;-0.093759898449117011;0.55434633811800259;0.90746666134704223;0.43525842537793254
0;15;-0.77996644832404571;-0.18118556289018817;0;0.14359603451582201;-0.32228108959672364;0;0.5;-0.093864197908605425;0.55477193031461638;0.90410025518898831;0.42136814860317291
1;15;0.77996644832404571;0.18118556289018817;0;-0.14359603451582201;0.32228108959672364;0;0.5;-0.093864197908605425;0.55477193031461638;0.90410025518898831;0.42136814860317291
0;15.5;-0.68443119254311202;-0.33681196675018787;0;0.23654598878658079;-0.28927012333207924;0;0.5;-0.094050895849878036;0.5553140303786885;0.89924200813579563;0.40286310018594125
1;15.5;0.68443119254311202;0.33681196675018787;0;-0.23654598878658079;0.28927012333207924;0;0.5;-0.094050895849878036;0.5553140303786885;0.89924200813579563;0.40286310018594125
0;16;-0.5420652293956586;-0.46959075962054525;0;0.3278336046942173;-0.22890497688878297;0;0.5;-0.094357065855204011;0.55605812052905024;0.89263196796753309;0.3803988709802086
1;16;0.5420652293956586;0.46959075962054525;0;-0.3278336046942173;0.22890497688878297;0;0.5;-0.094357065855204011;0.55605812052905024;0.89263196796753309;0.3803988709802086
0;16.5;-0.35518782803992732;-0.56415249590984529;0;0.40883855188282131;-0.13493727119660898;0;0.5;-0.09482528531974512;0.55715073149363721;0.88406281970941087;0.3552771741609964
1;16.5;0.35518782803992732;0.56415249590984529;0;-0.40883855188282131;0.13493727119660898;0;0.5;-0.09482528531974512;0.55715073149363721;0.88406281970941087;0.3552771741609964
0;17;-0.13203680523959788;-0.60186909354692064;0;0.46350851739863513;-0.0033493884388940895;0;0.5;-0.09543649497105913;0.55882738753394329;0.87370941643810063;0.32993027104278436
1;17;0.13203680523959788;0.60186909354692064;0;-0.46350851739863513;0.0033493884388940895;0;0.5;-0.09543649497105913;0.55882738753394329;0.87370941643810063;0.32993027104278436
0;17.5;0.1085358218986265;-0.56334663660645845;0;0.46753236145216803;0.15943748020275478;0;0.5;-0.095877930883970882;0.56137492256801174;0.86288476218682629;0.30844257024925405
1;17.5;-0.1085358218986265;0.56334663660645845;0;-0.46753236145216803;-0.15943748020275478;0;0.5;-0.095877930883970882;0.56137492256801174;0.86288476218682629;0.30844257024925405
0;18;0.33332103353491571;-0.43701288367615554;0;0.39814531843977857;0.32532444355637413;0;0.5;-0.095251629759052053;0.56486422698782167;0.85488125371209183;0.29633880284088617
1;18;-0.33332103353491571;0.43701288367615554;0;-0.39814531843977857;-0.32532444355637413;0;0.5;-0.095251629759052053;0.56486422698782167;0.85488125371209183;0.29633880284088617
0;18.5;0.50102525091046068;-0.2332239046650238;0;0.25796844576145977;0.44748397592931854;0;0.5;-0.092788985929116084;0.56873035903850486;0.85377581278745583;0.29831590212025761
1;18.5;-0.50102525091046068;0.2332239046650238;0;-0.25796844576145977;-0.44748397592931854;0;0.5;-0.092788985929116084;0.56873035903850486;0.85377581278745583;0.29831590212025761
0;19;0.58362911665467454;0.012107829468077008;0;0.086501645403232269;0.49184802910713732;0;0.5;-0.089432530454735903;0.5720189671697816;0.86031473633949505;0.31479211788001666
1;19;-0.58362911665467454;-0.012107829468077008;0;-0.086501645403232269;-0.49184802910713732;0;0.5;-0.089432530454735903;0.5720189671697816;0.86031473633949505;0.31479211788001666
0;19.5;0.58103770109412256;0.25708081195783294;0;-0.068064293770977904;0.46406314636677048;0;0.5;-0.086742007054558077;0.57427241527086622;0.8709836030929209;0.34155530078541297
1;19.5;-0.58103770109412256;-0.25708081195783294;0;0.068064293770977904;-0.46406314636677048;0;0.5;-0.086742007054558077;0.57427241527086622;0.8709836030929209;0.34155530078541297
0;20;0.51161040788951251;0.47345176116113685;0;-0.18211877103846383;0.39405664489795983;0;0.5;-0.085098962927250506;0.57565586743296112;0.88199551175421246;0.37303430367696024
1;20;-0.51161040788951251;-0.47345176116113685;0;0.18211877103846383;-0.39405664489795983;0;0.5;-0.085098962927250506;0.57565586743296112;0.88199551175421246;0.37303430367696024
0;20.5;0.39694968231175676;0.64863905800908139;0;-0.255829887959997;0.30811247095779215;0;0.5;-0.084182759322717087;0.57649280999985453;0.89152165495296952;0.4049239180083802
1;20.5;-0.39694968231175676;-0.64863905800908139;0;0.255829887959997;-0.30811247095779215;0;0.5;-0.084182759322717087;0.57649280999985453;0.89152165495296952;0.4049239180083802
0;21;0.25493133889450326;0.7796495117847887;0;-0.29789316298517304;0.22067855801158523;0;0.5;-0.083669112425426595;0.57702027868923676;0.89915923610780579;0.43463495820346384
1;21;-0.25493133889450326;-0.7796495117847887;0;0.29789316298517304;-0.22067855801158523;0;0.5;-0.083669112425426595;0.57702027868923676;0.89915923610780579;0.43463495820346384
0;21.5;0.098767498125056363;0.86791644497374554;0;-0.31692777216436491;0.13790539570297763;0;0.5;-0.083368931028294645;0.57737479248374755;0.90506376239159265;0.46080174454421119
1;21.5;-0.098767498125056363;-0.86791644497374554;0;0.31692777216436491;-0.13790539570297763;0;0.5;-0.083368931028294645;0.57737479248374755;0.90506376239159265;0.46080174454421119
0;22;-0.06201174656877434;0.91652299805889959;0;-0.31930361840521909;0.06182538646406039;0;0.5;-0.083185315277292214;0.57763041886976077;0.9095137887666228;0.48276404466610459
1;22;0.06201174656877434;-0.91652299805889959;0;0.31930361840521909;-0.06182538646406039;0;0.5;-0.083185315277292214;0.57763041886976077;0.9095137887666228;0.48276404466610459
0;22.5;-0.22041361770774581;0.92896182069605848;0;-0.30928442881668844;-0.0072614491402117759;0;0.5;-0.083069197474033204;0.57782789676257253;0.91276214486563736;0.50023154081038934
1;22.5;0.22041361770774581;-0.92896182069605848;0;0.30928442881668844;0.0072614491402117759;0;0.5;-0.083069197474033204;0.57782789676257253;0.91276214486563736;0.50023154081038934
0;23;-0.37109864930398018;0.90865303517765417;0;-0.28959493617223325;-0.069668955549832878;0;0.5;-0.082995118652750869;0.57799074605588158;0.91500085013563202;0.51309552375592306
1;23;0.37109864930398018;-0.90865303517765417;0;0.28959493617223325;0.069668955549832878;0;0.5;-0.082995118652750869;0.57799074605588158;0.91500085013563202;0.51309552375592306
0;23.5;-0.50976381713687302;0.85880332291410943;0;-0.26190120857883348;-0.12583309198190659;0;0.5;-0.082949568410946611;0.57813357098711082;0.91636123939151709;0.52132844188037737
1;23.5;0.50976381713687302;-0.85880332291410943;0;0.26190120857883348;0.12583309198190659;0;0.5;-0.082949568410946611;0.57813357098711082;0.91636123939151709;0.52132844188037737
0;24;-0.63271822440590109;0.78241551760476113;0;-0.22713750736099178;-0.1760930741690421;0;0.5;-0.082925497513566888;0.57826641521543718;0.91692147678605781;0.52493176919059265
1;24;0.63271822440590109;-0.78241551760476113;0;0.22713750736099178;0.1760930741690421;0;0.5;-0.082925497513566888;0.57826641521543718;0.91692147678605781;0.52493176919059265
0;24.5;-0.73658335970978928;0.68236954490748924;0;-0.18571243887718389;-0.22057803160663314;0;0.5;-0.08291977615953367;0.57839723999853962;0.91671279932875775;0.52391052605926185
1;24.5;0.73658335970978928;-0.68236954490748924;0;0.18571243887718389;0.22057803160663314;0;0.5;-0.08291977615953367;0.57839723999853962;0.91671279932875775;0.52391052605926185
0;25;-0.81807030553983062;0.56154805378291095;0;-0.13763557544288577;-0.25911930929280458;0;0.5;-0.08293216133410485;0.57853360409135605;0.91572208604071516;0.51826383579439472
1;25;0.81807030553983062;-0.56154805378291095;0;0.13763557544288577;0.25911930929280458;0;0.5;-0.08293216133410485;0.57853360409135605;0.91572208604071516;0.51826383579439472
0;25.5;-0.87380419107003748;0.42300721529250362;0;-0.082599146446812197;-0.29114310257312842;0;0.5;-0.082965214586522938;0.5786841963070743;0.91389009100117078;0.50798762030992823
1;25.5;0.87380419107003748;-0.42300721529250362;0;0.082599146446812197;0.29114310257312842;0;0.5;-0.082965214586522938;0.5786841963070743;0.91389009100117078;0.50798762030992823
0;26;-0.90018153774744802;0.27021183793404147;0;-0.020048770698949524;-0.31550633994672017;0;0.5;-0.083025097175742697;0.57886079488237792;0.91110506456217916;0.49309057300943384
1;26;0.90018153774744802;-0.27021183793404147;0;0.020048770698949524;0.31550633994672017;0;0.5;-0.083025097175742697;0.57886079488237792;0.91110506456217916;0.49309057300943384
0;26.5;-0.89326420819744823;0.10737319161088105;0;0.05070705559621505;-0.33023298767011705;0;0.5;-0.083123555203929384;0.57908145971053759;0.90719196293956471;0.47363014334634496
1;26.5;0.89326420819744823;-0.10737319161088105;0;-0.05070705559621505;0.33023298767011705;0;0.5;-0.083123555203929384;0.57908145971053759;0.90719196293956471;0.47363014334634496
0;27;-0.84874540962064304;-0.060047028571556943;0;0.13024950888556441;-0.33209855467534927;0;0.5;-0.083281807996108213;0.57937643960767116;0.90189975600869996;0.44978395571941095
1;27;0.84874540962064304;0.060047028571556943;0;-0.13024950888556441;0.33209855467534927;0;0.5;-0.083281807996108213;0.57937643960767116;0.90189975600869996;0.44978395571941095
0;27.5;-0.76209221148021844;-0.22457321187047702;0;0.21844480759117021;-0.31602868226226244;0;0.5;-0.083537092384739611;0.57979969882720864;0.89489806790852602;0.42198734474352854
1;27.5;0.76209221148021844;0.22457321187047702;0;-0.21844480759117021;0.31602868226226244;0;0.5;-0.083537092384739611;0.57979969882720864;0.89489806790852602;0.42198734474352854
0;28;-0.6291255371771991;-0.37559059513870219;0;0.31301868601748695;-0.2744423372182872;0;0.5;-0.083949384808482434;0.58045111479492687;0.88582270324083568;0.39119265466226244
1;28;0.6291255371771991;0.37559059513870219;0;-0.31301868601748695;0.2744423372182872;0;0.5;-0.083949384808482434;0.58045111479492687;0.88582270324083568;0.39119265466226244
0;28.5;-0.44762672743572185;-0.49789294686996299;0;0.4065433913643195;-0.19735540401451174;0;0.5;-0.084585486290088626;0.58151328159532062;0.87448877805987191;0.35933033541770557
1;28.5;0.44762672743572185;0.49789294686996299;0;-0.4065433913643195;0.19735540401451174;0;0.5;-0.084585486290088626;0.58151328159532062;0.87448877805987191;0.35933033541770557
0;29;-0.22105101542071798;-0.57064970927574776;0;0.4816516772990394;-0.07593274121216069;0;0.5;-0.085382038570098491;0.58327879834299967;0.86154192115193442;0.32999037103267547
1;29;0.22105101542071798;0.57064970927574776;0;-0.4816516772990394;0.07593274121216069;0;0.5;-0.085382038570098491;0.58327879834299967;0.86154192115193442;0.32999037103267547
0;29.5;0.0348452909906211;-0.56971122332388024;0;0.50905580058253663;0.086108720410166525;0;0.5;-0.08572389529548331;0.58603057261903292;0.84972887261953105;0.30888508278016422
1;29.5;-0.0348452909906211;0.56971122332388024;0;-0.50905580058253663;-0.086108720410166525;0;0.5;-0.08572389529548331;0.58603057261903292;0.84972887261953105;0.30888508278016422
0;30;0.28644521637426995;-0.47878525352510776;0;0.46152641244478115;0.25769725963250018;0;0.5;-0.084335082549287529;0.58957637537079185;0.84425849521193977;0.30254779706847374
1;30;-0.28644521637426995;0.47878525352510776;0;-0.46152641244478115;-0.25769725963250018;0;0.5;-0.084335082549287529;0.58957637537079185;0.84425849521193977;0.30254779706847374
0;30.5;0.49143798234367975;-0.30686204586757332;0;0.34361348750046411;0.38875289425987325;0;0.5;-0.081150140406237706;0.59297975149484448;0.84865328088906872;0.31418920511301116
1;30.5;-0.49143798234367975;0.30686204586757332;0;-0.34361348750046411;-0.38875289425987325;0;0.5;-0.081150140406237706;0.59297975149484448;0.84865328088906872;0.31418920511301116
0;31;0.62376182340597874;-0.087831817933334833;0;0.1965662157744541;0.44960700000827591;0;0.5;-0.078047022815263054;0.59542490043400109;0.86019177583949742;0.34080311432421104
1;31;-0.62376182340597874;0.087831817933334833;0;-0.1965662157744541;-0.44960700000827591;0;0.5;-0.078047022815263054;0.59542490043400109;0.86019177583949742;0.34080311432421104
0;31.5;0.68305141331208985;0.14246235406030783;0;0.061734376539312769;0.44980490381088378;0;0.5;-0.076079523151022573;0.59689010130899372;0.87353050432611479;0.37590855261000947
1;31.5;-0.68305141331208985;-0.14246235406030783;0;-0.061734376539312769;-0.44980490381088378;0;0.5;-0.076079523151022573;0.59689010130899372;0.87353050432611479;0.37590855261000947
0;32;0.68250090830107446;0.36081209491548477;0;-0.044205867087162357;0.4145187913391698;0;0.5;-0.075025901702902599;0.59771892621624295;0.88551232988503628;0.41375754826560724
1;32;-0.68250090830107446;-0.36081209491548477;0;0.044205867087162357;-0.4145187913391698;0;0.5;-0.075025901702902599;0.59771892621624295;0.88551232988503628;0.41375754826560724
0;32.5;0.6372207369470394;0.55581857249070254;0;-0.12178073905682643;0.36315730481775943;0;0.5;-0.07447280764037855;0.5981987238862026;0.89528015208993361;0.45074254839671566
1;32.5;-0.6372207369470394;-0.55581857249070254;0;0.12178073905682643;-0.36315730481775943;0;0.5;-0.07447280764037855;0.5981987238862026;0.89528015208993361;0.45074254839671566
0;33;0.55986145432636392;0.72303214348482681;0;-0.1766886274761405;0.30631711371511178;0;0.5;-0.074169540416591582;0.59849340364612521;0.90296500428913609;0.48495289060799054
1;33;-0.55986145432636392;-0.72303214348482681;0;0.1766886274761405;-0.30631711371511178;0;0.5;-0.074169540416591582;0.59849340364612521;0.90296500428913609;0.48495289060799054
0;33.5;0.4600773121252219;0.86141675291157449;0;-0.21452614025309;0.24897397438542304;0;0.5;-0.073992855992824352;0.59868737615169816;0.90893750720612118;0.51547661065974508
1;33.5;-0.4600773121252219;-0.86141675291157449;0;0.21452614025309;-0.24897397438542304;0;0.5;-0.073992855992824352;0.59868737615169816;0.90893750720612118;0.51547661065974508
0;34;0.34509585821587718;0.97145237525607753;0;-0.23956559181440282;0.19323751481239607;0;0.5;-0.073883871043116313;0.59882405842283328;0.91355139320073028;0.54192646443024593
1;34;-0.34509585821587718;-0.97145237525607753;0;0.23956559181440282;-0.19323751481239607;0;0.5;-0.073883871043116313;0.59882405842283328;0.91355139320073028;0.54192646443024593
0;34.5;0.22039180817658194;1.0542176948361086;0;-0.25482152854926382;0.13986889270376013;0;0.5;-0.073813553658263917;0.59892664518491313;0.91708528356317181;0.56417550265439087
1;34.5;-0.22039180817658194;-1.0542176948361086;0;0.25482152854926382;-0.13986889270376013;0;0.5;-0.073813553658263917;0.59892664518491313;0.91708528356317181;0.56417550265439087
0;35;0.09022454403540095;1.1109667557638576;0;-0.26235907419699184;0.089021115259782152;0;0.5;-0.073766877188812274;0.59900819807935589;0.91974419491948961;0.58221812647820328
1;35;-0.09022454403540095;-1.1109667557638576;0;0.26235907419699184;-0.089021115259782152;0;0.5;-0.073766877188812274;0.59900819807935589;0.91974419491948961;0.58221812647820328
0;35.5;-0.041973019507304352;1.1429419933420191;0;-0.26356708059352274;0.040588514519735205;0;0.5;-0.073735690317163346;0.59907652392237624;0.92167376964670531;0.59609808045353052
1;35.5;0.041973019507304352;-1.1429419933420191;0;0.26356708059352274;-0.040588514519735205;0;0.5;-0.073735690317163346;0.59907652392237624;0.92167376964670531;0.59609808045353052
0;36;-0.17331819093002154;1.1512992920365883;0;-0.25935291415115908;-0.0056282600279148193;0;0.5;-0.073715423521420909;0.59913661259195492;0.92297386625964957;0.60587111305111576
1;36;0.17331819093002154;-1.1512992920365883;0;0.25935291415115908;0.0056282600279148193;0;0.5;-0.073715423521420909;0.59913661259195492;0.92297386625964957;0.60587111305111576
0;36.5;-0.30127871301291731;1.1370867350505003;0;-0.25027068889138593;-0.049842486310353921;0;0.5;-0.073703511817506366;0.59919192127858583;0.92370864239428551;0.61158562343559907
1;36.5;0.30127871301291731;-1.1370867350505003;0;0.25027068889138593;0.049842486310353921;0;0.5;-0.073703511817506366;0.59919192127858583;0.92370864239428551;0.61158562343559907
0;37;-0.42352198589993301;1.1012502295015685;0;-0.23660108923919651;-0.092239717313300815;0;0.5;-0.07369862370794826;0.59924510416072767;0.92391311104763063;0.61327281874296768
1;37;0.42352198589993301;-1.1012502295015685;0;0.23660108923919651;0.092239717313300815;0;0.5;-0.07369862370794826;0.59924510416072767;0.92391311104763063;0.61327281874296768
0;37.5;-0.53779369440822766;1.044654511645378;0;-0.2183967054202193;-0.13295086424568445;0;0.5;-0.073700300921018735;0.59929848020634413;0.92359667573884432;0.61094214957001014
1;37.5;0.53779369440822766;-1.044654511645378;0;0.2183967054202193;0.13295086424568445;0;0.5;-0.073700300921018735;0.59929848020634413;0.92359667573884432;0.61094214957001014
0;38;-0.64181157586567261;0.96811610793544733;0;-0.19550175991406826;-0.17202680776790888;0;0.5;-0.073708841608059414;0.5993543989744015;0.92274402169280863;0.6045800844184691
1;38;0.64181157586567261;-0.96811610793544733;0;0.19550175991406826;0.17202680776790888;0;0.5;-0.073708841608059414;0.5993543989744015;0.92274402169280863;0.6045800844184691
0;38.5;-0.73316323458599686;0.87245004369063006;0;-0.16755122399719813;-0.20940457455998032;0;0.5;-0.07372537492062133;0.59941561583654755;0.92131344330468016;0.59415171065708472
1;38.5;0.73316323458599686;-0.87245004369063006;0;0.16755122399719813;0.20940457455998032;0;0.5;-0.07372537492062133;0.59941561583654755;0.92131344330468016;0.59415171065708472
0;39;-0.80919852963775274;0.75853692921706684;0;-0.13395189185485956;-0.24485392935290409;0;0.5;-0.07375215580351712;0.59948579263759595;0.9192323435750806;0.57960585444234158
1;39;0.80919852963775274;-0.75853692921706684;0;0.13395189185485956;0.24485392935290409;0;0.5;-0.07375215580351712;0.59948579263759595;0.9192323435750806;0.57960585444234158
0;39.5;-0.86690784529513587;0.6274234914295258;0;-0.09384751144934407;-0.27788768820471715;0;0.5;-0.073793204045323082;0.59957030062223549;0.91638928141718389;0.56088592769277786
1;39.5;0.86690784529513587;-0.6274234914295258;0;0.09384751144934407;0.27788768820471715;0;0.5;-0.073793204045323082;0.59957030062223549;0.91638928141718389;0.56088592769277786
0;40;-0.90277868292841967;0.48048011139376889;0;-0.046073711122702102;-0.30760731652700241;0;0.5;-0.073855575422723211;0.59967765985190594;0.91262166460741174;0.53795123786823879
1;40;0.90277868292841967;-0.48048011139376889;0;0.046073711122702102;0.30760731652700241;0;0.5;-0.073855575422723211;0.59967765985190594;0.91262166460741174;0.53795123786823879
0;40.5;-0.91262737084397427;0.31965739920336589;0;0.010877099592812273;-0.33243370862595706;0;0.5;-0.073951872412887869;0.59982231223300928;0.90769842978897336;0.51081828012665625
1;40.5;0.91262737084397427;-0.31965739920336589;0;-0.010877099592812273;0.33243370862595706;0;0.5;-0.073951872412887869;0.59982231223300928;0.90769842978897336;0.51081828012665625
0;41;-0.89141824238007838;0.14791673273897238;0;0.078816456694534923;-0.34963766937789476;0;0.5;-0.074105188535006067;0.60003024789278317;0.90129946894571335;0.47964097857818304
1;41;0.89141824238007838;-0.14791673273897238;0;-0.078816456694534923;0.34963766937789476;0;0.5;-0.074105188535006067;0.60003024789278317;0.90129946894571335;0.47964097857818304
0;41.5;-0.83313172642105049;-0.030034654651367454;0;0.15955749214222281;-0.35454554621274098;0;0.5;-0.074358328699088583;0.60035079436929034;0.89300384080351112;0.44486732095518394
1;41.5;0.83313172642105049;0.030034654651367454;0;-0.15955749214222281;0.35454554621274098;0;0.5;-0.074358328699088583;0.60035079436929034;0.89300384080351112;0.44486732095518394
0;42;-0.73088590200503112;-0.20649748268216955;0;0.25384331301215729;-0.33934508118687323;0;0.5;-0.074786896143444786;0.60088108177390171;0.88233506090505635;0.40754264936205188
1;42;0.73088590200503112;0.20649748268216955;0;-0.25384331301215729;0.33934508118687323;0;0.5;-0.074786896143444786;0.60088108177390171;0.88233506090505635;0.40754264936205188
0;42.5;-0.577897204206134;-0.36880529179949934;0;0.35837112886878358;-0.29198297149948432;0;0.5;-0.075492668859596865;0.60181062332063801;0.86902179019461782;0.36986760340274006
1;42.5;0.577897204206134;0.36880529179949934;0;-0.35837112886878358;0.29198297149948432;0;0.5;-0.075492668859596865;0.60181062332063801;0.86902179019461782;0.36986760340274006
0;43;-0.37068648250048142;-0.496911544276046;0;0.45955302937911469;-0.19794083012760824;0;0.5;-0.076446601007960395;0.60346239113747887;0.85386428019117152;0.33605170831391799
1;43;0.37068648250048142;0.496911544276046;0;-0.45955302937911469;0.19794083012760824;0;0.5;-0.076446601007960395;0.60346239113747887;0.85386428019117152;0.33605170831391799
0;43.5;-0.11660074315338501;-0.5632950295892748;0;0.52735219563680258;-0.051655297897657659;0;0.5;-0.076917625485066213;0.60615583353575622;0.84048901832732517;0.31288501830598754
1;43.5;0.11660074315338501;0.5632950295892748;0;-0.52735219563680258;0.051655297897657659;0;0.5;-0.076917625485066213;0.60615583353575622;0.84048901832732517;0.31288501830598754
0;44;0.15664689983510652;-0.54288280326811023;0;0.52596542221387022;0.12305854521136979;0;0.5;-0.075335298918395755;0.60962864487828081;0.83560569394674165;0.30789637201983615
1;44;-0.15664689983510652;0.54288280326811023;0;-0.52596542221387022;-0.12305854521136979;0;0.5;-0.075335298918395755;0.60962864487828081;0.83560569394674165;0.30789637201983615
0;44.5;0.40606132185460642;-0.43433063507309222;0;0.4484717198608017;0.27486856199548249;0;0.5;-0.071891581037470476;0.61279699703924871;0.842727831725037;0.32393673148773443
1;44.5;-0.40606132185460642;0.43433063507309222;0;-0.4484717198608017;-0.27486856199548249;0;0.5;-0.071891581037470476;0.61279699703924871;0.842727831725037;0.32393673148773443
0;45;0.60011335697965507;-0.26461118163694364;0;0.32986475935357673;0.36687205994474054;0;0.5;-0.068885905485997754;0.61490145445683097;0.85718067765644845;0.3563772109213476
1;45;-0.60011335697965507;0.26461118163694364;0;-0.32986475935357673;-0.36687205994474054;0;0.5;-0.068885905485997754;0.61490145445683097;0.85718067765644845;0.3563772109213476
0;45.5;0.73180920660852788;-0.066519991289949565;0;0.21088894368359412;0.40175318377455438;0;0.5;-0.06716835523984669;0.61607001873497217;0.87251472843060721;0.39747965235144082
1;45.5;-0.73180920660852788;0.066519991289949565;0;-0.21088894368359412;-0.40175318377455438;0;0.5;-0.06716835523984669;0.61607001873497217;0.87251472843060721;0.39747965235144082
0;46;0.80843567421507656;0.13697609946863373;0;0.11034154338837188;0.40010606219531264;0;0.5;-0.066316822858609083;0.61669171985143748;0.88570340234533792;0.44113300870644487
1;46;-0.80843567421507656;-0.13697609946863373;0;-0.11034154338837188;-0.40010606219531264;0;0.5;-0.066316822858609083;0.61669171985143748;0.88570340234533792;0.44113300870644487
0;46.5;0.84069296393271342;0.33314681873060831;0;0.03064036060535727;0.37912176123351532;0;0.5;-0.06589298718606922;0.61703451696472211;0.89624641415853303;0.48379462516492599
1;46.5;-0.84069296393271342;-0.33314681873060831;0;-0.03064036060535727;-0.37912176123351532;0;0.5;-0.06589298718606922;0.61703451696472211;0.89624641415853303;0.48379462516492599
0;47;0.83824977086152985;0.5156684929030263;0;-0.031398554100268164;0.34885421105026354;0;0.5;-0.065668924963179944;0.61723641509836522;0.90450506766836571;0.52369765736178201
1;47;-0.83824977086152985;-0.5156684929030263;0;0.031398554100268164;-0.34885421105026354;0;0.5;-0.065668924963179944;0.61723641509836522;0.90450506766836571;0.52369765736178201
0;47.5;0.80881031256952562;0.68164301209947054;0;-0.079645718926440998;0.3145263038644156;0;0.5;-0.065541508096855778;0.61736413177952526;0.91096871491114914;0.56004971051509803
1;47.5;-0.80881031256952562;-0.68164301209947054;0;0.079645718926440998;-0.3145263038644156;0;0.5;-0.065541508096855778;0.61736413177952526;0.91096871491114914;0.56004971051509803
0;48;0.75830843237568524;0.82990618005030858;0;-0.11730841776803586;0.27873920878594449;0;0.5;-0.065463960053237467;0.61745054666744956;0.91605166566704569;0.59255009029708898
1;48;-0.75830843237568524;-0.82990618005030858;0;0.11730841776803586;-0.27873920878594449;0;0.5;-0.065463960053237467;0.61745054666744956;0.91605166566704569;0.59255009029708898
0;48.5;0.69131432463428266;0.96014845141197802;0;-0.1467873280948673;0.24275311268162175;0;0.5;-0.065414011430005925;0.61751265980710807;0.9200665137428928;0.62113601505786059
1;48.5;-0.69131432463428266;-0.96014845141197802;0;0.1467873280948673;-0.24275311268162175;0;0.5;-0.065414011430005925;0.61751265980710807;0.9200665137428928;0.62113601505786059
0;49;0.6113984270542947;1.0724664475539356;0;-0.16982364068498287;0.20714761311459781;0;0.5;-0.065380399087851011;0.61755976292483256;0.92324087247970343;0.64585389433536652
1;49;-0.6113984270542947;-1.0724664475539356;0;0.16982364068498287;-0.20714761311459781;0;0.5;-0.065380399087851011;0.61755976292483256;0.92324087247970343;0.64585389433536652
0;49.5;0.52140887002200198;1.1671332926465761;0;-0.18766995187456628;0.17215426959400013;0;0.5;-0.065357078525656182;0.61759722408131543;0.9257388913970055;0.66679425550577592
1;49.5;-0.52140887002200198;-1.1671332926465761;0;0.18766995187456628;-0.17215426959400013;0;0.5;-0.065357078525656182;0.61759722408131543;0.9257388913970055;0.66679425550577592
0;50;0.42367363444281669;1.2444799989070656;0;-0.20122561413584264;0.13782520496533346;0;0.5;-0.065340631647277751;0.61762831513067206;0.92767867202152961;0.68405869915378727
1;50;-0.42367363444281669;-1.2444799989070656;0;0.20122561413584264;-0.13782520496533346;0;0.5;-0.065340631647277751;0.61762831513067206;0.92767867202152961;0.68405869915378727
0;50.5;0.32014709792117862;1.3048339427133537;0;-0.21113328340939946;0.10411993372622851;0;0.5;-0.065329043178229582;0.61765513849460025;0.92914479575200389;0.69774309343879763
1;50.5;-0.32014709792117862;-1.3048339427133537;0;0.21113328340939946;-0.10411993372622851;0;0.5;-0.065329043178229582;0.61765513849460025;0.92914479575200389;0.69774309343879763
0;51;0.21251781910656703;1.3484871524014403;0;-0.21784505042692323;0.070950799734736808;0;0.5;-0.065321092962776985;0.61767912187688589;0.93019693803508846;0.70792908690773095
1;51;-0.21251781910656703;-1.3484871524014403;0;0.21784505042692323;-0.070950799734736808;0;0.5;-0.065321092962776985;0.61767912187688589;0.93019693803508846;0.70792908690773095
0;51.5;0.10229004655132511;1.3756803796091397;0;-0.22166663701519446;0.038207091623061268;0;0.5;-0.06531604101030075;0.61770129707291553;0.93087563369711537;0.71467990370706384
1;51.5;-0.10229004655132511;-1.3756803796091397;0;0.22166663701519446;-0.038207091623061268;0;0.5;-0.06531604101030075;0.61770129707291553;0.93087563369711537;0.71467990370706384
0;52;-0.0091521201121091619;1.3865956364288772;0;-0.22278594829915885;0.0057680663881264985;0;0.5;-0.06531346022425782;0.61772246746576867;0.93120599829753063;0.71803833183985805
1;52;0.0091521201121091619;-1.3865956364288772;0;0.22278594829915885;-0.0057680663881264985;0;0.5;-0.06531346022425782;0.61772246746576867;0.93120599829753063;0.71803833183985805
0;52.5;-0.12049145733693074;1.3813533857772673;0;-0.22129013495330127;-0.026489693488371088;0;0.5;-0.065313149273961348;0.6177433178593471;0.93119993916513488;0.71802581731979713
1;52.5;0.12049145733693074;-1.3813533857772673;0;0.22129013495330127;0.026489693488371088;0;0.5;-0.065313149273961348;0.6177433178593471;0.93119993916513488;0.71802581731979713
0;53;-0.23043033066286117;1.3600124988433973;0;-0.21717364253404212;-0.058687500080878009;0;0.5;-0.065315094048056881;0.61776449663011747;0.9308571712851727;0.71464211625811574
1;53;0.23043033066286117;-1.3600124988433973;0;0.21717364253404212;0.058687500080878009;0;0.5;-0.065315094048056881;0.61776449663011747;0.9308571712851727;0.71464211625811574
0;53.5;-0.3376453443765246;1.3225722650926441;0;-0.210338427044788;-0.090940317956390432;0;0.5;-0.065319464659596956;0.61778668973349047;0.93016517991149289;0.70786527421218355
1;53.5;0.3376453443765246;-1.3225722650926441;0;0.210338427044788;0.090940317956390432;0;0.5;-0.065319464659596956;0.61778668973349047;0.93016517991149289;0.70786527421218355
0;54;-0.44074016528239918;1.2689766153081485;0;-0.20058642381176536;-0.12335129562411438;0;0.5;-0.065326646809008874;0.61781070317318015;0.9290981206409784;0.69765192932793425
1;54;0.44074016528239918;-1.2689766153081485;0;0.20058642381176536;0.12335129562411438;0;0.5;-0.065326646809008874;0.61781070317318015;0.9290981206409784;0.69765192932793425
0;54.5;-0.53819252918935157;1.199121613849079;0;-0.18760329585679092;-0.15600294571538711;0;0.5;-0.065337317435129598;0.61783757361350934;0.927614492897839;0.68393816219258595
1;54.5;0.53819252918935157;-1.199121613849079;0;0.18760329585679092;0.15600294571538711;0;0.5;-0.065337317435129598;0.61783757361350934;0.927614492897839;0.68393816219258595
0;55;-0.62829066240985965;1.1128685130096203;0;-0.17093129740155397;-0.18894170658051912;0;0.5;-0.065352590392223062;0.61786873750079247;0.92565323645021623;0.66664142998020222
1;55;0.62829066240985965;-1.1128685130096203;0;0.17093129740155397;0.18894170658051912;0;0.5;-0.065352590392223062;0.61786873750079247;0.92565323645021623;0.66664142998020222
0;55.5;-0.70905291658075986;1.0100667072005296;0;-0.14992764303709175;-0.2221501840302961;0;0.5;-0.06537428674509305;0.61790631325289132;0.92312765188186827;0.64566465682032002
1;55.5;0.70905291658075986;-1.0100667072005296;0;0.14992764303709175;0.2221501840302961;0;0.5;-0.06537428674509305;0.61790631325289132;0.92312765188186827;0.64566465682032002
0;56;-0.77812215957378683;0.89059461493000258;0;-0.12370310135638073;-0.25549649664540147;0;0.5;-0.065405443311692773;0.6179536033027791;0.91991620761238302;0.62090454753306019
1;56;0.77812215957378683;-0.89059461493000258;0;0.12370310135638073;0.25549649664540147;0;0.5;-0.065405443311692773;0.6179536033027791;0.91991620761238302;0.62090454753306019
0;56.5;-0.83262328921202466;0.75443349040899943;0;-0.091034260492780905;-0.28864040569387822;0;0.5;-0.065451300777569096;0.61801603775740175;0.91584888339876838;0.59226813315101128
1;56.5;0.83262328921202466;-0.75443349040899943;0;0.091034260492780905;0.28864040569387822;0;0.5;-0.065451300777569096;0.61801603775740175;0.91584888339876838;0.59226813315101128
0;57;-0.86896857077532663;0.60180274676271017;0;-0.05024479499984378;-0.32085632962100619;0;0.5;-0.065521296290426663;0.61810304363283624;0.91068743054039249;0.55970545858599596
1;57;0.86896857077532663;-0.60180274676271017;0;0.05024479499984378;0.32085632962100619;0;0.5;-0.065521296290426663;0.61810304363283624;0.91068743054039249;0.55970545858599596
0;57.5;-0.88259395099052551;0.43341234164315734;0;0.00093400470885189601;-0.35069442683088825;0;0.5;-0.06563320729135899;0.61823194119812437;0.90409881464331287;0.52327432896349345
1;57.5;0.88259395099052551;-0.43341234164315734;0;-0.00093400470885189601;0.35069442683088825;0;0.5;-0.06563320729135899;0.61823194119812437;0.90409881464331287;0.52327432896349345
0;58;-0.86762041490183384;0.25094145516397037;0;0.065452294121451385;-0.37532878093711913;0;0.5;-0.065821799844814712;0.61843643742121122;0.89562708079831949;0.48326952936030696
1;58;0.86762041490183384;-0.25094145516397037;0;-0.065452294121451385;0.37532878093711913;0;0.5;-0.065821799844814712;0.61843643742121122;0.89562708079831949;0.48326952936030696
0;58.5;-0.8164939761658252;0.057955156762943091;0;0.14670123903005783;-0.38934136091776222;0;0.5;-0.066155413521226336;0.61878556511250462;0.884694054994215;0.44048162540163803
1;58.5;0.8164939761658252;-0.057955156762943091;0;-0.14670123903005783;0.38934136091776222;0;0.5;-0.066155413521226336;0.61878556511250462;0.884694054994215;0.44048162540163803
0;59;-0.71988172461459954;-0.13836664614211991;0;0.24705419249104504;-0.3827405983899716;0;0.5;-0.066755339744745008;0.61942404415866436;0.87074911443746981;0.39670443130177846
1;59;0.71988172461459954;0.13836664614211991;0;-0.24705419249104504;0.3827405983899716;0;0.5;-0.066755339744745008;0.61942404415866436;0.87074911443746981;0.39670443130177846
0;59.5;-0.56780075984453582;-0.32424867846348981;0;0.36305510648697842;-0.33920079550075205;0;0.5;-0.06773887811306889;0.62063721582604468;0.85394500901113602;0.35563327265904005
1;59.5;0.56780075984453582;0.32424867846348981;0;-0.36305510648697842;0.33920079550075205;0;0.5;-0.06773887811306889;0.62063721582604468;0.85394500901113602;0.35563327265904005
0;60;-0.35453673623487453;-0.47572562639998295;0;0.47550594600326601;-0.24033580676920752;0;0.5;-0.068750512194741915;0.62283647310330098;0.83702511653456499;0.32393084870760895
1;60;0.35453673623487453;0.47572562639998295;0;-0.47550594600326601;0.24033580676920752;0;0.5;-0.068750512194741915;0.62283647310330098;0.83702511653456499;0.32393084870760895
0;60.5;-0.09025930004318955;-0.56030238907511931;0;0.54485436601532511;-0.085984748072143818;0;0.5;-0.068124483946238978;0.62608825230355569;0.82732675016856382;0.31057739561367188
1;60.5;0.09025930004318955;0.56030238907511931;0;-0.54485436601532511;0.085984748072143818;0;0.5;-0.068124483946238978;0.62608825230355569;0.82732675016856382;0.31057739561367188
0;61;0.18988322545680325;-0.55540025441328544;0;0.53753981432093489;0.085130841444352581;0;0.5;-0.064862605237105683;0.62942933678084566;0.83177676255061914;0.32142188104025232
1;61;-0.18988322545680325;0.55540025441328544;0;-0.53753981432093489;-0.085130841444352581;0;0.5;-0.064862605237105683;0.62942933678084566;0.83177676255061914;0.32142188104025232
0;61.5;0.44398160419444066;-0.46992124509438871;0;0.4641875105158248;0.22016617451918774;0;0.5;-0.061381048237296481;0.6317626085024864;0.84714213624079346;0.3533944655260347
1;61.5;-0.44398160419444066;0.46992124509438871;0;-0.4641875105158248;-0.22016617451918774;0;0.5;-0.061381048237296481;0.6317626085024864;0.84714213624079346;0.3533944655260347
0;62;0.65040066397329843;-0.33266341736592453;0;0.36580812601903701;0.29954716415094262;0;0.5;-0.059334696434635442;0.63303331151361865;0.86494164612715888;0.39774656473086265
1;62;-0.65040066397329843;0.33266341736592453;0;-0.36580812601903701;-0.29954716415094262;0;0.5;-0.059334696434635442;0.63303331151361865;0.86494164612715888;0.39774656473086265
0;62.5;0.80723885130200657;-0.16955780203630252;0;0.27173959274557846;0.33541531997749152;0;0.5;-0.058369015988924861;0.63367169135981099;0.88051452798541648;0.44676261467662526
1;62.5;-0.80723885130200657;0.16955780203630252;0;-0.27173959274557846;-0.33541531997749152;0;0.5;-0.058369015988924861;0.63367169135981099;0.88051452798541648;0.44676261467662526
0;63;0.92063412122125587;0.0028705565426096757;0;0.19165682593223726;0.34492564067108566;0;0.5;-0.057922301701781644;0.63400030466057608;0.89294105689842686;0.49585979807253236
1;63;-0.92063412122125587;-0.0028705565426096757;0;-0.19165682593223726;-0.34492564067108566;0;0.5;-0.057922301701781644;0.63400030466057608;0.89294105689842686;0.49585979807253236
0;63.5;0.99802768628890171;0.1752758966348863;0;0.12584256746888803;0.33981792566200797;0;0.5;-0.057702792798926455;0.63418105852000457;0.90263504104210858;0.54276066475262144
1;63.5;-0.99802768628890171;-0.1752758966348863;0;-0.12584256746888803;-0.33981792566200797;0;0.5;-0.057702792798926455;0.63418105852000457;0.90263504104210858;0.54276066475262144
0;64;1.04596089212819;0.34255261907015994;0;0.071993064965461775;0.32678613648627536;0;0.5;-0.057585692696890891;0.63428821179100385;0.91021574832450031;0.58644960819664884
1;64;-1.04596089212819;-0.34255261907015994;0;-0.071993064965461775;-0.32678613648627536;0;0.5;-0.057585692696890891;0.63428821179100385;0.91021574832450031;0.58644960819664884
0;64.5;1.0696995051220304;0.50193121367774218;0;0.027634516696601094;0.30947832762405952;0;0.5;-0.05751800190399867;0.63435637480105448;0.91620522075957345;0.62653833058076501
1;64.5;-1.0696995051220304;-0.50193121367774218;0;-0.027634516696601094;-0.30947832762405952;0;0.5;-0.05751800190399867;0.63435637480105448;0.91620522075957345;0.62653833058076501
0;65;1.0733854882116698;0.65191651599658273;0;-0.0092767964814732713;0.28988054453915746;0;0.5;-0.057476027611401862;0.63440253333007926;0.92099209408755536;0.66293919594134716
1;65;-1.0733854882116698;-0.65191651599658273;0;0.0092767964814732713;-0.28988054453915746;0;0.5;-0.057476027611401862;0.63440253333007926;0.92099209408755536;0.66293919594134716
0;65.5;1.0602793872085858;0.79171396181289799;0;-0.040308988203536823;0.26908434158807726;0;0.5;-0.057448442573354978;0.6344355391074477;0.92485633754784063;0.69570373434432932
1;65.5;-1.0602793872085858;-0.79171396181289799;0;0.040308988203536823;-0.26908434158807726;0;0.5;-0.057448442573354978;0.6344355391074477;0.92485633754784063;0.69570373434432932
0;66;1.0329748300942705;0.92091715800913876;0;-0.06663997355122793;0.24769262397684302;0;0.5;-0.057429453043500419;0.6344602824413689;0.92799904656389576;0.7249429435864618
1;66;-1.0329748300942705;-0.92091715800913876;0;0.06663997355122793;-0.24769262397684302;0;0.5;-0.057429453043500419;0.6344602824413689;0.92799904656389576;0.7249429435864618
0;66.5;0.99356489037221429;1.0393341584630913;0;-0.089152696399418141;0.2260349238372269;0;0.5;-0.057415905194714635;0.63447961401926175;0.93056577518475232;0.7507877188159001
1;66.5;-0.99356489037221429;-1.0393341584630913;0;0.089152696399418141;-0.2260349238372269;0;0.5;-0.057415905194714635;0.63447961401926175;0.93056577518475232;0.7507877188159001
0;67;0.94376597913944982;1.1468884762956173;0;-0.10851225967074916;0.20428388309774531;0;0.5;-0.057405985048339519;0.63449527821466476;0.93266299574993957;0.77336920555710517
1;67;-0.94376597913944982;-1.1468884762956173;0;0.10851225967074916;-0.20428388309774531;0;0.5;-0.057405985048339519;0.63449527821466476;0.93266299574993957;0.77336920555710517
0;67.5;0.88500933564322648;1.2435612789169088;0;-0.12522298557566511;0.18251981388075988;0;0.5;-0.05739859881581073;0.63450839063320876;0.93436935651511404;0.79280920083486238
1;67.5;-0.88500933564322648;-1.2435612789169088;0;0.12522298557566511;-0.18251981388075988;0;0.5;-0.05739859881581073;0.63450839063320876;0.93436935651511404;0.79280920083486238
0;68;0.81850898791878657;1.3293568034787968;0;-0.13966932241962601;0.16076730409761517;0;0.5;-0.057393060782993516;0.63451969472634853;0.93574333802309398;0.80921567675146587
1;68;-0.81850898791878657;-1.3293568034787968;0;0.13966932241962601;-0.16076730409761517;0;0.5;-0.057393060782993516;0.63451969472634853;0.93574333802309398;0.80921567675146587
0;68.5;0.74531292023914641;1.4042811281092404;0;-0.15214486746177897;0.13901635692043252;0;0.5;-0.057388928087646324;0.63452970610526573;0.93682847769292435;0.82268091348367658
1;68.5;-0.74531292023914641;-1.4042811281092404;0;0.15214486746177897;-0.13901635692043252;0;0.5;-0.057388928087646324;0.63452970610526573;0.93682847769292435;0.82268091348367658
0;69;0.66634232392568205;1.4683287343582621;0;-0.16287288262460284;0.11723473389817596;0;0.5;-0.057385909408531858;0.63453879727196872;0.93765695137920531;0.83328093272375406
1;69;-0.66634232392568205;-1.4683287343582621;0;0.16287288262460284;-0.11723473389817596;0;0.5;-0.057385909408531858;0.63453879727196872;0.93765695137920531;0.83328093272375406
0;69.5;0.58242242323186455;1.5214736367203665;0;-0.172020723175765;0.095375156036231895;0;0.5;-0.057383812732313036;0.63454724955247597;0.93825202904088695;0.84107553819906861
1;69.5;-0.58242242323186455;-1.5214736367203665;0;0.172020723175765;-0.095375156036231895;0;0.5;-0.057383812732313036;0.63454724955247597;0.93825202904088695;0.84107553819906861
0;70;0.49430739797698547;1.563663160137958;0;-0.179709839780858;0.073379414107505744;0;0.5;-0.05738251482926578;0.63455528646435881;0.93862973961398976;0.84610859174487856
1;70;-0.49430739797698547;-1.563663160137958;0;0.179709839780858;-0.073379414107505744;0;0.5;-0.05738251482926578;0.63455528646435881;0.93862973961398976;0.84610859174487856
0;70.5;0.40270126768842363;1.5948131904714804;0;-0.18602245798802589;0.051180565231663477;0;0.5;-0.057381943474366767;0.63456309644606286;0.93879995961561012;0.84840832507089695
1;70.5;-0.40270126768842363;-1.5948131904714804;0;0.18602245798802589;-0.051180565231663477;0;0.5;-0.057381943474366767;0.63456309644606286;0.93879995961561012;0.84840832507089695
0;71;0.30827617267209334;1.6148041557698019;0;-0.19100563601204026;0.028703905104562371;0;0.5;-0.057382067717367921;0.63457084962814838;0.93876705876294196;0.84798758085646444
1;71;-0.30827617267209334;-1.6148041557698019;0;0.19100563601204026;-0.028703905104562371;0;0.5;-0.057382067717367921;0.63457084962814838;0.93876705876294196;0.84798758085646444
0;71.5;0.21168922582115834;1.6234772530638775;0;-0.19467309882523279;0.0058671295135440758;0;0.5;-0.057382893827717195;0.63457871166147259;0.93853017853724957;0.84484392948173072
1;71.5;-0.21168922582115834;-1.6234772530638775;0;0.19467309882523279;-0.0058671295135440758;0;0.5;-0.057382893827717195;0.63457871166147259;0.93853017853724957;0.84484392948173072
0;72;0.11359897848505962;1.6206305924468329;0;-0.19700499938388341;-0.017420054919265425;0;0.5;-0.057384465960733786;0.63458685684501748;0.93808317551807525;0.83895963994833252
1;72;-0.11359897848505962;-1.6206305924468329;0;0.19700499938388341;0.017420054919265425;0;0.5;-0.057384465960733786;0.63458685684501748;0.93808317551807525;0.83895963994833252
0;72.5;0.014682527343732432;1.6060150331628094;0;-0.19794552801741275;-0.041256686946718392;0;0.5;-0.057386871666103817;0.63459548261821588;0.93741422261354376;0.83030150770852951
1;72.5;-0.014682527343732432;-1.6060150331628094;0;0.19794552801741275;0.041256686946718392;0;0.5;-0.057386871666103817;0.63459548261821588;0.93741422261354376;0.83030150770852951
0;73;-0.084345612154763092;1.5793295670301082;0;-0.19739804119391327;-0.06575150554339379;0;0.5;-0.057390253467149707;0.63460482783305871;0.93650502131140798;0.81882056748030995
1;73;0.084345612154763092;-1.5793295670301082;0;0.19739804119391327;0.06575150554339379;0;0.5;-0.057390253467149707;0.63460482783305871;0.93650502131140798;0.81882056748030995
0;73.5;-0.1827115065235968;1.5402161915986525;0;-0.19521706733829491;-0.091023884820811446;0;0.5;-0.057394829269834157;0.63461519823217421;0.93532952972087142;0.80445175541897483
1;73.5;0.1827115065235968;-1.5402161915986525;0;0.19521706733829491;0.091023884820811446;0;0.5;-0.057394829269834157;0.63461519823217421;0.93532952972087142;0.80445175541897483
0;74;-0.27955490633310298;1.4882543458308597;0;-0.19119611034108208;-0.11720438257918833;0;0.5;-0.057400926910131424;0.63462700462965229;0.93385204547478331;0.78711364621461639
1;74;0.27955490633310298;-1.4882543458308597;0;0.19119611034108208;0.11720438257918833;0;0.5;-0.057400926910131424;0.63462700462965229;0.93385204547478331;0.78711364621461639
0;74.5;-0.37389500302772816;1.4229552154919261;0;-0.1850495208540168;-0.14443421386247229;0;0.5;-0.057409042845251677;0.6346408233058435;0.93202438653743074;0.76670850076827957
1;74.5;0.37389500302772816;-1.4229552154919261;0;0.1850495208540168;0.14443421386247229;0;0.5;-0.057409042845251677;0.6346408233058435;0.93202438653743074;0.76670850076827957
0;75;-0.46458532349871673;1.3437566675631176;0;-0.17638570028693834;-0.17286229913885542;0;0.5;-0.057419944191852542;0.63465749597904039;0.92978176687376241;0.74312306382878725
1;75;0.46458532349871673;-1.3437566675631176;0;0.17638570028693834;0.17286229913885542;0;0.5;-0.057419944191852542;0.63465749597904039;0.92978176687376241;0.74312306382878725
0;75.5;-0.55025255389994021;1.250020469390748;0;-0.16466732250956401;-0.20263718306633102;0;0.5;-0.057434852204092617;0.63467830254812248;0.92703673797232889;0.71623093575267845
1;75.5;0.55025255389994021;-1.250020469390748;0;0.16466732250956401;0.20263718306633102;0;0.5;-0.057434852204092617;0.63467830254812248;0.92703673797232889;0.71623093575267845
0;76;-0.6292114083722633;1.1410352572696123;0;-0.14915178328119438;-0.23388831026244652;0;0.5;-0.057455785816648182;0.63470527302104391;0.92367022022189472;0.68589808476579386
1;76;0.6292114083722633;-1.1410352572696123;0;0.14915178328119438;0.23388831026244652;0;0.5;-0.057455785816648182;0.63470527302104391;0.92367022022189472;0.68589808476579386
0;76.5;-0.69934343810292166;1.0160324384679462;0;-0.12880135461962025;-0.26668518557841697;0;0.5;-0.057486234576534626;0.63474177797134652;0.9195181404691852;0.65199453233774915
1;76.5;0.69934343810292166;-1.0160324384679462;0;0.12880135461962025;0.26668518557841697;0;0.5;-0.057486234576534626;0.63474177797134652;0.9195181404691852;0.65199453233774915
0;77;-0.75792115202900967;0.87423002556242746;0;-0.10214756880279394;-0.30095001318588038;0;0.5;-0.057532540960313108;0.63479370476518894;0.91435156131425137;0.6144182171588021
1;77;0.75792115202900967;-0.87423002556242746;0;0.10214756880279394;0.30095001318588038;0;0.5;-0.057532540960313108;0.63479370476518894;0.91435156131425137;0.6144182171588021
0;77.5;-0.80134939658781745;0.71493621179656186;0;-0.067090650222582177;-0.33627083475617259;0;0.5;-0.057606872929265489;0.63487193167808327;0.90784787494519551;0.57314322782703251
1;77.5;0.80134939658781745;-0.71493621179656186;0;0.067090650222582177;0.33627083475617259;0;0.5;-0.057606872929265489;0.63487193167808327;0.90784787494519551;0.57314322782703251
0;78;-0.82478517859064138;0.53778140976087507;0;-0.020625367981240289;-0.37149912565249243;0;0.5;-0.057733837533363747;0.63499782433469262;0.89955277375373432;0.52831771216800731
1;78;0.82478517859064138;-0.53778140976087507;0;0.020625367981240289;0.37149912565249243;0;0.5;-0.057733837533363747;0.63499782433469262;0.89955277375373432;0.52831771216800731
0;78.5;-0.8215972656252587;0.34322910623065694;0;0.041436710738228646;-0.40388436951340567;0;0.5;-0.057965123002562801;0.63521601685835043;0.88884602601684719;0.48046453711942123
1;78.5;0.8215972656252587;-0.34322910623065694;0;-0.041436710738228646;0.40388436951340567;0;0.5;-0.057965123002562801;0.63521601685835043;0.88884602601684719;0.48046453711942123
0;79;-0.78269403581901109;0.13369003859579123;0;0.12433839372582497;-0.42728705878726864;0;0.5;-0.058407731552244423;0.63562445567859622;0.87498124292390128;0.43089266480808818
1;79;0.78269403581901109;-0.13369003859579123;0;-0.12433839372582497;0.42728705878726864;0;0.5;-0.058407731552244423;0.63562445567859622;0.87498124292390128;0.43089266480808818
0;79.5;-0.69609604651511847;-0.084126112607674275;0;0.2322949127205195;-0.42907435210560524;0;0.5;-0.059242853289515183;0.63643805629492799;0.85747454370433813;0.38250487931135202
1;79.5;0.69609604651511847;0.084126112607674275;0;-0.2322949127205195;0.42907435210560524;0;0.5;-0.059242853289515183;0.63643805629492799;0.85747454370433813;0.38250487931135202
0;80;-0.54839594852843121;-0.2948500202245718;0;0.36068750072894418;-0.38782600551291863;0;0.5;-0.060507353104705287;0.63806185408385809;0.8376243871616691;0.34110495075755567
1;80;0.54839594852843121;0.2948500202245718;0;-0.36068750072894418;0.38782600551291863;0;0.5;-0.060507353104705287;0.63806185408385809;0.8376243871616691;0.34110495075755567
0;80.5;-0.33255344028582368;-0.46967679612906021;0;0.48190073717855253;-0.2829684795021592;0;0.5;-0.061056681764545764;0.64087947128229293;0.821716305364671;0.31615522123698519
1;80.5;0.33255344028582368;0.46967679612906021;0;-0.48190073717855253;0.2829684795021592;0;0.5;-0.061056681764545764;0.64087947128229293;0.821716305364671;0.31615522123698519
0;81;-0.064340336953515903;-0.57265692689597758;0;0.5485550763749133;-0.12503838370907333;0;0.5;-0.058642325376776618;0.64435775202002183;0.82012560910420527;0.31704683900856849
1;81;0.064340336953515903;0.57265692689597758;0;-0.5485550763749133;0.12503838370907333;0;0.5;-0.058642325376776618;0.64435775202002183;0.82012560910420527;0.31704683900856849
0;81.5;0.2151906903829745;-0.58841778495843988;0;0.53714827155270628;0.034779595065586658;0;0.5;-0.054641971115027432;0.64710368242940376;0.83435969796554492;0.34453808642892139
1;81.5;-0.2151906903829745;0.58841778495843988;0;-0.53714827155270628;-0.034779595065586658;0;0.5;-0.054641971115027432;0.64710368242940376;0.83435969796554492;0.34453808642892139
0;82;0.47009341197166277;-0.53364484952484614;0;0.47374057425021121;0.15211624474853752;0;0.5;-0.051981627144217986;0.64863612393944939;0.85454080964214121;0.38991030361920172
1;82;-0.47009341197166277;0.53364484952484614;0;-0.47374057425021121;-0.15211624474853752;0;0.5;-0.051981627144217986;0.64863612393944939;0.85454080964214121;0.38991030361920172
0;82.5;0.68654248799270645;-0.43440479383856762;0;0.39590601682964166;0.22242350493548135;0;0.5;-0.050751860967997863;0.64937331617358471;0.87305165989503665;0.44335550353273796
1;82.5;-0.68654248799270645;0.43440479383856762;0;-0.39590601682964166;-0.22242350493548135;0;0.5;-0.050751860967997863;0.64937331617358471;0.87305165989503665;0.44335550353273796
0;83;0.86449116433972517;-0.31053544493684754;0;0.32279816108983811;0.25983308205403916;0;0.5;-0.050224625536594499;0.64972734843540944;0.88788433343129324;0.49860957934285156
1;83;-0.86449116433972517;0.31053544493684754;0;-0.32279816108983811;-0.25983308205403916;0;0.5;-0.050224625536594499;0.64972734843540944;0.88788433343129324;0.49860957934285156
0;83.5;1.0084625929232784;-0.17435868532198304;0;0.25957922163294828;0.27734723935390621;0;0.5;-0.049987521644547171;0.64990841591955581;0.89937813343727698;0.55251048894211362
1;83.5;-1.0084625929232784;0.17435868532198304;0;-0.25957922163294828;-0.27734723935390621;0;0.5;-0.049987521644547171;0.64990841591955581;0.89937813343727698;0.55251048894211362
0;84;1.1235523720214862;-0.033143530291277548;0;0.20609531221845795;0.28318536934959926;0;0.5;-0.049871281111253511;0.65000863935585135;0.90830298946236292;0.60363687023700252
1;84;-1.1235523720214862;0.033143530291277548;0;-0.20609531221845795;-0.28318536934959926;0;0.5;-0.049871281111253511;0.65000863935585135;0.90830298946236292;0.60363687023700252
0;84.5;1.2142386538379184;0.10881380101105578;0;0.16084338904334544;0.28209958713314731;0;0.5;-0.04980888594594152;0.65006848479895788;0.91532570609712908;0.65142438478959873
1;84.5;-1.2142386538379184;-0.10881380101105578;0;-0.16084338904334544;-0.28209958713314731;0;0.5;-0.04980888594594152;0.65006848479895788;0.91532570609712908;0.65142438478959873
0;85;1.2841890338852398;0.24892520942086077;0;0.12225197209587128;0.2768166805191517;0;0.5;-0.049772502836532746;0.65010669552626101;0.92093855529295893;0.69571451939602486
1;85;-1.2841890338852398;-0.24892520942086077;0;-0.12225197209587128;-0.2768166805191517;0;0.5;-0.049772502836532746;0.65010669552626101;0.92093855529295893;0.69571451939602486
0;85.5;1.3363503582749634;0.38559585357668918;0;0.089000375077671265;0.26892980804558581;0;0.5;-0.049749720345416734;0.65013253947163116;0.92549113853022843;0.73653665256318264
1;85.5;-1.3363503582749634;-0.38559585357668918;0;-0.089000375077671265;-0.26892980804558581;0;0.5;-0.049749720345416734;0.65013253947163116;0.92549113853022843;0.73653665256318264
0;86;1.3730901884235154;0.51782155317720069;0;0.060047502295526856;0.2593925329191698;0;0.5;-0.049734580745871333;0.65015090199710909;0.92923127096833208;0.77400302623566065
1;86;-1.3730901884235154;-0.51782155317720069;0;-0.060047502295526856;-0.2593925329191698;0;0.5;-0.049734580745871333;0.65015090199710909;0.92923127096833208;0.77400302623566065
0;86.5;1.3963250774541616;0.64495759514794293;0;0.034587785392262906;0.24878870745365544;0;0.5;-0.049724019479121641;0.6501645126337183;0.93233658102208724;0.80825763679277513
1;86.5;-1.3963250774541616;-0.64495759514794293;0;-0.034587785392262906;-0.24878870745365544;0;0.5;-0.049724019479121641;0.6501645126337183;0.93233658102208724;0.80825763679277513
0;87;1.4076228723845368;0.76658237260795681;0;0.011998730935856721;0.23748229072934468;0;0.5;-0.049716358644478321;0.65017497717561254;0.93493636241166934;0.83945125830774736
1;87;-1.4076228723845368;-0.76658237260795681;0;-0.011998730935856721;-0.23748229072934468;0;0.5;-0.049716358644478321;0.65017497717561254;0.93493636241166934;0.83945125830774736
0;87.5;1.4082809334132433;0.88241467789183126;0;-0.0082034691710862629;0.22570267974181618;0;0.5;-0.04971062728756774;0.65018328421374975;0.93712624868746778;0.8677293944215673
1;87.5;-1.4082809334132433;-0.88241467789183126;0;0.0082034691710862629;-0.22570267974181618;0;0.5;-0.04971062728756774;0.65018328421374975;0.93712624868746778;0.8677293944215673
0;88;1.3993852340266475;0.99226216760374242;0;-0.026398061603699459;0.21359467609451974;0;0.5;-0.049706235607813576;0.65019006724159884;0.93897805273928531;0.89322673702330708
1;88;-1.3993852340266475;-0.99226216760374242;0;0.026398061603699459;-0.21359467609451974;0;0.5;-0.049706235607813576;0.65019006724159884;0.93897805273928531;0.89322673702330708
0;88.5;1.3818550635223059;1.0959884241754438;0;-0.042885097295187455;0.20124853220918329;0;0.5;-0.0497028099134472;0.65019574692970978;0.94054642636604511;0.91606492668459268
1;88.5;-1.3818550635223059;-1.0959884241754438;0;0.042885097295187455;-0.20124853220918329;0;0.5;-0.0497028099134472;0.65019574692970978;0.94054642636604511;0.91606492668459268
0;89;1.356477083118931;1.1934913877915716;0;-0.057904097857404947;0.18871845823799782;0;0.5;-0.049700104719283845;0.65020061174406856;0.9418734288427452;0.93635197742924534
1;89;-1.356477083118931;-1.1934913877915716;0;0.057904097857404947;-0.18871845823799782;0;0.5;-0.049700104719283845;0.65020061174406856;0.9418734288427452;0.93635197742924534
0;89.5;1.3239315387163124;1.2846888930941049;0;-0.071647793352062644;0.17603425975061648;0;0.5;-0.04969795377954843;0.65020486542503447;0.94299170685515273;0.95418251370588933
1;89.5;-1.3239315387163124;-1.2846888930941049;0;0.071647793352062644;-0.17603425975061648;0;0.5;-0.04969795377954843;0.65020486542503447;0.94299170685515273;0.95418251370588933
0;90;1.2848126796262287;1.3695087265135859;0;-0.084272277977033377;0.16320877837221373;0;0.5;-0.049696241696039703;0.65020865594330619;0.94392673876576714;0.96963837077245575
1;90;-1.2848126796262287;-1.3695087265135859;0;0.084272277977033377;-0.16320877837221373;0;0.5;-0.049696241696039703;0.65020865594330619;0.94392673876576714;0.96963837077245575
0;90.5;1.2396448745515192;1.4478815993652461;0;-0.095904561435052327;0.15024270328881717;0;0.5;-0.049694886865775998;0.65021209373550588;0.94469843771575655;0.98278932124844593
1;90.5;-1.2396448745515192;-1.4478815993652461;0;0.095904561435052327;-0.15024270328881717;0;0.5;-0.049694886865775998;0.65021209373550588;0.94469843771575655;0.98278932124844593
0;91;1.1888955145513771;1.5197360156893835;0;-0.10664821304643131;0.13712769490682636;0;0.5;-0.049693830925023839;0.65021526354214325;0.94532230721268625;0.99369380329836859
1;91;-1.1888955145513771;-1.5197360156893835;0;0.10664821304643131;-0.13712769490682636;0;0.5;-0.049693830925023839;0.65021526354214325;0.94532230721268625;0.99369380329836859
0;91.5;1.1329855070282071;1.584994369233081;0;-0.116587592193188;0.12384839712790939;0;0.5;-0.04969303205371365;0.65021823232648172;0.94581027801042739;1.002399586500271
1;91.5;-1.1329855070282071;-1.584994369233081;0;0.116587592193188;-0.12384839712790939;0;0.5;-0.04969303205371365;0.65021823232648172;0.94581027801042739;1.002399586500271
0;92;1.072297962354958;1.6435698241530772;0;-0.1257910135833385;0.11038369693078211;0;0.5;-0.049692460658031566;0.65022105474257976;0.94617131276665976;1.0089443440208542
1;92;-1.072297962354958;-1.6435698241530772;0;0.1257910135833385;-0.11038369693078211;0;0.5;-0.049692460658031566;0.65022105474257976;0.94617131276665976;1.0089443440208542
0;92.5;1.0071855318248091;1.6953636721680976;0;-0.13431309227255675;0.096707456682581808;0;0.5;-0.04969209657534871;0.65022377705145037;0.94641183680662036;1.0133561169780249
1;92.5;-1.0071855318248091;-1.6953636721680976;0;0.13431309227255675;-0.096707456682581808;0;0.5;-0.04969209657534871;0.65022377705145037;0.94641183680662036;1.0133561169780249
0;93;0.93797675545424175;1.7402629460159498;0;-0.14219643846576291;0.082788860874457984;0;0.5;-0.049691927298953602;0.650226440056362;0.9465360341201055;1.0156536656717091
1;93;-0.93797675545424175;-1.7402629460159498;0;0.14219643846576291;-0.082788860874457984;0;0.5;-0.049691927298953602;0.650226440056362;0.9465360341201055;1.0156536656717091
0;93.5;0.86498170942185626;1.7781381235772498;0;-0.14947281640817869;0.068592464763897021;0;0.5;-0.049691946928243228;0.6502290814375594;0.94654603417426896;1.015846706463888
1;93.5;-0.86498170942185626;-1.7781381235772498;0;0.14947281640817869;-0.068592464763897021;0;0.5;-0.049691946928243228;0.6502290814375594;0.94654603417426896;1.015846706463888
0;94;0.78849719806969887;1.8088407899708459;0;-0.15616383827706601;0.054077995951295116;0;0.5;-0.049692155680263095;0.65023173775757642;0.9464420050915406;1.0139360345956664
1;94;-0.78849719806969887;-1.8088407899708459;0;0.15616383827706601;-0.054077995951295116;0;0.5;-0.049692155680263095;0.65023173775757642;0.9464420050915406;1.0139360345956664
0;94.5;0.70881170980182573;1.8322011429775709;0;-0.1622812276799514;0.039199934132624903;0;0.5;-0.049692559888059462;0.65023444635135035;0.94622216075711789;1.0099135333616877
1;94.5;-0.70881170980182573;-1.8322011429775709;0;0.1622812276799514;-0.039199934132624903;0;0.5;-0.049692559888059462;0.65023444635135035;0.94622216075711789;1.0099135333616877
0;95;0.62621034752849991;1.8480252342898909;0;-0.16782665384699413;0.023906874760837214;0;0.5;-0.04969317248302025;0.65023724729596788;0.94588268240426884;1.0037620695773775
1;95;-0.62621034752849991;-1.8480252342898909;0;0.16782665384699413;-0.023906874760837214;0;0.5;-0.04969317248302025;0.65023724729596788;0.94588268240426884;1.0037620695773775
0;95.5;0.54097995216317274;1.8560918375970699;0;-0.17279110282189949;0.0081406663211885388;0;0.5;-0.049694014028933086;0.65024018566827321;0.94541754827446701;0.99545527472468239
1;95.5;-0.54097995216317274;-1.8560918375970699;0;0.17279110282189949;-0.0081406663211885388;0;0.5;-0.049694014028933086;0.65024018566827321;0.94541754827446701;0.99545527472468239
0;96;0.45341466376134854;1.8561488255824579;0;-0.1771537114331064;-0.0081647034072234916;0;0.5;-0.049695114461057629;0.65024331434807342;0.94481825716991106;0.98495721107995338
1;96;-0.45341466376134854;-1.8561488255824579;0;0.1771537114331064;0.0081647034072234916;0;0.5;-0.049695114461057629;0.65024331434807342;0.94481825716991106;0.98495721107995338
0;96.5;0.36382221330760478;1.8479089220187761;0;-0.18087993784449347;-0.025084510405894031;0;0.5;-0.049696515805056741;0.65024669772286227;0.94407342206173938;0.97222192320510938
1;96.5;-0.36382221330760478;-1.8479089220187761;0;0.18087993784449347;0.025084510405894031;0;0.5;-0.049696515805056741;0.65024669772286227;0.94407342206173938;0.97222192320510938
0;97;0.27253131632102884;1.8310446724335327;0;-0.1839188709025284;-0.042705038347943321;0;0.5;-0.049698276341263617;0.6502504168231206;0.94316819698724969;0.95719287850557908
1;97;-0.27253131632102884;-1.8310446724335327;0;0.1839188709025284;0.042705038347943321;0;0.5;-0.049698276341263617;0.6502504168231206;0.94316819698724969;0.95719287850557908
0;97.5;0.17990065964585394;1.8051824475029636;0;-0.18619937690908375;-0.061125726811473241;0;0.5;-0.049700476997636279;0.65025457671510065;0.942083482218988;0.93980230798252305
1;97.5;-0.17990065964585394;-1.8051824475029636;0;0.18619937690908375;0.061125726811473241;0;0.5;-0.049700476997636279;0.65025457671510065;0.942083482218988;0.93980230798252305
0;98;0.086330154909106838;1.7698952585149386;0;-0.18762462711092939;-0.080461794197646541;0;0.5;-0.049703231308278956;0.65025931749383966;0.94079482597536126;0.91997047313132922
1;98;-0.086330154909106838;-1.7698952585149386;0;0.18762462711092939;0.080461794197646541;0;0.5;-0.049703231308278956;0.65025931749383966;0.94079482597536126;0.91997047313132922
0;98.5;-0.0077245916728831757;1.7246941274971985;0;-0.18806430973019822;-0.10084739943935511;0;0.5;-0.049706701274364773;0.65026483113085658;0.93927090078291179;0.89760491315446214
1;98.5;0.0077245916728831757;-1.7246941274971985;0;0.18806430973019822;0.10084739943935511;0;0.5;-0.049706701274364773;0.65026483113085658;0.93927090078291179;0.89760491315446214
0;99;-0.10173322063855408;1.6690177254592415;0;-0.18734345244498682;-0.12243936725978405;0;0.5;-0.049711123336050254;0.6502713880873961;0.93747137092991419;0.87259977935302788
1;99;0.10173322063855408;-1.6690177254592415;0;0.18734345244498682;0.12243936725978405;0;0.5;-0.049711123336050254;0.6502713880873961;0.93747137092991419;0.87259977935302788
0;99.5;-0.19506494280222977;1.6022199937017765;0;-0.1852261720222205;-0.14542138519647385;0;0.5;-0.049716852298735204;0.65027938071283498;0.93534387105823442;0.84483546167930938
1;99.5;0.19506494280222977;-1.6022199937017765;0;0.1852261720222205;0.14542138519647385;0;0.5;-0.049716852298735204;0.65027938071283498;0.93534387105823442;0.84483546167930938
0;100;-0.2869531793215484;1.523555548822431;0;-0.18139166631869297;-0.17000828718968408;0;0.5;-0.049724438396373285;0.65028939650016452;0.93281966311499244;0.81417889642928458
1;100;0.2869531793215484;-1.523555548822431;0;0.18139166631869297;0.17000828718968408;0;0.5;-0.049724438396373285;0.65028939650016452;0.93281966311499244;0.81417889642928458
