# column style format: id;time;x;y;z;vx;vy;vz;mass;totalEnergy;totalSpecificAngularMomentum;rungeLenzVector;semiMajorAxis
# this file will be overwritten without any precaution
# used integrator was heun
0;0;0.5;0;0;0;0.5;0;0.5;-0.125;0.5;0.875;0.26666666666666667
1;0;-0.5;0;0;0;-0.5;0;0.5;-0.125;0.5;0.875;0.26666666666666667
0;0.1;0.4975;0.050000000000000003;0;-0.049629633421039342;0.49753703665789606;0;0.5;-0.12499377337867884;0.50001231481671051;0.87499541001172517;0.26667066334326633
1;0.1;-0.4975;-0.050000000000000003;0;0.049629633421039342;-0.49753703665789606;0;0.5;-0.12499377337867884;0.50001231481671051;0.87499541001172517;0.26667066334326633
0;0.2;0.49004962993623113;0.099503713040496655;0;-0.09875944073702532;0.49012460661491447;0;0.5;-0.12498741076710349;0.5000246262908332;0.87500011289124406;0.26669316015846338
1;0.2;-0.49004962993623113;-0.099503713040496655;0;0.09875944073702532;-0.49012460661491447;0;0.5;-0.12498741076710349;0.5000246262908332;0.87500011289124406;0.26669316015846338
0;0.3;0.47772416714776139;0.14801880324725836;0;-0.14689024361597319;0.47784048228650366;0;0.5;-0.12498091723140922;0.50003692899707835;0.87501405765749274;0.26673405670800069
1;0.3;-0.47772416714776139;-0.14801880324725836;0;0.14689024361597319;-0.47784048228650366;0;0.5;-0.12498091723140922;0.50003692899707835;0.87501405765749274;0.26673405670800069
0;0.4;0.4606483830913547;0.19506333411848936;0;-0.19353409081069972;0.46081395607375003;0;0.5;-0.12497429937970219;0.50004921758085816;0.8750370933109981;0.26679306148008178
1;0.4;-0.4606483830913547;-0.19506333411848936;0;0.19353409081069972;-0.46081395607375003;0;0.5;-0.12497429937970219;0.50004921758085816;0.8750370933109981;0.26679306148008178
0;0.5;0.43899513628677972;0.24017085457348075;0;-0.23821980726231917;0.43922420269886869;0;0.5;-0.12496756526926495;0.50006148682152619;0.87506897087851548;0.26686969529756764
1;0.5;-0.43899513628677972;-0.24017085457348075;0;0.23821980726231917;-0.43922420269886869;0;0.5;-0.12496756526926495;0.50006148682152619;0.87506897087851548;0.26686969529756764
0;0.6;0.4129834211578936;0.28289528803371228;0;-0.28049828632293505;0.41329800083938845;0;0.5;-0.12496072429083829;0.50007373169331606;0.87510934675602908;0.26696329695060849
1;0.6;-0.4129834211578936;-0.28289528803371228;0;0.28049828632293505;-0.41329800083938845;0;0.5;-0.12496072429083829;0.50007373169331606;0.87510934675602908;0.26696329695060849
0;0.7;0.3828759027542149;0.32281556243032944;0;-0.31994744367547173;0.38330685916124962;0;0.5;-0.12495378703278954;0.50008594742297943;0.87515778727785879;0.2670730309256489
1;0.7;-0.3828759027542149;-0.32281556243032944;0;0.31994744367547173;-0.38330685916124962;0;0.5;-0.12495378703278954;0.50008594742297943;0.87515778727785879;0.2670730309256489
0;0.8;0.34897597507928824;0.35953992416548497;0;-0.35617676044977292;0.34956360334626119;0;0.5;-0.1249467651284882;0.50009812954322101;0.87521377441487303;0.2671978971036057
1;0.8;-0.34897597507928824;-0.35953992416548497;0;0.35617676044977292;-0.34956360334626119;0;0.5;-0.1249467651284882;0.50009812954322101;0.87521377441487303;0.2671978971036057
0;0.9;0.31162438750194005;0.39270988524808048;0;-0.38883135371979771;0.31241849025635626;0;0.5;-0.12493967109058075;0.50011027394115079;0.87527671248362261;0.26733674227050205
1;0.9;-0.31162438750194005;-0.39270988524808048;0;0.38883135371979771;-0.31241849025635626;0;0.5;-0.12493967109058075;0.50011027394115079;0.87527671248362261;0.26733674227050205
0;1;0.27119548932981957;0.42200375986539024;0;-0.41759552455967008;0.27225492269755364;0;0.5;-0.12493251813607555;0.50012237690111189;0.87534593573124557;0.26748827325867428
1;1;-0.27119548932981957;-0.42200375986539024;0;0.41759552455967008;-0.27225492269755364;0;0.5;-0.12493251813607555;0.50012237690111189;0.87534593573124557;0.26748827325867428
0;1.1;0.22809314697516797;0.44713975430701242;0;-0.44219574663902173;0.22948484317513784;0;0.5;-0.12492532000621212;0.50013443514139635;0.87542071664868205;0.26765107151638276
1;1.1;-0.22809314697516797;-0.44713975430701242;0;0.44219574663902173;-0.22948484317513784;0;0.5;-0.12492532000621212;0.50013443514139635;0.87542071664868205;0.26765107151638276
0;1.2;0.18274639118535549;0.46787858218204698;0;-0.4624030714417513;0.18454388751929765;0;0.5;-0.12491809078500329;0.50014644584451637;0.87550027485728438;0.26782360888857974
1;1.2;-0.18274639118535549;-0.46787858218204698;0;0.4624030714417513;-0.18454388751929765;0;0.5;-0.12491809078500329;0.50014644584451637;0.87550027485728438;0.26782360888857974
0;1.3;0.13560485354086035;0.4840255850207783;0;-0.47803493910488604;0.13788637937047926;0;0.5;-0.12491084472011718;0.50015840668085589;0.87558378641127562;0.26800426438182749
1;1.3;-0.13560485354086035;-0.4840255850207783;0;0.47803493910488604;-0.13788637937047926;0;0.5;-0.12491084472011718;0.50015840668085589;0.87558378641127562;0.26800426438182749
0;1.4;0.087134051884200189;0.49543234639665829;0;-0.48895639614509945;0.089980244410498789;0;0.5;-0.12490359604942694;0.50017031582567599;0.87567039336045237;0.26819134168182785
1;1.4;-0.087134051884200189;-0.49543234639665829;0;0.48895639614509945;-0.089980244410498789;0;0.5;-0.12490359604942694;0.50017031582567599;0.87567039336045237;0.26819134168182785
0;1.5;0.037810583620400247;0.50199779543245615;0;-0.49508073258103458;0.041301919158565466;0;0.5;-0.12489635883612808;0.50018217196958535;0.87575921342361002;0.26838308719244202
1;1.5;-0.037810583620400247;-0.50199779543245615;0;0.49508073258103458;-0.041301919158565466;0;0.5;-0.12489635883612808;0.50018217196958535;0.87575921342361002;0.26838308719244202
0;1.6;-0.01188271595631148;0.50366880278425186;0;-0.49636956085816403;-0.0076686765645500449;0;0.5;-0.1248891468148277;0.50019397432270738;0.8758493496328094;0.26857770837001257
1;1.6;0.01188271595631148;-0.50366880278425186;0;0.49636956085816403;0.0076686765645500449;0;0.5;-0.1248891468148277;0.50019397432270738;0.8758493496328094;0.26857770837001257
0;1.7;-0.061461595855969942;0.50044027878088149;0;-0.4928323673134325;-0.056453041408070719;0;0.5;-0.12488197325048019;0.50020572261287824;0.87593989982111732;0.26877339213568693
1;1.7;0.061461595855969942;-0.50044027878088149;0;0.4928323673134325;0.056453041408070719;0;0.5;-0.12488197325048019;0.50020572261287824;0.87593989982111732;0.26877339213568693
0;1.8;-0.11044514110323504;0.49235478922426146;0;-0.48452557354186776;-0.10457881432175326;0;0.5;-0.12487485081150247;0.5002174170782915;0.87602996584109554;0.26896832316063349
1;1.8;0.11044514110323504;-0.49235478922426146;0;0.48452557354186776;0.10457881432175326;0;0.5;-0.12487485081150247;0.5002174170782915;0.87602996584109554;0.26896832316063349
0;1.9;-0.15836040698580825;0.47950170935586867;0;-0.4715511498952013;-0.15158427072121078;0;0.5;-0.12486779145787486;0.5002290584550647;0.87611866241732515;0.26916070183383431
1;1.9;0.15836040698580825;-0.47950170935586867;0;0.4715511498952013;0.15158427072121078;0;0.5;-0.12486779145787486;0.5002290584550647;0.87611866241732515;0.26916070183383431
0;2;-0.20474689328442117;0.46201594063209972;0;-0.45405482648068812;-0.19702255588837295;0;0.5;-0.1248608063445424;0.50024064796024109;0.87620512555289993;0.26934876173881232
1;2;0.20474689328442117;-0.46201594063209972;0;0.45405482648068812;0.19702255588837295;0;0.5;-0.1248608063445424;0.50024064796024109;0.87620512555289993;0.26934876173881232
0;2.1;-0.24916082057855254;0.44007621822660203;0;-0.43222394853250501;-0.24046562697579693;0;0.5;-0.12485390573998867;0.50025218727075993;0.87628852042642321;0.26953078648350382
1;2.1;0.24916082057855254;-0.44007621822660203;0;0.43222394853250501;0.24046562697579693;0;0.5;-0.12485390573998867;0.50025218727075993;0.87628852042642321;0.26953078648350382
0;2.2;-0.29117917544400762;0.41390303962210623;0;-0.40628502304968728;-0.28150788301144497;0;0.5;-0.12484709895947771;0.50026367849892753;0.87636804873200058;0.26970512574585228
1;2.2;0.29117917544400762;-0.41390303962210623;0;0.40628502304968728;0.28150788301144497;0;0.5;-0.12484709895947771;0.50026367849892753;0.87636804873200058;0.26970512574585228
0;2.3;-0.33040349601245123;0.38375624632491984;0;-0.37650100232667544;-0.31976946965481745;0;0.5;-0.12484039431214879;0.50027512416490799;0.87644295542953221;0.26987021041598563
1;2.3;0.33040349601245123;-0.38375624632491984;0;0.37650100232667544;0.31976946965481745;0;0.5;-0.12484039431214879;0.50027512416490799;0.87644295542953221;0.26987021041598563
0;2.4;-0.36646337383062466;0.34993229170978229;0;-0.34316834766628018;-0.35489925195730965;0;0.5;-0.12483379906091586;0.50028652716672272;0.8765125348858811;0.27002456673352588
1;2.4;0.36646337383062466;-0.34993229170978229;0;0.34316834766628018;0.35489925195730965;0;0.5;-0.12483379906091586;0.50028652716672272;0.8765125348858811;0.27002456673352588
0;2.5;-0.39901965214315699;0.31276122837403381;0;-0.30661391339629257;-0.38657745390537868;0;0.5;-0.12482731939395996;0.50029789074821118;0.87657613639893887;0.27016682933524798
1;2.5;0.39901965214315699;-0.31276122837403381;0;0.30661391339629257;0.38657745390537868;0;0.5;-0.12482731939395996;0.50029789074821118;0.87657613639893887;0.27016682933524798
0;2.6;-0.42776730455650402;0.27260344825047855;0;-0.26719168754955547;-0.4145179680028227;0;0.5;-0.124820960406511;0.50030921846535985;0.87663316910604964;0.27029575314362518
1;2.6;0.42776730455650402;-0.27260344825047855;0;0.26719168754955547;0.4145179680028227;0;0.5;-0.124820960406511;0.50030921846535985;0.87663316910604964;0.27029575314362518
0;2.7;-0.45243798147535308;0.2298462082050316;0;-0.22527942144633037;-0.43847034155425585;0;0.5;-0.12481472609158661;0.50032051415135691;0.87668310628560189;0.27041022404054533
1;2.7;0.45243798147535308;-0.2298462082050316;0;0.22527942144633037;0.43847034155425585;0;0.5;-0.12481472609158661;0.50032051415135691;0.87668310628560189;0.27041022404054533
0;2.8;-0.47280221471234463;0.18489997303544903;0;-0.18127517615662533;-0.45822144866388331;0;0.5;-0.12480861933838583;0.50033178188067851;0.87672548906586141;0.27050926828252327
1;2.8;0.47280221471234463;-0.18489997303544903;0;0.18127517615662533;0.45822144866388331;0;0.5;-0.12480861933838583;0.50033178188067851;0.87672548906586141;0.27050926828252327
0;2.9;-0.4886712732537733;0.13819460679459744;0;-0.13559380961870218;-0.47359685831585069;0;0.5;-0.12480264193711312;0.50034302593246336;0.8767599295583744;0.27059206062402619
1;2.9;0.4886712732537733;-0.13819460679459744;0;0.13559380961870218;0.47359685831585069;0;0.5;-0.12480264193711312;0.50034302593246336;0.8767599295583744;0.27059206062402619
0;3;-0.49989866533351923;0.090175442282244528;0;-0.088663424224908485;-0.48446190933791589;0;0.5;-0.12479679458912744;0.50035425075338389;0.87678611343465898;0.27065793112410969
1;3;0.49989866533351923;-0.090175442282244528;0;0.088663424224908485;0.48446190933791589;0;0.5;-0.12479679458912744;0.50035425075338389;0.87678611343465898;0.27065793112410969
0;3.1;-0.50638128375671987;0.041299257470050844;0;-0.040921791108529414;-0.49072250267516865;0;0.5;-0.12479107692146516;0.50036546092017819;0.87680380196461737;0.27070637061854069
1;3.1;0.50638128375671987;-0.041299257470050844;0;0.040921791108529414;0.49072250267516865;0;0.5;-0.12479107692146516;0.50036546092017819;0.87680380196461737;0.27070637061854069
0;3.2;-0.50806019286932835;-0.0079698133795042189;0;0.0071872356995562291;-0.49232562033861005;0;0.5;-0.12478548750496012;0.50037666110197184;0.87681283353336542;0.27073703484513325
1;3.2;0.50806019286932835;0.0079698133795042189;0;-0.0071872356995562291;0.49232562033861005;0;0.5;-0.12478548750496012;0.50037666110197184;0.87681283353336542;0.27073703484513325
0;3.3;-0.5049210567465684;-0.057164407006042625;0;0.05521730452940396;-0.48925957878073079;0;0.5;-0.12478002387538068;0.50038785602248594;0.87681312465025208;0.2707497472143609
1;3.3;0.5049210567465684;0.057164407006042625;0;-0.05521730452940396;0.48925957878073079;0;0.5;-0.12478002387538068;0.50038785602248594;0.87681312465025208;0.2707497472143609
0;3.4;-0.49699420913779946;-0.10581807064295473;0;0.10272314180049306;-0.48155402243134571;0;0.5;-0.12477468255720601;0.50039905042220726;0.87680467046000255;0.27074450022070138
1;3.4;0.49699420913779946;0.10581807064295473;0;-0.10272314180049306;0.48155402243134571;0;0.5;-0.12477468255720601;0.50039905042220726;0.87680467046000255;0.27074450022070138
0;3.5;-0.48435436652885333;-0.15346938795726722;0;0.1492641103128286;-0.46927966085148226;0;0.5;-0.12476945908987157;0.50041024902058129;0.87678754476145905;0.27072145549290305
1;3.5;0.48435436652885333;0.15346938795726722;0;-0.1492641103128286;0.46927966085148226;0;0.5;-0.12476945908987157;0.50041024902058129;0.87678754476145905;0.27072145549290305
0;3.6;-0.46711998644047753;-0.19966606591311711;0;0.19440774247539822;-0.45254775058306335;0;0.5;-0.12476434805651922;0.50042145647828463;0.87676189953460927;0.27068094248374942
1;3.6;0.46711998644047753;0.19966606591311711;0;-0.19440774247539822;0.45254775058306335;0;0.5;-0.12476434805651922;0.50042145647828463;0.87676189953460927;0.27068094248374942
0;3.7;-0.44545227384929342;-0.24396895702080346;0;0.2377332403725482;-0.43150932043952894;0;0.5;-0.12475934311548119;0.50043267735963621;0.87672796397178911;0.27062345580225902
1;3.7;0.44545227384929342;0.24396895702080346;0;-0.2377332403725482;0.43150932043952894;0;0.5;-0.12475934311548119;0.50043267735963621;0.87672796397178911;0.27062345580225902
0;3.8;-0.41955383947071484;-0.28595599119294463;0;0.2788349333608891;-0.40635413684750427;0;0.5;-0.12475443703490985;0.5004439160952208;0.87668604300442447;0.27054965119391253
1;3.8;0.41955383947071484;0.28595599119294463;0;-0.2788349333608891;0.40635413684750427;0;0.5;-0.12475443703490985;0.5004439160952208;0.87668604300442447;0.27054965119391253
0;3.9;-0.38966701465324161;-0.32522599098905092;0;0.31732568199297406;-0.37730940405823865;0;0.5;-0.12474962173112427;0.50045517694481791;0.8766365153127366;0.27046034017775903
1;3.9;0.38966701465324161;0.32522599098905092;0;-0.31732568199297406;0.37730940405823865;0;0.5;-0.12474962173112427;0.50045517694481791;0.8766365153127366;0.27046034017775903
0;4;-0.35607182886642424;-0.36140234343142125;0;0.35284021454760806;-0.34463819273965568;0;0.5;-0.12474488831138069;0.50046646396075883;0.87657983080276564;0.27035648335340983
1;4;0.35607182886642424;0.36140234343142125;0;-0.35284021454760806;0.34463819273965568;0;0.5;-0.12474488831138069;0.50046646396075883;0.87657983080276564;0.27035648335340983
0;4.1;-0.31908365727856819;-0.39413650087389546;0;0.3850383794019403;-0.30863758976638056;0;0.5;-0.12474022712187529;0.50047778095187047;0.8765165075331451;0.2702391823962459
1;4.1;0.31908365727856819;0.39413650087389546;0;-0.3850383794019403;0.30863758976638056;0;0.5;-0.12474022712187529;0.50047778095187047;0.8765165075331451;0.2702391823962459
0;4.2;-0.27905054776253552;-0.42311128266841247;0;0.4136082930226741;-0.26963656206479086;0;0.5;-0.1247356278018538;0.50048913144820606;0.87644712807354297;0.27010967076586678
1;4.2;0.27905054776253552;0.42311128266841247;0;-0.4136082930226741;0.26963656206479086;0;0.5;-0.1247356278018538;0.50048913144820606;0.87644712807354297;0.27010967076586678
0;4.3;-0.23635023887372866;-0.44804394868149067;0;0.43826935962140856;-0.22799352824563648;0;0.5;-0.12473107934472345;0.50050051866680908;0.87637233527780147;0.2699693031610696
1;4.3;0.23635023887372866;0.44804394868149067;0;-0.43826935962140856;0.22799352824563648;0;0.5;-0.12473107934472345;0.50050051866680908;0.87637233527780147;0.2699693031610696
0;4.4;-0.19138688293339057;-0.46868901515196248;0;0.45877513467357239;-0.18409363355010658;0;0.5;-0.12472657016703744;0.5005119454788047;0.87629282745775006;0.26981954376458153
1;4.4;0.19138688293339057;0.46868901515196248;0;-0.45877513467357239;0.18409363355010658;0;0.5;-0.12472657016703744;0.5005119454788047;0.87629282745775006;0.26981954376458153
0;4.5;-0.14458749132537504;-0.48484078304790701;0;0.47491600072387385;-0.13834572640259971;0;0.5;-0.12472208818614033;0.50052341437816393;0.8762093529485783;0.26966195333242421
1;4.5;0.14458749132537504;0.48484078304790701;0;-0.47491600072387385;0.13834572640259971;0;0.5;-0.12472208818614033;0.50052341437816393;0.8762093529485783;0.26966195333242421
0;4.6;-0.096398122458941887;-0.49633554907425853;0;0.48652162039398572;-0.091179038629746023;0;0.5;-0.12471762090712845;0.50053492745253146;0.8761227040636218;0.2694981751961267
1;4.6;0.096398122458941887;0.49633554907425853;0;-0.48652162039398572;0.091179038629746023;0;0.5;-0.12471762090712845;0.50053492745253146;0.8761227040636218;0.2694981751961267
0;4.7;-0.047279836526477173;-0.50305346990332966;0;0.49346312848422141;-0.043039576158369466;0;0.5;-0.12471315551958264;0.5005464863565535;0.87603371044544708;0.26932992026090751
1;4.7;0.047279836526477173;0.50305346990332966;0;-0.49346312848422141;0.043039576158369466;0;0.5;-0.12471315551958264;0.5005464863565535;0.87603371044544708;0.26932992026090751
0;4.8;0.0022955548660603953;-0.50492005114555893;0;0.4956550227415662;0.0056137673091970243;0;0.5;-0.12470867900427798;0.50055809228817668;0.87594323183114821;0.26915895109919676
1;4.8;-0.0022955548660603953;0.50492005114555893;0;-0.4956550227415662;-0.0056137673091970243;0;0.5;-0.12470867900427798;0.50055809228817668;0.87594323183114821;0.26915895109919676
0;4.9;0.051849911978430786;-0.501907234136592;0;0.4930567114723482;0.054313354626533569;0;0.5;-0.12470417824976492;0.50056974596841803;0.87585215026262145;0.26898706525615986
1;4.9;-0.051849911978430786;0.501907234136592;0;-0.4930567114723482;-0.054313354626533569;0;0.5;-0.12470417824976492;0.50056974596841803;0.87585215026262145;0.26898706525615986
0;5;0.10090332668058061;-0.49403405586621291;0;0.48567367591945926;0.10258718132638284;0;0.5;-0.12469964017835806;0.50058144762511817;0.87576136178699669;0.26881607790180236
1;5;-0.10090332668058061;0.49403405586621291;0;-0.48567367591945926;-0.10258718132638284;0;0.5;-0.12469964017835806;0.50058144762511817;0.87576136178699669;0.26881607790180236
0;5.1;0.14897877802721329;-0.48136686037397391;0;0.47355820639015139;0.14996344964083827;0;0.5;-0.12469505188066687;0.5005931969811903;0.87567176770799655;0.26864780398228798
1;5.1;-0.14897877802721329;0.48136686037397391;0;-0.47355820639015139;-0.14996344964083827;0;0.5;-0.12469505188066687;0.5005931969811903;0.87567176770799655;0.26864780398228798
0;5.2;0.1956068390146764;-0.46401904372235575;0;0.45680967366589703;0.19597529861153096;0;0.5;-0.12469040075737487;0.50060499324785962;0.87558426546528789;0.26848404004070608
1;5.2;-0.1956068390146764;0.46401904372235575;0;-0.45680967366589703;-0.19597529861153096;0;0.5;-0.12469040075737487;0.50060499324785962;0.87558426546528789;0.26848404004070608
0;5.3;0.24033038619222022;-0.44215031924040404;0;0.43557430135884373;0.2401656406309795;0;0.5;-0.12468567466653411;0.50061683512334798;0.87549973923530702;0.26832654589403683
1;5.3;-0.24033038619222022;0.44215031924040404;0;-0.43557430135884373;-0.2401656406309795;0;0.5;-0.12468567466653411;0.50061683512334798;0.87549973923530702;0.26832654589403683
0;5.4;0.28270926061497248;-0.41596549508726832;0;0.41004441064941505;0.28209204729152293;0;0.5;-0.12468086207420755;0.50062872079740277;0.87541905036291842;0.26817702636779481
1;5.4;-0.28270926061497248;0.41596549508726832;0;-0.41004441064941505;-0.28209204729152293;0;0.5;-0.12468086207420755;0.50062872079740277;0.87541905036291842;0.26817702636779481
0;5.5;0.32232482610128915;-0.38571276225995405;0;0.3804571162264383;0.32133162069027488;0;0.5;-0.12467595220589018;0.50064064796198831;0.87534302774789308;0.2680371133020763
1;5.5;-0.32232482610128915;0.38571276225995405;0;-0.3804571162264383;-0.32133162069027488;0;0.5;-0.12467595220589018;0.50064064796198831;0.87534302774789308;0.2680371133020763
0;5.6;0.35878436905128069;-0.35168149787116715;0;0.34709246115696674;0.35748578070405151;0;0.5;-0.12467093519578836;0.50065261382835916;0.87527245832281956;0.2679083480518003
1;5.6;-0.35878436905128069;0.35168149787116715;0;-0.34709246115696674;-0.35748578070405151;0;0.5;-0.12467093519578836;0.50065261382835916;0.87527245832281956;0.2679083480518003
0;5.7;0.39172528334120615;-0.31419959572406125;0;0.31027098865770969;0.39018489455279354;0;0.5;-0.12466580223076372;0.50066461515061775;0.87520807776895408;0.26779216470917367
1;5.7;-0.39172528334120615;0.31419959572406125;0;-0.31027098865770969;-0.39018489455279354;0;0.5;-0.12466580223076372;0.50066461515061775;0.87520807776895408;0.26779216470917367
0;5.8;0.42081898415278568;-0.27363034375016371;0;0.27035076006171405;0.41909267252787719;0;0.5;-0.12466054568557114;0.50067664825572438;0.87515056162299521;0.26768987427726475
1;5.8;-0.42081898415278568;0.27363034375016371;0;-0.27035076006171405;-0.41909267252787719;0;0.5;-0.12466054568557114;0.50067664825572438;0.87515056162299521;0.26768987427726475
0;5.9;0.44577449611975639;-0.23036887556461014;0;0.22772384033419421;0.44391025333510287;0;0.5;-0.12465515924596414;0.50068870907978405;0.87510051693024314;0.26760265001959731
1;5.9;-0.44577449611975639;0.23036887556461014;0;-0.22772384033419421;-0.44391025333510287;0;0.5;-0.12465515924596414;0.50068870907978405;0.87510051693024314;0.26760265001959731
0;6;0.46634166393112442;-0.18483823101584007;0;0.18281228488634835;0.46437990428144332;0;0.5;-0.1246496380163117;0.50070079321028198;0.87505847459762968;0.26753151420158723
1;6;-0.46634166393112442;0.18483823101584007;0;-0.18281228488634835;-0.46437990428144332;0;0.5;-0.1246496380163117;0.50070079321028198;0.87505847459762968;0.26753151420158723
0;6.1;0.48231393753316182;-0.13748506793694781;0;0.13606367371306444;0.48028826562113519;0;0.5;-0.12464397860858489;0.50071289593378839;0.87502488259340928;0.26747732642532869
1;6.1;-0.48231393753316182;0.13748506793694781;0;-0.13606367371306444;-0.48028826562113519;0;0.5;-0.12464397860858489;0.50071289593378839;0.87502488259340928;0.26747732642532869
0;6.2;0.49353068928463295;-0.088775074109553556;0;0.087946250559756273;0.49146907476966267;0;0.5;-0.12463817920992192;0.50072501228850431;0.87500010012882415;0.26744077373978128
1;6.2;-0.49353068928463295;0.088775074109553556;0;-0.087946250559756273;-0.49146907476966267;0;0.5;-0.12463817920992192;0.50072501228850431;0.87500010012882415;0.26744077373978128
0;6.3;0.49987902675762913;-0.039188134500467875;0;0.03894373542317963;0.4978053146834312;0;0.5;-0.12463223962646413;0.50073713712088618;0.87498439294095973;0.26742236268411173
1;6.3;-0.49987902675762913;0.039188134500467875;0;-0.03894373542317963;-0.4978053146834312;0;0.5;-0.12463223962646413;0.50073713712088618;0.87498439294095973;0.26742236268411173
0;6.4;0.50129507220771574;0.01078668608467338;0;-0.010450112246041303;0.49923074126826383;0;0.5;-0.12462616130175321;0.50074926514546684;0.87497792977568967;0.26742241339330232
1;6.4;-0.50129507220771574;-0.01078668608467338;0;0.010450112246041303;-0.49923074126826383;0;0.5;-0.12462616130175321;0.50074926514546684;0.87497792977568967;0.26742241339330232
0;6.5;0.49776468788610218;0.060656280851962743;0;-0.059737095150096273;0.49573075689773854;0;0.5;-0.12461994730866903;0.50076139100689736;0.87498078014568704;0.26744105586284772
1;6.5;-0.49776468788610218;-0.060656280851962743;0;0.059737095150096273;-0.49573075689773854;0;0.5;-0.12461994730866903;0.50076139100689736;0.87498078014568704;0.26744105586284772
0;6.6;0.48932363512030858;0.10992869265612969;0;-0.108420255218414;0.48734261057990208;0;0.5;-0.12461360231463902;0.50077350934316563;0.87499291341176678;0.2674782284342789
1;6.6;-0.48932363512030858;-0.10992869265612969;0;0.108420255218414;-0.48734261057990208;0;0.5;-0.12461360231463902;0.50077350934316563;0.87499291341176678;0.2674782284342789
0;6.7;0.4760571642071742;0.15811829146371481;0;-0.15600953445401181;0.47415491952623051;0;0.5;-0.12460713252062486;0.50078561484891217;0.87501419920728943;0.26753367852636689
1;6.7;-0.4760571642071742;-0.15811829146371481;0;0.15600953445401181;-0.47415491952623051;0;0.5;-0.12460713252062486;0.50078561484891217;0.87501419920728943;0.26753367852636689
0;6.8;0.45809904138440749;0.20475086988690838;0;-0.20202732811522978;0.45630652132483024;0;0.5;-0.12460054557515979;0.50079770233775917;0.87504440919607161;0.26760696559924235
1;6.8;-0.45809904138440749;-0.20475086988690838;0;0.20202732811522978;-0.45630652132483024;0;0.5;-0.12460054557515979;0.50079770233775917;0.87504440919607161;0.26760696559924235
0;6.9;0.4356300282100698;0.24936859067971512;0;-0.24601384166352186;0.4339846800615822;0;0.5;-0.12459385046542605;0.50080976680260039;0.87508322012532506;0.26769746630142871
1;6.9;-0.4356300282100698;-0.24936859067971512;0;0.24601384166352186;-0.4339846800615822;0;0.5;-0.12459385046542605;0.50080976680260039;0.87508322012532506;0.26769746630142871
0;7;0.4088758373260582;0.29153472312031475;0;-0.28753216825625544;0.40742268304501089;0;0.5;-0.12458705738799865;0.50082180347285846;0.87513021810768135;0.26780438171401519
1;7;-0.4088758373260582;-0.29153472312031475;0;0.28753216825625544;-0.40742268304501089;0;0.5;-0.12458705738799865;0.50082180347285846;0.87513021810768135;0.26780438171401519
0;7.1;0.37810459657315793;0.33083810951206771;0;-0.32617301115289132;0.37689687679491046;0;0.5;-0.12458017760240761;0.50083380786780794;0.87518490404136005;0.26792674657291485
1;7.1;-0.37810459657315793;-0.33083810951206771;0;0.32617301115289132;-0.37689687679491046;0;0.5;-0.12458017760240761;0.50083380786780794;0.87518490404136005;0.26792674657291485
0;7.2;0.34362386055230687;0.36689730846716256;0;-0.36155898489585714;0.34272320124362154;0;0.5;-0.12457322327106181;0.50084577584517576;0.87524670005587964;0.26806344032026443
1;7.2;-0.34362386055230687;-0.36689730846716256;0;0.36155898489585714;-0.34272320124362154;0;0.5;-0.12457322327106181;0.50084577584517576;0.87524670005587964;0.26806344032026443
0;7.3;0.30577721481831349;0.39936436800142955;0;-0.39334844010988951;0.30525328935580803;0;0.5;-0.12456620728932564;0.50085770364436381;0.87531495685308317;0.26821319981027923
1;7.3;-0.30577721481831349;-0.39936436800142955;0;0.39334844010988951;-0.30525328935580803;0;0.5;-0.12456620728932564;0.50085770364436381;0.87531495685308317;0.26821319981027923
0;7.4;0.26494052282198538;0.42792818854975012;0;-0.42123876877068905;0.26487020538596484;0;0.5;-0.12455914310963368;0.50086958792378438;0.8753889618001289;0.2683746334738404
1;7.4;-0.26494052282198538;-0.42792818854975012;0;0.42123876877068905;-0.26487020538596484;0;0.5;-0.12455914310963368;0.50086958792378438;0.8753889618001289;0.2683746334738404
0;7.5;0.22151786940642818;0.45231744357657683;0;-0.44496915933706871;0.2219838986623438;0;0.5;-0.12455204456347595;0.50088142579195252;0.87546794762272791;0.26854623673012979
1;7.5;-0.22151786940642818;-0.45231744357657683;0;0.44496915933706871;-0.2219838986623438;0;0.5;-0.12455204456347595;0.50088142579195252;0.87546794762272791;0.26854623673012979
0;7.6;0.17593725708441293;0.47230303326878342;0;-0.46432278373605484;0.17702645112159621;0;0.5;-0.12454492568489746;0.50089321483213115;0.87555110154331158;0.26872640842289027
1;7.6;-0.17593725708441293;-0.47230303326878342;0;0.46432278373605484;-0.17702645112159621;0;0.5;-0.12454492568489746;0.50089321483213115;0.87555110154331158;0.26872640842289027
0;7.7;0.12864611249498295;0.48770005462831534;0;-0.47912841038263465;0.13044719593296783;0;0.5;-0.1245378005388505;0.50090495312047294;0.87563757470978073;0.26891346805333196
1;7.7;-0.12864611249498295;-0.48770005462831534;0;0.47912841038263465;-0.13044719593296783;0;0.5;-0.1245378005388505;0.50090495312047294;0.87563757470978073;0.26891346805333196
0;7.8;0.080106660421068981;0.49836927891599708;0;-0.48926144880098377;0.082707781646389492;0;0.5;-0.1245306830573349;0.5009166392377391;0.87572649176563793;0.26910567358109252
1;7.8;-0.080106660421068981;-0.49836927891599708;0;0.48926144880098377;-0.082707781646389492;0;0.5;-0.1245306830573349;0.5009166392377391;0.87572649176563793;0.26910567358109252
0;7.9;0.030791221645331868;0.50421813464577125;0;-0.4946444416555989;0.0342772516488868;0;0.5;-0.12452358688579258;0.5009282722747976;0.87581696042109089;0.26930123956859596
1;7.9;-0.030791221645331868;-0.50421813464577125;0;0.4946444416555989;-0.0342772516488868;0;0.5;-0.12452358688579258;0.5009282722747976;0.87581696042109089;0.26930123956859596
0;8;-0.01882251114184913;0.50520120103145727;0;-0.495247028840967;-0.014372797356719372;0;0.5;-0.12451652524170935;0.50093985183220735;0.87590808089648558;0.26949835545211491
1;8;0.01882251114184913;-0.50520120103145727;0;0.495247028840967;0.014372797356719372;0;0.5;-0.12451652524170935;0.50093985183220735;0.87590808089648558;0.26949835545211491
0;8.1;-0.068256168039374565;0.50132022282121624;0;-0.49108541554330098;-0.062772921272843035;0;0.5;-0.12450951078684979;0.50095137801427765;0.87599895512346182;0.26969520373420204
1;8.1;0.068256168039374565;-0.50132022282121624;0;0.49108541554330098;0.062772921272843035;0;0.5;-0.12450951078684979;0.50095137801427765;0.87599895512346182;0.26969520373420204
0;8.2;-0.11703531940924632;0.49262366273015579;0;-0.48222138178728258;-0.11046035018689353;0;0.5;-0.1245025555140311;0.50096285141805653;0.87608869560477617;0.26988997790623843
1;8.2;0.11703531940924632;-0.49262366273015579;0;0.48222138178728258;0.11046035018689353;0;0.5;-0.1245025555140311;0.50096285141805653;0.87608869560477617;0.26988997790623843
0;8.3;-0.1646939722884509;0.47920581214718116;0;-0.46876087490338381;-0.1569832850512024;0;0.5;-0.12449567064885117;0.50097427311774389;0.87617643385007711;0.27008089992594111
1;8.3;0.1646939722884509;-0.47920581214718116;0;0.46876087490338381;0.1569832850512024;0;0.5;-0.12449567064885117;0.50097427311774389;0.87617643385007711;0.27008089992594111
0;8.4;-0.21077890619795403;0.46120548443122583;0;-0.4508522286561738;-0.20190493710166171;0;0.5;-0.12448886656634351;0.5009856446450468;0.87626132832136484;0.27026623709208262
1;8.4;0.21077890619795403;-0.46120548443122583;0;0.4508522286561738;0.20190493710166171;0;0.5;-0.12448886656634351;0.5009856446450468;0.87626132832136484;0.27026623709208262
0;8.5;-0.25485381325696699;0.43880431793876573;0;-0.42868405357909584;-0.24480728557156017;0;0.5;-0.12448215272214432;0.50099696796599968;0.87634257183781311;0.2704443181767391
1;8.5;0.25485381325696699;-0.43880431793876573;0;0.42868405357909584;0.24480728557156017;0;0.5;-0.12448215272214432;0.50099696796599968;0.87634257183781311;0.2704443181767391
0;8.6;-0.29650321196841278;0.41222471798067434;0;-0.40248284253088529;-0.28529453664750687;0;0.5;-0.12447553759744137;0.50100824545476037;0.87641939840455853;0.27061354869349675
1;8.6;0.29650321196841278;-0.41222471798067434;0;0.40248284253088529;0.28529453664750687;0;0.5;-0.12447553759744137;0.50100824545476037;0.87641939840455853;0.27061354869349675
0;8.7;-0.33533610838372579;0.38172746825601972;0;-0.37251033382062099;-0.32299627327917158;0;0.5;-0.12446902865672372;0.5010194798648684;0.87649108944356129;0.27077242519768296
1;8.7;0.33533610838372579;-0.38172746825601972;0;0.37251033382062099;0.32299627327917158;0;0.5;-0.12446902865672372;0.5010194798648684;0.87649108944356129;0.27077242519768296
0;8.8;-0.37098938247863356;0.3476090430345275;0;-0.33906067166032255;-0.35757029124778172;0;0.5;-0.12446263231717761;0.5010306742984171;0.87655697941640217;0.27091954853140815
1;8.8;0.37098938247863356;-0.3476090430345275;0;0.33906067166032255;0.35757029124778172;0;0.5;-0.12446263231717761;0.5010306742984171;0.87655697941640217;0.27091954853140815
0;8.9;-0.40313088139575926;0.3101986515513081;0;-0.30245740042283287;-0.38870512172463278;0;0.5;-0.12445635392846499;0.50104183217354781;0.87661646083870388;0.2710536359416639
1;8.9;0.40313088139575926;-0.3101986515513081;0;0.30245740042283287;0.38870512172463278;0;0.5;-0.12445635392846499;0.50104183217354781;0.87661646083870388;0.2710536359416639
0;9;-0.43146220467696716;0.26985504583727166;0;-0.26305032543412171;-0.4161222443625176;0;0.5;-0.12445019776157881;0.50105295719062731;0.87666898869364327;0.27117353201367326
1;9;0.43146220467696716;-0.26985504583727166;0;0.26305032543412171;0.4161222443625176;0;0.5;-0.12445019776157881;0.50105295719062731;0.87666898869364327;0.27117353201367326
0;9.1;-0.45572116968283111;0.22696312263912111;0;-0.22121226902949245;-0.43957799775488066;0;0.5;-0.12444416700548229;0.50106405329742013;0.87671408425773987;0.27127821837397751
1;9.1;0.45572116968283111;-0.22696312263912111;0;0.22121226902949245;0.43957799775488066;0;0.5;-0.12444416700548229;0.50106405329742013;0.87671408425773987;0.27127821837397751
0;9.2;-0.47568394806390241;0.18193034928511315;0;-0.17733574655335707;-0.4588651959015595;0;0.5;-0.12443826377030472;0.50107512465351677;0.87675133835582244;0.27136682212830341
1;9.2;0.47568394806390241;-0.18193034928511315;0;0.17733574655335707;0.4588651959015595;0;0.5;-0.12443826377030472;0.50107512465351677;0.87675133835582244;0.27136682212830341
0;9.3;-0.49116686641322604;0.13518304242319812;0;-0.13182958306326201;-0.4738144601990516;0;0.5;-0.12443248909597237;0.50108617559423171;0.87678041406391353;0.27143862300810456
1;9.3;0.49116686641322604;-0.13518304242319812;0;0.13182958306326201;0.4738144601990516;0;0.5;-0.12443248909597237;0.50108617559423171;0.87678041406391353;0.27143862300810456
0;9.4;-0.50202786611343708;0.087162527585301269;0;-0.085115487869042245;-0.48429527651521231;0;0.5;-0.12442684296529252;0.50109721059414154;0.87680104887890362;0.2714930592068976
1;9.4;0.50202786611343708;-0.087162527585301269;0;0.085115487869042245;0.48429527651521231;0;0.5;-0.12442684296529252;0.50109721059414154;0.87680104887890362;0.2714930592068976
0;9.5;-0.50816761893104501;0.038321206594097608;0;-0.037624600831587238;-0.49021678622051751;0;0.5;-0.12442132432067687;0.50110823423039441;0.87681305637252739;0.27152973189327023
1;9.5;0.50816761893104501;-0.038321206594097608;0;0.037624600831587238;0.49021678622051751;0;0.5;-0.12442132432067687;0.50110823423039441;0.87681305637252739;0.27152973189327023
0;9.6;-0.50953029615364664;-0.010881441006209445;0;0.010205978327583722;-0.4915283187524962;0;0.5;-0.12441593108387349;0.50111925114589134;0.87681632734454684;0.27154840839192777
1;9.6;0.50953029615364664;0.010881441006209445;0;-0.010205978327583722;0.4915283187524962;0;0.5;-0.12441593108387349;0.50111925114589134;0.87681632734454684;0.27154840839192777
0;9.7;-0.50610399007099494;-0.059982896991552272;0;0.05793666850952664;-0.48821967151909884;0;0.5;-0.12441066017827526;0.50113026601241411;0.87681083048645629;0.27154902402761244
1;9.7;0.50610399007099494;0.059982896991552272;0;-0.05793666850952664;0.48821967151909884;0;0.5;-0.12441066017827526;0.50113026601241411;0.87681083048645629;0.27154902402761244
0;9.8;-0.49792078743362345;-0.10852165894898368;0;0.10512888569203882;-0.48032114084010508;0;0.5;-0.12440550755357315;0.50114128349375919;0.87679661256273092;0.27153168262945365
1;9.8;0.49792078743362345;0.10852165894898368;0;-0.10512888569203882;0.48032114084010508;0;0.5;-0.12440550755357315;0.50114128349375919;0.87679661256273092;0.27153168262945365
0;9.9;-0.48505649525360767;-0.1560412854503424;0;0.15134851418863998;-0.46790330532695118;0;0.5;-0.12440046821272474;0.50115230820892881;0.87677379811193418;0.27149665569558641
1;9.9;0.48505649525360767;0.1560412854503424;0;-0.15134851418863998;0.46790330532695118;0;0.5;-0.12440046821272474;0.50115230820892881;0.87677379811193418;0.27149665569558641
0;10;-0.46763002001429838;-0.20209440716260116;0;0.19616936346662001;-0.45107656075633201;0;0.5;-0.12439553624140191;0.50116334469543163;0.87674258866517276;0.27144438022002166
1;10;0.46763002001429838;0.20209440716260116;0;-0.19616936346662001;0.45107656075633201;0;0.5;-0.12439553624140191;0.50116334469543163;0.87674258866517276;0.27144438022002166
0;10.1;-0.44580240210327471;-0.24624667893642821;0;0.2391766024691469;-0.42999040324741028;0;0.5;-0.12439070484026461;0.50117439737275395;0.87670326147473686;0.27137545518608017
1;10.1;0.44580240210327471;0.24624667893642821;0;-0.2391766024691469;0.42999040324741028;0;0.5;-0.12439070484026461;0.50117439737275395;0.87670326147473686;0.27137545518608017
0;10.2;-0.41977550814746989;-0.28808064748617546;0;0.27997016187504187;-0.40483245555042863;0;0.5;-0.12438596636057156;0.50118547050608122;0.87665616774157957;0.27129063673352361
1;10.2;0.41977550814746989;0.28808064748617546;0;-0.27997016187504187;0.40483245555042863;0;0.5;-0.12438596636057156;0.50118547050608122;0.87665616774157957;0.27129063673352361
0;10.3;-0.38979038497968743;-0.32719950866186776;0;0.31816809256595779;-0.37582722963614434;0;0.5;-0.1243813123437807;0.50119656817037429;0.87660173032685879;0.27119083201012201
1;10.3;0.38979038497968743;0.32719950866186776;0;-0.31816809256595779;0.37582722963614434;0;0.5;-0.1243813123437807;0.50119656817037429;0.87660173032685879;0.27119083201012201
0;10.4;-0.35612528026374707;-0.36323072756210972;0;0.35340986582652784;-0.34323461767483843;0;0.5;-0.12437673356590434;0.50120769421493838;0.87654044093036341;0.27107709172306056
1;10.4;0.35612528026374707;0.36323072756210972;0;-0.35340986582652784;0.34323461767483843;0;0.5;-0.12437673356590434;0.50120769421493838;0.87654044093036341;0.27107709172306056
0;10.5;-0.31909333640509702;-0.39582949390448352;0;0.38535959757378047;-0.30734810303578247;0;0.5;-0.12437222008746347;0.50121885222866063;0.87647285671753135;0.27095060141154244
1;10.5;0.31909333640509702;0.39582949390448352;0;-0.38535959757378047;0.30734810303578247;0;0.5;-0.12437222008746347;0.50121885222866063;0.87647285671753135;0.27095060141154244
0;10.6;-0.27903996631804084;-0.42468198422730419;0;0.41370917531626322;-0.26849268323564923;0;0.5;-0.12436776130992336;0.50123004550613658;0.87639959637717442;0.27081267146938207
1;10.6;0.27903996631804084;0.42468198422730419;0;-0.41370917531626322;0.26849268323564923;0;0.5;-0.12436776130992336;0.50123004550613658;0.87639959637717442;0.27081267146938207
0;10.7;-0.23633992193985626;-0.4495084017243936;0;0.43818126272257391;-0.22702249791353227;0;0.5;-0.12436334603948771;0.5012412770149524;0.87632133559415926;0.27066472595543979
1;10.7;0.23633992193985626;0.4495084017243936;0;-0.43818126272257391;0.22702249791353227;0;0.5;-0.12436334603948771;0.5012412770149524;0.87632133559415926;0.27066472595543979
0;10.8;-0.19139406909080656;-0.47006576390236665;0;0.45853215279737786;-0.18331815698571288;0;0.5;-0.12435896255907143;0.50125254936443797;0.87623880192531355;0.27050829024049919
1;10.8;0.19139406909080656;0.47006576390236665;0;-0.45853215279737786;0.18331815698571288;0;0.5;-0.12435896255907143;0.50125254936443797;0.87623880192531355;0.27050829024049919
0;10.9;-0.14462588537464446;-0.48615040789359371;0;0.4745544369048782;-0.13778376718307164;0;0.5;-0.12435459870916307;0.50126386477625366;0.87615276907284242;0.2703449775516302
1;10.9;0.14462588537464446;0.48615040789359371;0;-0.4745544369048782;0.13778376718307164;0;0.5;-0.12435459870916307;0.50126386477625366;0.87615276907284242;0.2703449775516302
0;11;-0.0964777012745585;-0.49760018325663091;0;0.48607945344657943;-0.090843659213715733;0;0.5;-0.12435024197812136;0.50127522505721916;0.87606405055759207;0.27017647448913186
1;11;0.0964777012745585;0.49760018325663091;0;-0.48607945344657943;0.090843659213715733;0;0.5;-0.12435024197812136;0.50127522505721916;0.87606405055759207;0.27017647448913186
0;11.1;-0.04740670838157969;-0.50429630254839752;0;0.49297947710571838;-0.042938822800656334;0;0.5;-0.12434587960222674;0.50128663157483041;0.87597349280455439;0.27000452560663599
1;11.1;0.04740670838157969;0.50429630254839752;0;-0.49297947710571838;0.042938822800656334;0;0.5;-0.12434587960222674;0.50128663157483041;0.87597349280455439;0.27000452560663599
0;11.2;0.002119237268627127;-0.5061648209533528;0;0.49516960743413613;0.0054769372461066536;0;0.5;-0.12434149867552986;0.50129808523594278;0.87588196766494121;0.26983091716161228
1;11.2;-0.002119237268627127;0.5061648209533528;0;-0.49516960743413613;-0.0054769372461066536;0;0.5;-0.12434149867552986;0.50129808523594278;0.87588196766494121;0.26983091716161228
0;11.3;0.051625984565808011;-0.5031777178901865;0;0.49260931439489392;0.053941104064308042;0;0.5;-0.12433708626920778;0.50130958646911746;0.87579036441275386;0.26965746016098475
1;11.3;-0.051625984565808011;0.5031777178901865;0;-0.49260931439489392;-0.053941104064308042;0;0.5;-0.12433708626920778;0.50130958646911746;0.87579036441275386;0.26965746016098475
0;11.4;0.10063759294655533;-0.49535355585819646;0;0.48530359848876264;0.10198678369454997;0;0.5;-0.124332629559763;0.50132113521113508;0.87569958126870454;0.26948597284439949
1;11.4;-0.10063759294655533;0.49535355585819646;0;-0.48530359848876264;-0.10198678369454997;0;0.5;-0.124332629559763;0.50132113521113508;0.87569958126870454;0.26948597284439949
0;11.5;0.14868093360673315;-0.48275769488699671;0;0.47330372446337982;0.14914723702480884;0;0.5;-0.12432811596499333;0.50133273089816954;0.87561051652018873;0.26931826276533563
1;11.5;-0.14868093360673315;0.48275769488699671;0;-0.47330372446337982;-0.14914723702480884;0;0.5;-0.12432811596499333;0.50133273089816954;0.87561051652018873;0.26931826276533563
0;11.6;0.19529034164907877;-0.46550204484430641;0;0.45670749047191495;0.19496056588948812;0;0.5;-0.12432353328623118;0.50134437246208772;0.87552405932223055;0.26915610864712026
1;11.6;-0.19529034164907877;0.46550204484430641;0;-0.45670749047191495;-0.19496056588948812;0;0.5;-0.12432353328623118;0.50134437246208772;0.87552405932223055;0.26915610864712026
0;11.7;0.24001227088009858;-0.44374434253910205;0;0.43565899900556593;0.2389745027237857;0;0.5;-0.12431886985492332;0.50135605833229256;0.87544108028031623;0.26900124220633155
1;11.7;-0.24001227088009858;0.44374434253910205;0;-0.43565899900556593;-0.2389745027237857;0;0.5;-0.12431886985492332;0.50135605833229256;0.87544108028031623;0.26900124220633155
0;11.8;0.28240989986785331;-0.41768694600144363;0;0.41034790200198074;0.28075124587885553;0;0.5;-0.12431411468121137;0.50136778644345932;0.87536242193110975;0.2688553301493633
1;11.8;-0.28240989986785331;0.41768694600144363;0;-0.41034790200198074;-0.28075124587885553;0;0.5;-0.12431411468121137;0.50136778644345932;0.87536242193110975;0.2688553301493633
0;11.9;0.3220676354591685;-0.38757514446161467;0;0.38100810018953324;0.31987227622494374;0;0.5;-0.12430925760180389;0.50137955424942667;0.87528888925048851;0.26871995655838786
1;11.9;-0.3220676354591685;0.38757514446161467;0;-0.38100810018953324;-0.31987227622494374;0;0.5;-0.12430925760180389;0.50137955424942667;0.87528888925048851;0.26871995655838786
0;12;0.35859545838529489;-0.35369498929031684;0;0.34791588584698813;0.3559430853582482;0;0.5;-0.12430428942412659;0.50139135874339744;0.87522124032941372;0.26859660588993329
1;12;-0.35859545838529489;0.35369498929031684;0;-0.34791588584698813;-0.3559430853582482;0;0.5;-0.12430428942412659;0.50139135874339744;0.87522124032941372;0.26859660588993329
0;12.1;0.39163305499726442;-0.31637065836435008;0;0.31138752854005297;0.3885977419159346;0;0.5;-0.12429920206351808;0.50140319648448078;0.87516017736616323;0.26848664681219204
1;12.1;-0.39163305499726442;0.31637065836435008;0;-0.31138752854005297;-0.3885977419159346;0;0.5;-0.12429920206351808;0.50140319648448078;0.87516017736616323;0.26848664681219204
0;12.2;0.42085367968025794;-0.275961373822323;0;0.27177631476183939;0.41750322048908606;0;0.5;-0.1242939886701261;0.50141506363047041;0.87510633812777786;0.26839131710551159
1;12.2;-0.42085367968025794;0.275961373822323;0;-0.27177631476183939;-0.41750322048908606;0;0.5;-0.1242939886701261;0.50141506363047041;0.87510633812777786;0.26839131710551159
0;12.3;0.4459676941825611;-0.23285790077901686;0;0.22946906440223325;0.44236341764503923;0;0.5;-0.12428864374216986;0.50142695597660893;0.87506028803370101;0.26831170984392496
1;12.3;-0.4459676941825611;0.23285790077901686;0;-0.22946906440223325;-0.44236341764503923;0;0.5;-0.12428864374216986;0.50142695597660893;0.87506028803370101;0.26831170984392496
0;12.4;0.4667257330029575;-0.18747866206102326;0;0.18488215919079945;0.46292278179261226;0;0.5;-0.12428316322237671;0.5014388689999386;0.87502251301017374;0.26824876106387004
1;12.4;-0.4667257330029575;0.18747866206102326;0;-0.18488215919079945;-0.46292278179261226;0;0.5;-0.12428316322237671;0.5014388689999386;0.87502251301017374;0.26824876106387004
0;12.5;0.48292144811080601;-0.1402655111840041;0;0.13845713024641643;0.47896948811888285;0;0.5;-0.12427754457468157;0.50145079790869246;0.87499341325482775;0.26820323910941424
1;12.5;-0.48292144811080601;0.1402655111840041;0;-0.13845713024641643;-0.47896948811888285;0;0.5;-0.12427754457468157;0.50145079790869246;0.87499341325482775;0.26820323910941424
0;12.6;0.49439379157881364;-0.091679212384882608;0;0.090655863151952037;0.49033809656473581;0;0.5;-0.12427178683868983;0.50146273769604171;0.87497329803715072;0.26817573582154227
1;12.6;-0.49439379157881364;0.091679212384882608;0;-0.090655863151952037;-0.49033809656473581;0;0.5;-0.12427178683868983;0.50146273769604171;0.87497329803715072;0.26817573582154227
0;12.7;0.50102880109525838;-0.042194682330325528;0;0.041955489087144179;0.49691163965105967;0;0.5;-0.12426589065993831;0.50147468319738994;0.87496238164236819;0.2681666597127754
1;12.7;-0.50102880109525838;0.042194682330325528;0;-0.041955489087144179;-0.49691163965105967;0;0.5;-0.12426589065993831;0.50147468319738994;0.87496238164236819;0.2681666597127754
0;12.8;0.50276086065003156;0.0077039470549049131;0;-0.0071569609371369448;0.49862309767489993;0;0.5;-0.12425985829462289;0.50148662915030233;0.87496078054429931;0.26817623123816919
1;12.8;-0.50276086065003156;-0.0077039470549049131;0;0.0071569609371369448;-0.49862309767489993;0;0.5;-0.12425985829462289;0.50148662915030233;0.87496078054429931;0.26817623123816919
0;12.9;0.49957341677609141;0.057528381531133529;0;-0.056190055171186866;0.49545623102446329;0;0.5;-0.12425369358816963;0.50149857025607822;0.87496851186761259;0.26820448024034914
1;12.9;-0.49957341677609141;-0.057528381531133529;0;0.056190055171186866;-0.49545623102446329;0;0.5;-0.12425369358816963;0.50149857025607822;0.87496851186761259;0.26820448024034914
0;13;0.49149913935945222;0.1067912677747818;0;-0.10465352572015904;0.48744575269132412;0;0.5;-0.12424740192777772;0.50151050124192543;0.87498549317251788;0.26825124561060857
1;13;-0.49149913935945222;-0.1067912677747818;0;0.10465352572015904;-0.48744575269132412;0;0.5;-0.12424740192777772;0.50151050124192543;0.87498549317251788;0.26825124561060857
0;13.1;0.4786195249665795;0.15501128041512596;0;-0.15206380903086983;0.47467683800514798;0;0.5;-0.12424099016981892;0.50152241692267653;0.87501154356629139;0.26831617717122913
1;13.1;-0.4786195249665795;-0.15501128041512596;0;0.15206380903086983;-0.47467683800514798;0;0.5;-0.12424099016981892;0.50152241692267653;0.87501154356629139;0.26831617717122913
0;13.2;0.46106394962398867;0.20171812680927498;0;-0.19794947343155322;0.45728398266433262;0;0.5;-0.12423446654370725;0.50153431226100005;0.87504638611722415;0.26839873974716956
1;13.2;-0.46106394962398867;-0.20171812680927498;0;0.19794947343155322;-0.45728398266433262;0;0.5;-0.12423446654370725;0.50153431226100005;0.87504638611722415;0.26839873974716956
0;13.3;0.43900818676473413;0.24645740529885127;0;-0.24185644816674651;0.43544923376343919;0;0.5;-0.12422784053451605;0.50154618242510548;0.87508965151870112;0.26849821935919002
1;13.3;-0.43900818676473413;-0.24645740529885127;0;0.24185644816674651;-0.43544923376343919;0;0.5;-0.12422784053451605;0.50154618242510548;0.87508965151870112;0.26849821935919002
0;13.4;0.41267241438381519;0.28879525583117743;0;-0.2833529740133095;0.40939983122708856;0;0.5;-0.12422112274718799;0.50155802284301556;0.87514088292519635;0.26861373143637699
1;13.4;-0.41267241438381519;-0.28879525583117743;0;0.2833529740133095;-0.40939983122708856;0;0.5;-0.12422112274718799;0.50155802284301556;0.87514088292519635;0.26861373143637699
0;13.5;0.38231874309376052;0.32832274617937579;0;-0.32203420331041765;0.37940530840297404;0;0.5;-0.12421432475563414;0.50156982925257873;0.87519954185893922;0.26874423091485731
1;13.5;-0.38231874309376052;-0.32832274617937579;0;0.32203420331041765;-0.37940530840297404;0;0.5;-0.12421432475563414;0.50156982925257873;0.87519954185893922;0.26874423091485731
0;13.6;0.3482483035480648;0.36465994240216393;0;-0.35752638673873333;0.34577411017090287;0;0.5;-0.12420745894032844;0.50158159774651772;0.87526501506663498;0.26888852406205506
1;13.6;-0.3482483035480648;-0.36465994240216393;0;0.35752638673873333;-0.34577411017090287;0;0.5;-0.12420745894032844;0.50158159774651772;0.87526501506663498;0.26888852406205506
0;13.7;0.31079793744775336;0.39745961845477062;0;-0.38949059502722438;0.30884979450955102;0;0.5;-0.1242005383181708;0.5015933248119462;0.87533662219048409;0.26904528184279606
1;13.7;-0.31079793744775336;-0.39745961845477062;0;0.38949059502722438;-0.30884979450955102;0;0.5;-0.1242005383181708;0.5015933248119462;0.87533662219048409;0.26904528184279606
0;13.8;0.27033654095339327;0.42641056678374512;0;-0.41762593549377164;0.26900688885048807;0;0.5;-0.12419357636841092;0.50160500736393164;0.87541362410719195;0.26921305462535793
1;13.8;-0.27033654095339327;-0.42641056678374512;0;0.41762593549377164;-0.26900688885048807;0;0.5;-0.12419357636841092;0.50160500736393164;0.87541362410719195;0.26921305462535793
0;13.9;0.22726111272668312;0.4512404790846124;0;-0.44167223546600198;0.22664647567009122;0;0.5;-0.1241865868583044;0.50161664277283303;0.87549523178281778;0.26939028801245132
1;13.9;-0.22726111272668312;-0.4512404790846124;0;0.44167223546600198;-0.22664647567009122;0;0.5;-0.1241865868583044;0.50161664277283303;0.87549523178281778;0.26939028801245132
0;14;0.18199256100492922;0.47171837394490829;0;-0.46141217672054469;0.18219158265897645;0;0.5;-0.12417958367192917;0.50162822888528876;0.87558061549008685;0.26957533957414985
1;14;-0.18199256100492922;-0.47171837394490829;0;0.46141217672054469;-0.18219158265897645;0;0.5;-0.12417958367192917;0.50162822888528876;0.87558061549008685;0.26957533957414985
0;14.1;0.13497132509577303;0.48765655561728327;0;-0.47667287669498026;0.13608245159588714;0;0.5;-0.12417258064524086;0.50163976403886867;0.87566891423788826;0.26976649625681974
1;14.1;-0.13497132509577303;-0.48765655561728327;0;0.47667287669498026;-0.13608245159588714;0;0.5;-0.12417258064524086;0.50163976403886867;0.87566891423788826;0.26976649625681974
0;14.2;0.086652866536434656;0.49891209546681847;0;-0.48732692299340719;0.088771756950403097;0;0.5;-0.12416559141001763;0.50165124707053151;0.87575924526963909;0.26996199224382374
1;14.2;-0.086652866536434656;-0.49891209546681847;0;0.48732692299340719;-0.088771756950403097;0;0.5;-0.12416559141001763;0.50165124707053151;0.87575924526963909;0.26996199224382374
0;14.3;0.037503083993668709;0.50538783453704095;0;-0.49329287731795701;0.040719840521870457;0;0.5;-0.12415862924886248;0.501662677319138;0.87585071349742383;0.27016002704972875
1;14.3;-0.037503083993668709;-0.50538783453704095;0;0.49329287731795701;-0.040719840521870457;0;0.5;-0.12415862924886248;0.501662677319138;0.87585071349742383;0.27016002704972875
0;14.4;-0.012006296083365953;0.50703291203422629;0;-0.49453527318582358;-0.007609977589921782;0;0.5;-0.12415170696291822;0.50167405462236427;0.87594242075163326;0.27035878363936744
1;14.4;0.012006296083365953;-0.50703291203422629;0;0.49453527318582358;0.007609977589921782;0;0.5;-0.12415170696291822;0.50167405462236427;0.87594242075163326;0.27035878363936744
0;14.5;-0.061402303857155158;0.50384283022692711;0;-0.49106413848601599;-0.055755958350300117;0;0.5;-0.12414483675343893;0.50168537930842798;0.87603347474050972;0.27055644637574219
1;14.5;0.061402303857155158;-0.50384283022692711;0;0.49106413848601599;0.055755958350300117;0;0.5;-0.12414483675343893;0.50168537930842798;0.87603347474050972;0.27055644637574219
0;14.6;-0.11021523974405807;0.49585907121978734;0;-0.48293407902278634;-0.1032623277266832;0;0.5;-0.12413803011786277;0.50169665218309621;0.87612299762982089;0.27075121861573523
1;14.6;0.11021523974405807;-0.49585907121978734;0;0.48293407902278634;0.1032623277266832;0;0.5;-0.12413803011786277;0.50169665218309621;0.87612299762982089;0.27075121861573523
0;14.7;-0.15798307533512096;0.48316828524464484;0;-0.47024296268765192;-0.14968344726749172;0;0.5;-0.12413129776057497;0.50170787451247006;0.87621013416914325;0.2709413397892009
1;14.7;0.15798307533512096;-0.48316828524464484;0;0.47024296268765192;0.14968344726749172;0;0.5;-0.12413129776057497;0.50170787451247006;0.87621013416914325;0.2709413397892009
0;14.8;-0.2042557037249845;0.4659010735072871;0;-0.45313024586783424;-0.19458774118787403;0;0.5;-0.12412464951814091;0.50171904800205855;0.87629405930729477;0.27112510181460018
1;14.8;0.2042557037249845;-0.4659010735072871;0;0.45313024586783424;0.19458774118787403;0;0.5;-0.12412464951814091;0.50171904800205855;0.87629405930729477;0.27112510181460018
0;14.9;-0.24859900559955972;0.4442303912538289;0;-0.43177498425794519;-0.23756135730860706;0;0.5;-0.12411809429844453;0.50173017477264845;0.87637398525476607;0.27130086472226252
1;14.9;0.24859900559955972;-0.4442303912538289;0;0.43177498425794519;0.23756135730860706;0;0.5;-0.12411809429844453;0.50173017477264845;0.87637398525476607;0.27130086472226252
0;15;-0.29059870164308677;0.41836959862044965;0;-0.40639356955729178;-0.27821154613557442;0;0.5;-0.12411164003288786;0.50174125733345921;0.87644916796509865;0.27146707137407016
1;15;0.29059870164308677;-0.41836959862044965;0;0.40639356955729178;0.27821154613557442;0;0.5;-0.12411164003288786;0.50174125733345921;0.87644916796509865;0.27146707137407016
0;15.1;-0.3298639659087072;0.38857018806845323;0;-0.37723723179952534;-0.31616974858848818;0;0.5;-0.12410529364059975;0.50175229855304367;0.87651891301969443;0.27162226118537843
1;15.1;0.3298639659087072;-0.38857018806845323;0;0.37723723179952534;0.31616974858848818;0;0.5;-0.12410529364059975;0.50175229855304367;0.87651891301969443;0.27162226118537843
0;15.2;-0.36603077865894212;0.35511921786302403;0;-0.34458934448386169;-0.35109438825875366;0;0.5;-0.12409906100346169;0.50176330162835534;0.87658258091126065;0.27176508277092073
1;15.2;0.36603077865894212;-0.35511921786302403;0;0.34458934448386169;0.35109438825875366;0;0.5;-0.12409906100346169;0.50176330162835534;0.87658258091126065;0.27176508277092073
0;15.3;-0.39876500075014137;0.31833648121895175;0;-0.30876256647353489;-0.38267336851479822;0;0.5;-0.12409294695068194;0.50177427005236084;0.87663959172984639;0.27189430545101033
1;15.3;0.39876500075014137;-0.31833648121895175;0;0.30876256647353489;0.38267336851479822;0;0.5;-0.12409294695068194;0.50177427005236084;0.87663959172984639;0.27189430545101033
0;15.4;-0.42776515485636035;0.27857144050623234;0;-0.27009585101075728;-0.410626278240035;0;0.5;-0.12408695525163613;0.5017852075805257;0.87668942926215123;0.27200882956733635
1;15.4;0.42776515485636035;-0.27857144050623234;0;0.27009585101075728;0.410626278240035;0;0.5;-0.12408695525163613;0.5017852075805257;0.87668942926215123;0.27200882956733635
0;15.5;-0.4527649016725267;0.23619995538084393;0;-0.22895134837168277;-0.43470631248445729;0;0.5;-0.12408108861572677;0.50179611819645499;0.87673164451949988;0.27210769556895411
1;15.5;0.4527649016725267;-0.23619995538084393;0;0.22895134837168277;0.43470631248445729;0;0.5;-0.12408108861572677;0.50179611819645499;0.87673164451949988;0.27210769556895411
0;15.6;-0.47353520169315011;0.19162083297726321;0;-0.18571122483791438;-0.45470191587006098;0;0.5;-0.12407534869809866;0.50180700607692013;0.87676585871267059;0.272190091838659
1;15.6;0.47353520169315011;-0.19162083297726321;0;0.18571122483791438;0.45470191587006098;0;0.5;-0.12407534869809866;0.50180700607692013;0.87676585871267059;0.272190091838659
0;15.7;-0.4898861552381184;0.14525222746055053;0;-0.14077441696214166;-0.470438157275538;0;0.5;-0.12406973611016414;0.50181787555645991;0.87679176569277916;0.27225536123786109
1;15.7;0.4898861552381184;-0.14525222746055053;0;0.14077441696214166;0.470438157275538;0;0.5;-0.12406973611016414;0.50181787555645991;0.87679176569277916;0.27225536123786109
0;15.8;-0.50166851511409394;0.097527915370669765;0;-0.094553336702385318;-0.48177784422241043;0;0.5;-0.12406425043404363;0.50182873109170116;0.87680913387684703;0.27230300635445796
1;15.8;0.50166851511409394;-0.097527915370669765;0;0.094553336702385318;0.48177784422241043;0;0.5;-0.12406425043404363;0.50182873109170116;0.87680913387684703;0.27230300635445796
0;15.9;-0.50877486769513813;0.048893472374146568;0;-0.047470540017406561;-0.48862238459622787;0;0.5;-0.12405889024019598;0.50183957722551124;0.87681780767474076;0.2723326934432091
1;15.9;0.50877486769513813;-0.048893472374146568;0;0.047470540017406561;0.48862238459622787;0;0.5;-0.12405889024019598;0.50183957722551124;0.87681780767474076;0.2723326934432091
0;16;-0.51114047932728202;-0.00019762366886272656;0;4.4630942340435215e-05;-0.49091240197929059;0;0.5;-0.12405365310769985;0.50185041855106502;0.87681770843111084;0.27234425505196497
1;16;0.51114047932728202;0.00019762366886272656;0;-4.4630942340435215e-05;0.49091240197929059;0;0.5;-0.12405365310769985;0.50185041855106502;0.87681770843111084;0.27234425505196497
0;16.1;-0.50874380586577916;-0.049287938959826694;0;0.047559423768252042;-0.48862810907200377;0;0.5;-0.12404853564684305;0.50186125967588878;0.87680883489204524;0.2723376913300524
1;16.1;0.50874380586577916;0.049287938959826694;0;-0.047559423768252042;0.48862810907200377;0;0.5;-0.12404853564684305;0.50186125967588878;0.87680883489204524;0.2723376913300524
0;16.2;-0.50160666390455211;-0.097920055324088248;0;0.094641062764287368;-0.48178944157157672;0;0.5;-0.12404353352387265;0.50187210518593051;0.87679126320166296;0.27231317001744753
1;16.2;0.50160666390455211;0.097920055324088248;0;-0.094641062764287368;0.48178944157157672;0;0.5;-0.12404353352387265;0.50187210518593051;0.87679126320166296;0.27231317001744753
0;16.3;-0.48979406292341887;-0.14564054318877379;0;0.14086014036178152;-0.47045595259684209;0;0.5;-0.12403864148795381;0.50188295960970283;0.87676514642909067;0.27227102511537865
1;16.3;0.48979406292341887;0.14564054318877379;0;-0.14086014036178152;0.47045595259684209;0;0.5;-0.12403864148795381;0.50188295960970283;0.87676514642909067;0.27227102511537865
0;16.4;-0.47341369823119661;-0.19200391197593328;0;0.185794006165592;-0.45472646543629935;0;0.5;-0.12403385340057112;0.50189382738254642;0.87673071362147794;0.27221175424099965
1;16.4;0.47341369823119661;0.19200391197593328;0;-0.185794006165592;0.45472646543629935;0;0.5;-0.12403385340057112;0.50189382738254642;0.87673071362147794;0.27221175424099965
0;16.5;-0.4526151052933815;-0.23657651357219459;0;0.22903014589041779;-0.43473848019347044;0;0.5;-0.12402916226777762;0.50190471281107681;0.87668826837419754;0.27213601467107256
1;16.5;0.4526151052933815;0.23657651357219459;0;-0.22903014589041779;0.43473848019347044;0;0.5;-0.12402916226777762;0.50190471281107681;0.87668826837419754;0.27213601467107256
0;16.6;-0.42758847687187024;-0.27894037398665678;0;0.27016954083530681;-0.41066732794850991;0;0.5;-0.12402456027585087;0.501915620037896;0.87663818690543412;0.27204461808249037
1;16.6;0.42758847687187024;0.27894037398665678;0;-0.27016954083530681;0.41066732794850991;0;0.5;-0.12402456027585087;0.501915620037896;0.87663818690543412;0.27204461808249037
0;16.7;-0.39856314543750948;-0.31869692757966095;0;0.30882999629881058;-0.38272506448388305;0;0.5;-0.12402003883104319;0.50192655300667814;0.87658091561925762;0.27193852400124119
1;16.7;0.39856314543750948;0.31869692757966095;0;-0.30882999629881058;0.38272506448388305;0;0.5;-0.12402003883104319;0.50192655300667814;0.87658091561925762;0.27193852400124119
0;16.8;-0.36580573460466553;-0.35547062738161578;0;0.34464942452669911;-0.35115909456557221;0;0.5;-0.12401558860421351;0.50193751542777384;0.87651696813927434;0.27181883197631766
1;16.8;0.36580573460466553;0.35547062738161578;0;-0.34464942452669911;0.35115909456557221;0;0.5;-0.12401558860421351;0.50193751542777384;0.87651696813927434;0.27181883197631766
0;16.9;-0.32961798493292127;-0.38891240408111338;0;0.37728906450105998;-0.31625051735223175;0;0.5;-0.12401119958119253;0.50194851074451594;0.8764469217942917;0.27168677250132465
1;16.9;0.32961798493292127;0.38891240408111338;0;-0.37728906450105998;0.31625051735223175;0;0.5;-0.12401119958119253;0.50194851074451594;0.8764469217942917;0.27168677250132465
0;17;-0.29033426138645846;-0.41870294531481278;0;0.40643661723955105;-0.27831218383379813;0;0.5;-0.12400686111975714;0.50195954210045452;0.87637141353834362;0.27154369671430939
1;17;0.29033426138645846;0.41870294531481278;0;-0.40643661723955105;0.27831218383379813;0;0.5;-0.12400686111975714;0.50195954210045452;0.87637141353834362;0.27154369671430939
0;17.1;-0.24831875206596402;-0.44455576601804592;0;0.43180927141525133;-0.2376864583731384;0;0.5;-0.12400256201406888;0.50197061230779557;0.87629113529008828;0.27139106491574255
1;17.1;0.24831875206596402;0.44455576601804592;0;-0.43180927141525133;0.2376864583731384;0;0.5;-0.12400256201406888;0.50197061230779557;0.87629113529008828;0.27139106491574255
0;17.2;-0.20396237054527522;-0.4662200398834454;0;0.45315659019196403;-0.19474267851344598;0;0.5;-0.12399829056736117;0.50198172381736494;0.87620682868115128;0.27123043395566764
1;17.2;0.20396237054527522;0.4662200398834454;0;-0.45315659019196403;0.19474267851344598;0;0.5;-0.12399829056736117;0.50198172381736494;0.87620682868115128;0.27123043395566764
0;17.3;-0.15767937725252176;-0.48348316151996268;0;0.47026322637839951;-0.1498743102681061;0;0.5;-0.12399403467353545;0.50199287869046541;0.87611927920953232;0.27106344355378303
1;17.3;0.15767937725252176;0.48348316151996268;0;-0.47026322637839951;0.1498743102681061;0;0.5;-0.12399403467353545;0.50199287869046541;0.87611927920953232;0.27106344355378303
0;17.4;-0.10990373881119164;-0.49617300880461973;0;0.48295142953600328;-0.10349580014460077;0;0.5;-0.12398978190814789;0.50200407857303707;0.87602930980274145;0.2708918016305183
1;17.4;0.10990373881119164;0.49617300880461973;0;-0.48295142953600328;0.10349580014460077;0;0.5;-0.12398978190814789;0.50200407857303707;0.87602930980274145;0.2708918016305183
0;17.5;-0.061085248057672209;-0.50415987527224371;0;0.49108330574017467;-0.056039130148156535;0;0.5;-0.12398551962903297;0.50201532467256781;0.87593777380582422;0.27071726874281764
1;17.5;0.061085248057672209;0.50415987527224371;0;-0.49108330574017467;0.056039130148156535;0;0.5;-0.12398551962903297;0.50201532467256781;0.87593777380582422;0.27071726874281764
0;17.6;-0.011685431514160165;-0.5073580432881154;0;0.49456278850975832;-0.0079500879001494704;0;0.5;-0.12398123508652189;0.50202661773822755;0.87584554742172432;0.27054164173505837
1;17.6;0.011685431514160165;0.5073580432881154;0;-0.49456278850975832;0.0079500879001494704;0;0.5;-0.12398123508652189;0.50202661773822755;0.87584554742172432;0.27054164173505837
0;17.7;0.03782672466659065;-0.50572697028008584;0;0.49333727819868123;0.040315729319870597;0;0.5;-0.12397691554287729;0.50203795804471689;0.875753521645273;0.27036673673293225
1;17.7;-0.03782672466659065;0.50572697028008584;0;-0.49333727819868123;-0.040315729319870597;0;0.5;-0.12397691554287729;0.50203795804471689;0.875753521645273;0.27036673673293225
0;17.8;0.086979194962391579;-0.49927206254195489;0;0.48739890708721678;0.08829715050077841;0;0.5;-0.12397254840018822;0.50204934538032038;0.87566259374714029;0.27019437162573024
1;17.8;-0.086979194962391579;0.49927206254195489;0;-0.48739890708721678;-0.08829715050077841;0;0.5;-0.12397254840018822;0.50204934538032038;0.87566259374714029;0.27019437162573024
0;17.9;0.13530144137838457;-0.48804501411198437;0;0.47678538869498688;0.13553187297174007;0;0.5;-0.12396812133556289;0.50206077903964275;0.87557365837988359;0.27002634819975133
1;17.9;-0.13530144137838457;0.48804501411198437;0;-0.47678538869498688;-0.13553187297174007;0;0.5;-0.12396812133556289;0.50206077903964275;0.87557365837988359;0.27002634819975133
0;18;0.18232900336142605;-0.47214369200929052;0;0.46158041260322719;0.18156106891812487;0;0.5;-0.12396362244203603;0.50207225782147246;0.87548759839424497;0.26986443410188769
1;18;-0.18232900336142605;0.47214369200929052;0;-0.46158041260322719;-0.18156106891812487;0;0.5;-0.12396362244203603;0.50207225782147246;0.87548759839424497;0.26986443410188769
0;18.1;0.22760810342046861;-0.45171155367881066;0;0.44191355041086994;0.2259341068945635;0;0.5;-0.12395904037319183;0.50208378003216499;0.87540527546945371;0.2697103448271607
1;18.1;-0.22760810342046861;0.45171155367881066;0;-0.44191355041086994;-0.2259341068945635;0;0.5;-0.12395904037319183;0.50208378003216499;0.87540527546945371;0.2697103448271607
0;18.2;0.27070021796229637;-0.42693658782358862;0;0.41795964438801114;0.26821333159978578;0;0.5;-0.12395436448910972;0.50209534349486734;0.87532752067580302;0.26956572593641769
1;18.2;-0.27070021796229637;0.42693658782358862;0;-0.41795964438801114;-0.26821333159978578;0;0.5;-0.12395436448910972;0.50209534349486734;0.87532752067580302;0.26956572593641769
0;18.3;0.31118656034760306;-0.39804977582851248;0;0.38993765789160645;0.30797883868925163;0;0.5;-0.12394958500089489;0.50210694556481329;0.87525512510047401;0.2694321357198692
1;18.3;-0.31118656034760306;0.39804977582851248;0;-0.38993765789160645;-0.30797883868925163;0;0.5;-0.12394958500089489;0.50210694556481329;0.87525512510047401;0.2694321357198692
0;18.4;0.34867242149505151;-0.36532307760483546;0;0.35810897555521332;0.34483317605710551;0;0.5;-0.1239446931107761;0.50211858315081143;0.8751888306777631;0.26931102852802204
1;18.4;-0.34867242149505151;0.36532307760483546;0;-0.35810897555521332;-0.34483317605710551;0;0.5;-0.1239446931107761;0.50211858315081143;0.8751888306777631;0.26931102852802204
0;18.5;0.3827913126473122;-0.32906695277819292;0;0.32277515146103147;0.37840589914619932;0;0.5;-0.12393968114456624;0.50213025274292277;0.87512932137186217;0.26920373899328281
1;18.5;-0.3827913126473122;0.32906695277819292;0;-0.32277515146103147;-0.37840589914619932;0;0.5;-0.12393968114456624;0.50213025274292277;0.87512932137186217;0.26920373899328281
0;18.6;0.4132088552761784;-0.28962743554135795;0;0.28427511467436206;0.4083579057349922;0;0.5;-0.12393454267320015;0.50214195044618926;0.87507721486355665;0.26911146736262026
1;18.6;-0.4132088552761784;0.28962743554135795;0;-0.28427511467436206;-0.4083579057349922;0;0.5;-0.12393454267320015;0.50214195044618926;0.87507721486355665;0.26911146736262026
0;18.7;0.43962636462550297;-0.24738278900684046;0;0.2429818533232504;0.43438547553804002;0;0.5;-0.12392927262010707;0.50215367202013119;0.87503305489118645;0.2690352661538744
1;18.7;-0.43962636462550297;0.24738278900684046;0;-0.2429818533232504;-0.43438547553804002;0;0.5;-0.12392927262010707;0.50215367202013119;0.87503305489118645;0.2690352661538744
0;18.8;0.46178407611492289;-0.20273977231364548;0;0.19929861043673086;0.45622394200313204;0;0.5;-0.12392386735134881;0.50216541292358648;0.874997304390661;0.26897602833544143
1;18.8;-0.46178407611492289;0.20273977231364548;0;-0.19929861043673086;-0.45622394200313204;0;0.5;-0.12392386735134881;0.50216541292358648;0.874997304390661;0.26897602833544143
0;18.9;0.47946396775532441;-0.15612956084520624;0;0.15365463657046524;0.47365092796394548;0;0.5;-0.12391832474576272;0.50217716836432228;0.87497033956913186;0.26893447721119373
1;18.9;-0.47946396775532441;0.15612956084520624;0;-0.15365463657046524;-0.47365092796394548;0;0.5;-0.12391832474576272;0.50217716836432228;0.87497033956913186;0.26893447721119373
0;19;0.49249213681408122;-0.10800336647760234;0;0.10650055538665021;0.48648908328320023;0;0.5;-0.12391264424278127;0.50218893335271873;0.8749524450322157;0.2689111581698555
1;19;-0.49249213681408122;0.10800336647760234;0;-0.10650055538665021;-0.48648908328320023;0;0.5;-0.12391264424278127;0.50218893335271873;0.8749524450322157;0.2689111581698555
0;19.1;0.5007406951230452;-0.058827810582740017;0;0.058303408359847181;0.4946082711635269;0;0.5;-0.12390682686614991;0.50220070275870665;0.87494381006576618;0.26890643243109102
1;19.1;-0.5007406951230452;0.058827810582740017;0;-0.058303408359847181;-0.4946082711635269;0;0.5;-0.12390682686614991;0.50220070275870665;0.87494381006576618;0.26890643243109102
0;19.2;0.50412915450921625;-0.0090801073630583443;0;0.0095414532277896015;0.49792716017424082;0;0.5;-0.12390087522240392;0.5022124713710461;0.8749445261506633;0.26892047288990372
1;19.2;-0.50412915450921625;0.0090801073630583443;0;-0.0095414532277896015;-0.49792716017424082;0;0.5;-0.12390087522240392;0.5022124713710461;0.8749445261506633;0.26892047288990372
0;19.3;0.50262528167096931;0.040756881175807572;0;-0.039301202670632474;0.49641419091012634;0;0.5;-0.12389479347367069;0.50222423395796377;0.87495458576367213;0.26895326212738708
1;19.3;-0.50262528167096931;-0.040756881175807572;0;0.039301202670632474;-0.49641419091012634;0;0.5;-0.12389479347367069;0.50222423395796377;0.87495458576367213;0.26895326212738708
0;19.4;0.49624541021249208;0.090199654830826967;0;-0.087740048716246938;0.49008789915230827;0;0.5;-0.12388858728510332;0.50223598532812217;0.87497388249002424;0.26900459262034032
1;19.4;-0.49624541021249208;-0.090199654830826967;0;0.087740048716246938;-0.49008789915230827;0;0.5;-0.12388858728510332;0.50223598532812217;0.87497388249002424;0.26900459262034032
0;19.5;0.4850542062523614;0.13876908446391983;0;-0.13529560962435749;0.47901659097251237;0;0.5;-0.12388226374798568;0.50224772039088808;0.87500221244500601;0.26907406914578749
1;19.5;-0.4850542062523614;-0.13876908446391983;0;0.13529560962435749;-0.47901659097251237;0;0.5;-0.12388226374798568;0.50224772039088808;0.87500221244500601;0.26907406914578749
0;19.6;0.4691638927920106;0.18599535623629312;0;-0.18149878955780985;0.46331737890909308;0;0.5;-0.12387583128025068;0.50225943421488388;0.87503927697357376;0.26916111334007897
1;19.6;-0.4691638927920106;-0.18599535623629312;0;0.18149878955780985;-0.46331737890909308;0;0.5;-0.12387583128025068;0.50225943421488388;0.87503927697357376;0.26916111334007897
0;19.7;0.44873294661707508;0.23142278772906777;0;-0.22589603795771843;0.44315460163993386;0;0.5;-0.12386929950678023;0.50227112208386024;0.87508468656991519;0.2692649703370747
1;19.7;-0.44873294661707508;-0.23142278772906777;0;0.22589603795771843;-0.44315460163993386;0;0.5;-0.12386929950678023;0.50227112208386024;0.87508468656991519;0.2692649703370747
0;19.8;0.42396428966939642;0.27461445576051152;0;-0.26805425862484977;0.41873766200070422;0;0.5;-0.12386267912238726;0.5022827795490058;0.8751379659339418;0.26938471737691012
1;19.8;-0.42396428966939642;-0.27461445576051152;0;0.26805425862484977;-0.41873766200070422;0;0.5;-0.12386267912238726;0.5022827795490058;0.8751379659339418;0.26938471737691012
0;19.9;0.39510300435014661;0.31515657979260636;0;-0.30756539094817176;0.39031832931340232;0;0.5;-0.12385598174078696;0.50229440247691364;0.87519856005980407;0.2695192742469355
1;19.9;-0.39510300435014661;-0.31515657979260636;0;0.30756539094817176;-0.39031832931340232;0;0.5;-0.12385598174078696;0.50229440247691364;0.87519856005980407;0.2695192742469355
0;20;0.362433608905116;0.3526626099375077;0;-0.3440506012557909;0.35818756143783548;0;0.5;-0.12384921973313804;0.50230598709254731;0.87526584123338289;0.26966741539035876
1;20;-0.362433608905116;-0.3526626099375077;0;0.3440506012557909;-0.35818756143783548;0;0.5;-0.12384921973313804;0.50230598709254731;0.87526584123338289;0.26966741539035876
