# column style format: id;time;x;y;z;vx;vy;vz;mass;totalEnergy;totalSpecificAngularMomentum;rungeLenzVector;semiMajorAxis
# this file will be overwritten without any precaution
# used integrator was iterierter_hermite
0;0.5;0.44341846758349707;0.23104125736738704;0;-0.23104125736738707;0.44341846758349701;0;0.5;-0.12499999999999999;0.49999999999999999;0.87500000000000001;0.26666666666666667
1;0.5;-0.44341846758349707;-0.23104125736738704;0;0.23104125736738707;-0.44341846758349701;0;0.5;-0.12499999999999999;0.49999999999999999;0.87500000000000001;0.26666666666666667
0;1;0.28647974957638728;0.40979184116164441;0;-0.40979184116164447;0.28647974957638722;0;0.5;-0.12500000000000002;0.49999999999999995;0.87500000000000002;0.26666666666666665
1;1;-0.28647974957638728;-0.40979184116164441;0;0.40979184116164447;-0.28647974957638722;0;0.5;-0.12500000000000002;0.49999999999999995;0.87500000000000002;0.26666666666666665
0;1.5;0.064703178619965496;0.49579582357707769;0;-0.4957958235770778;0.064703178619965329;0;0.5;-0.12500000000000005;0.4999999999999999;0.87500000000000003;0.26666666666666661
1;1.5;-0.064703178619965496;-0.49579582357707769;0;0.4957958235770778;-0.064703178619965329;0;0.5;-0.12500000000000005;0.4999999999999999;0.87500000000000003;0.26666666666666661
0;2;-0.1717174123306017;0.46958825613773808;0;-0.46958825613773825;-0.17171741233060206;0;0.5;-0.12500000000000005;0.49999999999999985;0.87500000000000002;0.26666666666666655
1;2;0.1717174123306017;-0.46958825613773808;0;0.46958825613773825;0.17171741233060206;0;0.5;-0.12500000000000005;0.49999999999999985;0.87500000000000002;0.26666666666666655
0;2.5;-0.36927386595212103;0.33710059615013227;0;-0.33710059615013238;-0.36927386595212169;0;0.5;-0.12500000000000008;0.49999999999999981;0.875;0.26666666666666646
1;2.5;0.36927386595212103;-0.33710059615013227;0;0.33710059615013238;0.36927386595212169;0;0.5;-0.12500000000000008;0.49999999999999981;0.875;0.26666666666666646
0;3;-0.48325399470589092;0.12831826292776161;0;-0.12831826292776144;-0.48325399470589192;0;0.5;-0.12500000000000013;0.49999999999999974;0.87499999999999998;0.26666666666666635
1;3;0.48325399470589092;-0.12831826292776161;0;0.12831826292776144;0.48325399470589192;0;0.5;-0.12500000000000013;0.49999999999999974;0.87499999999999998;0.26666666666666635
0;3.5;-0.48786111719223679;-0.10950584610851508;0;0.10950584610851578;-0.48786111719223796;0;0.5;-0.12500000000000018;0.49999999999999967;0.87499999999999996;0.26666666666666624
1;3.5;0.48786111719223679;0.10950584610851508;0;-0.10950584610851578;0.48786111719223796;0;0.5;-0.12500000000000018;0.49999999999999967;0.87499999999999996;0.26666666666666624
0;4;-0.38205252120992661;-0.32254592081924949;0;0.32254592081925088;-0.38205252120992761;0;0.5;-0.12500000000000018;0.49999999999999962;0.87499999999999993;0.26666666666666613
1;4;0.38205252120992661;0.32254592081924949;0;-0.32254592081925088;0.38205252120992761;0;0.5;-0.12500000000000018;0.49999999999999962;0.87499999999999993;0.26666666666666613
0;4.5;-0.18977545677303137;-0.46258542563140281;0;0.4625854256314047;-0.18977545677303184;0;0.5;-0.12500000000000021;0.49999999999999953;0.87499999999999994;0.26666666666666604
1;4.5;0.18977545677303137;0.46258542563140281;0;-0.4625854256314047;0.18977545677303184;0;0.5;-0.12500000000000021;0.49999999999999953;0.87499999999999994;0.26666666666666604
0;5;0.045452752300903801;-0.49792976142049528;0;0.49792976142049739;0.045452752300904183;0;0.5;-0.12500000000000028;0.49999999999999946;0.87499999999999994;0.26666666666666596
1;5;-0.045452752300903801;0.49792976142049528;0;-0.49792976142049739;-0.045452752300904183;0;0.5;-0.12500000000000028;0.49999999999999946;0.87499999999999994;0.26666666666666596
0;5.5;0.27039381586390737;-0.42057958146176561;0;0.42057958146176744;0.27039381586390865;0;0.5;-0.12500000000000032;0.49999999999999939;0.87499999999999995;0.26666666666666591
1;5.5;-0.27039381586390737;0.42057958146176561;0;-0.42057958146176744;-0.27039381586390865;0;0.5;-0.12500000000000032;0.49999999999999939;0.87499999999999995;0.26666666666666591
0;6;0.43413769359680804;-0.24804125261424267;0;0.24804125261424376;0.43413769359681004;0;0.5;-0.12500000000000035;0.49999999999999933;0.87499999999999997;0.26666666666666589
1;6;-0.43413769359680804;0.24804125261424267;0;-0.24804125261424376;-0.43413769359681004;0;0.5;-0.12500000000000035;0.49999999999999933;0.87499999999999997;0.26666666666666589
0;6.5;0.49962486739581341;-0.019364707065028242;0;0.01936470706502829;0.49962486739581574;0;0.5;-0.12500000000000037;0.49999999999999931;0.87499999999999997;0.26666666666666587
1;6.5;-0.49962486739581341;0.019364707065028242;0;-0.01936470706502829;-0.49962486739581574;0;0.5;-0.12500000000000037;0.49999999999999931;0.87499999999999997;0.26666666666666587
0;7;0.45203387867222905;0.21369457768633013;0;-0.21369457768633116;0.45203387867223116;0;0.5;-0.12500000000000037;0.4999999999999993;0.87499999999999997;0.26666666666666586
1;7;-0.45203387867222905;-0.21369457768633013;0;0.21369457768633116;-0.45203387867223116;0;0.5;-0.12500000000000037;0.4999999999999993;0.87499999999999997;0.26666666666666586
0;7.5;0.30213581171084269;0.39838919573932813;0;-0.39838919573932996;0.30213581171084408;0;0.5;-0.12500000000000037;0.49999999999999928;0.87499999999999998;0.26666666666666586
1;7.5;-0.30213581171084269;-0.39838919573932813;0;0.39838919573932996;-0.30213581171084408;0;0.5;-0.12500000000000037;0.49999999999999928;0.87499999999999998;0.26666666666666586
0;8;0.083856515851441854;0.49291792901988801;0;-0.49291792901989029;0.083856515851442257;0;0.5;-0.12500000000000037;0.49999999999999926;0.87499999999999999;0.26666666666666586
1;8;-0.083856515851441854;-0.49291792901988801;0;0.49291792901989029;-0.083856515851442257;0;0.5;-0.12500000000000037;0.49999999999999926;0.87499999999999999;0.26666666666666586
0;8.5;-0.15340170068789255;0.47588645518238981;0;-0.47588645518239198;-0.15340170068789322;0;0.5;-0.12500000000000037;0.49999999999999923;0.87500000000000001;0.26666666666666586
1;8.5;0.15340170068789255;-0.47588645518238981;0;0.47588645518239198;0.15340170068789322;0;0.5;-0.12500000000000037;0.49999999999999923;0.87500000000000001;0.26666666666666586
0;9;-0.35594110402635193;0.35114944178298246;0;-0.35114944178298402;-0.35594110402635354;0;0.5;-0.12500000000000043;0.49999999999999919;0.87500000000000002;0.26666666666666585
1;9;0.35594110402635193;-0.35114944178298246;0;0.35114944178298402;0.35594110402635354;0;0.5;-0.12500000000000043;0.49999999999999919;0.87500000000000002;0.26666666666666585
0;9.5;-0.4779217349014791;0.14693813429045152;0;-0.14693813429045208;-0.47792173490148132;0;0.5;-0.12500000000000045;0.49999999999999915;0.87500000000000003;0.26666666666666583
1;9.5;0.4779217349014791;-0.14693813429045152;0;0.14693813429045208;0.47792173490148132;0;0.5;-0.12500000000000045;0.49999999999999915;0.87500000000000003;0.26666666666666583
0;10;-0.49173618923308787;-0.090529112436382272;0;0.090529112436382939;-0.4917361892330902;0;0.5;-0.12500000000000044;0.49999999999999911;0.87500000000000003;0.26666666666666578
1;10;0.49173618923308787;0.090529112436382272;0;-0.090529112436382939;0.4917361892330902;0;0.5;-0.12500000000000044;0.49999999999999911;0.87500000000000003;0.26666666666666578
0;10.5;-0.39425789503885728;-0.30750725552339025;0;0.30750725552339214;-0.39425789503885916;0;0.5;-0.12500000000000044;0.4999999999999991;0.87500000000000001;0.26666666666666572
1;10.5;0.39425789503885728;0.30750725552339025;0;-0.30750725552339214;0.39425789503885916;0;0.5;-0.12500000000000044;0.4999999999999991;0.87500000000000001;0.26666666666666572
0;11;-0.20754873737021251;-0.45488847162357127;0;0.4548884716235741;-0.20754873737021343;0;0.5;-0.12500000000000048;0.49999999999999905;0.87499999999999999;0.26666666666666563
1;11;0.20754873737021251;0.45488847162357127;0;-0.4548884716235741;0.20754873737021343;0;0.5;-0.12500000000000048;0.49999999999999905;0.87499999999999999;0.26666666666666563
0;11.5;0.02613412274450045;-0.49931654051150082;0;0.49931654051150404;0.026134122744500974;0;0.5;-0.12500000000000052;0.49999999999999895;0.87499999999999999;0.26666666666666552
1;11.5;-0.02613412274450045;0.49931654051150082;0;-0.49931654051150404;-0.026134122744500974;0;0.5;-0.12500000000000052;0.49999999999999895;0.87499999999999999;0.26666666666666552
0;12;0.25390214800623401;-0.43073622930723865;0;0.43073622930724159;0.25390214800623612;0;0.5;-0.12500000000000057;0.49999999999999888;0.87499999999999997;0.26666666666666541
1;12;-0.25390214800623401;0.43073622930723865;0;-0.43073622930724159;-0.25390214800623612;0;0.5;-0.12500000000000057;0.49999999999999888;0.87499999999999997;0.26666666666666541
0;12.5;0.42420548279582893;-0.26466905441693617;0;0.264669054416938;0.42420548279583242;0;0.5;-0.12500000000000062;0.49999999999999879;0.87499999999999996;0.2666666666666653
1;12.5;-0.42420548279582893;0.26466905441693617;0;-0.264669054416938;-0.42420548279583242;0;0.5;-0.12500000000000062;0.49999999999999879;0.87499999999999996;0.2666666666666653
0;13;0.49850003248114055;-0.03870035679808468;0;0.038700356798084742;0.49850003248114477;0;0.5;-0.12500000000000066;0.4999999999999987;0.87499999999999996;0.2666666666666652
1;13;-0.49850003248114055;0.03870035679808468;0;-0.038700356798084742;-0.49850003248114477;0;0.5;-0.12500000000000066;0.4999999999999987;0.87499999999999996;0.2666666666666652
0;13.5;0.45997099917661283;0.19602724279157113;0;-0.19602724279157308;0.45997099917661677;0;0.5;-0.12500000000000066;0.49999999999999866;0.87499999999999996;0.26666666666666514
1;13.5;-0.45997099917661283;-0.19602724279157113;0;0.19602724279157308;-0.45997099917661677;0;0.5;-0.12500000000000066;0.49999999999999866;0.87499999999999996;0.26666666666666514
0;14;0.31733850986983236;0.38638875521111027;0;-0.38638875521111393;0.31733850986983514;0;0.5;-0.12500000000000073;0.49999999999999856;0.87499999999999996;0.26666666666666506
1;14;-0.31733850986983236;-0.38638875521111027;0;0.38638875521111393;-0.31733850986983514;0;0.5;-0.12500000000000073;0.49999999999999856;0.87499999999999996;0.26666666666666506
0;14.5;0.10288402383023212;0.48930039611724935;0;-0.48930039611725401;0.10288402383023297;0;0.5;-0.12500000000000072;0.49999999999999852;0.87499999999999996;0.26666666666666501
1;14.5;-0.10288402383023212;-0.48930039611724935;0;0.48930039611725401;-0.10288402383023297;0;0.5;-0.12500000000000072;0.49999999999999852;0.87499999999999996;0.26666666666666501
0;15;-0.13485580512733064;0.48147057212612304;0;-0.48147057212612765;-0.13485580512733203;0;0.5;-0.12500000000000075;0.49999999999999847;0.87499999999999997;0.26666666666666498
1;15;0.13485580512733064;-0.48147057212612304;0;0.48147057212612765;0.13485580512733203;0;0.5;-0.12500000000000075;0.49999999999999847;0.87499999999999997;0.26666666666666498
0;15.5;-0.34207424164743022;0.36467137699760904;0;-0.36467137699761254;-0.34207424164743355;0;0.5;-0.12500000000000077;0.4999999999999984;0.875;0.26666666666666495
1;15.5;0.34207424164743022;-0.36467137699760904;0;0.36467137699761254;0.34207424164743355;0;0.5;-0.12500000000000077;0.4999999999999984;0.875;0.26666666666666495
0;16;-0.47187233899702946;0.16533752051324971;0;-0.16533752051325126;-0.47187233899703407;0;0.5;-0.12500000000000079;0.49999999999999838;0.875;0.26666666666666494
1;16;0.47187233899702946;-0.16533752051324971;0;0.16533752051325126;0.47187233899703407;0;0.5;-0.12500000000000079;0.49999999999999838;0.875;0.26666666666666494
0;16.5;-0.49487339616498083;-0.071416537077448911;0;0.071416537077449729;-0.49487339616498571;0;0.5;-0.12500000000000082;0.49999999999999834;0.875;0.2666666666666649
1;16.5;0.49487339616498083;0.071416537077448911;0;-0.071416537077449729;0.49487339616498571;0;0.5;-0.12500000000000082;0.49999999999999834;0.875;0.2666666666666649
0;17;-0.40587167290423509;-0.29200716623725897;0;0.29200716623726214;-0.40587167290423909;0;0.5;-0.12500000000000087;0.49999999999999829;0.875;0.26666666666666485
1;17;0.40587167290423509;0.29200716623725897;0;-0.29200716623726214;0.40587167290423909;0;0.5;-0.12500000000000087;0.49999999999999829;0.875;0.26666666666666485
0;17.5;-0.22501058477400263;-0.44650894362784921;0;0.44650894362785409;-0.22501058477400476;0;0.5;-0.12500000000000089;0.49999999999999821;0.875;0.26666666666666477
1;17.5;0.22501058477400263;0.44650894362784921;0;-0.44650894362785409;0.22501058477400476;0;0.5;-0.12500000000000089;0.49999999999999821;0.875;0.26666666666666477
0;18;0.0067762781420168524;-0.49995407994588692;0;0.49995407994589253;0.0067762781420172497;0;0.5;-0.12500000000000092;0.49999999999999814;0.875;0.26666666666666468
1;18;-0.0067762781420168524;0.49995407994588692;0;-0.49995407994589253;-0.0067762781420172497;0;0.5;-0.12500000000000092;0.49999999999999814;0.875;0.26666666666666468
0;18.5;0.23702949225261319;-0.44024654433903793;0;0.44024654433904298;0.23702949225261624;0;0.5;-0.12500000000000095;0.4999999999999981;0.87499999999999998;0.26666666666666459
1;18.5;-0.23702949225261319;0.44024654433903793;0;-0.44024654433904298;-0.23702949225261624;0;0.5;-0.12500000000000095;0.4999999999999981;0.87499999999999998;0.26666666666666459
0;19;0.41363673876497448;-0.28089971225309612;0;0.28089971225309934;0.41363673876497969;0;0.5;-0.12500000000000098;0.499999999999998;0.87499999999999998;0.2666666666666645
1;19;-0.41363673876497448;0.28089971225309612;0;-0.28089971225309934;-0.41363673876497969;0;0.5;-0.12500000000000098;0.499999999999998;0.87499999999999998;0.2666666666666645
0;19.5;0.49662718310498583;-0.05797793546861333;0;0.057977935468613843;0.49662718310499215;0;0.5;-0.12500000000000104;0.49999999999999797;0.87499999999999997;0.26666666666666444
1;19.5;-0.49662718310498583;0.05797793546861333;0;-0.057977935468613843;-0.49662718310499215;0;0.5;-0.12500000000000104;0.49999999999999797;0.87499999999999997;0.26666666666666444
0;20;0.46721791920590938;0.17806576305650676;0;-0.17806576305650926;0.46721791920591543;0;0.5;-0.12500000000000105;0.49999999999999789;0.87499999999999997;0.26666666666666436
1;20;-0.46721791920590938;-0.17806576305650676;0;0.17806576305650926;-0.46721791920591543;0;0.5;-0.12500000000000105;0.49999999999999789;0.87499999999999997;0.26666666666666436
0;20.5;0.3320650319423496;0.37380852660302161;0;-0.37380852660302671;0.33206503194235393;0;0.5;-0.1250000000000011;0.49999999999999784;0.87499999999999997;0.26666666666666431
1;20.5;-0.3320650319423496;-0.37380852660302161;0;0.37380852660302671;-0.33206503194235393;0;0.5;-0.1250000000000011;0.49999999999999784;0.87499999999999997;0.26666666666666431
0;21;0.12175715120185547;0.4849486530873181;0;-0.48494865308732477;0.12175715120185701;0;0.5;-0.12500000000000109;0.49999999999999783;0.87499999999999996;0.26666666666666427
1;21;-0.12175715120185547;-0.4849486530873181;0;0.48494865308732477;-0.12175715120185701;0;0.5;-0.12500000000000109;0.49999999999999783;0.87499999999999996;0.26666666666666427
0;21.5;-0.11610755432931466;0.48633222783161378;0;-0.4863322278316205;-0.11610755432931634;0;0.5;-0.12500000000000111;0.49999999999999783;0.87499999999999995;0.26666666666666425
1;21.5;0.11610755432931466;-0.48633222783161378;0;0.4863322278316205;0.11610755432931634;0;0.5;-0.12500000000000111;0.49999999999999783;0.87499999999999995;0.26666666666666425
0;22;-0.32769408646414416;0.37764611171892853;0;-0.37764611171893375;-0.32769408646414871;0;0.5;-0.12500000000000111;0.49999999999999781;0.87499999999999996;0.26666666666666424
1;22;0.32769408646414416;-0.37764611171892853;0;0.37764611171893375;0.32769408646414871;0;0.5;-0.12500000000000111;0.49999999999999781;0.87499999999999996;0.26666666666666424
0;22.5;-0.46511488429510262;0.18348881275747775;0;-0.18348881275748033;-0.46511488429510905;0;0.5;-0.12500000000000112;0.49999999999999778;0.87499999999999996;0.26666666666666423
1;22.5;0.46511488429510262;-0.18348881275747775;0;0.18348881275748033;0.46511488429510905;0;0.5;-0.12500000000000112;0.49999999999999778;0.87499999999999996;0.26666666666666423
0;23;-0.497268030513493;-0.052196799032385527;0;0.052196799032386158;-0.49726803051349983;0;0.5;-0.12500000000000111;0.49999999999999775;0.87499999999999999;0.26666666666666424
1;23;0.497268030513493;0.052196799032385527;0;-0.052196799032386158;0.49726803051349983;0;0.5;-0.12500000000000111;0.49999999999999775;0.87499999999999999;0.26666666666666424
0;23.5;-0.4168764279791215;-0.27606891131629407;0;0.27606891131629774;-0.41687642797912716;0;0.5;-0.12500000000000113;0.49999999999999778;0.87499999999999999;0.26666666666666428
1;23.5;0.4168764279791215;0.27606891131629407;0;-0.27606891131629774;0.41687642797912716;0;0.5;-0.12500000000000113;0.49999999999999778;0.87499999999999999;0.26666666666666428
0;24;-0.24213479695124118;-0.43745941538087479;0;0.43745941538088062;-0.24213479695124446;0;0.5;-0.12500000000000111;0.49999999999999779;0.87499999999999999;0.26666666666666429
1;24;0.24213479695124118;0.43745941538087479;0;-0.43745941538088062;0.24213479695124446;0;0.5;-0.12500000000000111;0.49999999999999779;0.87499999999999999;0.26666666666666429
0;24.5;-0.012591734471919479;-0.49984142307634355;0;0.49984142307635016;-0.012591734471919693;0;0.5;-0.12500000000000109;0.49999999999999779;0.875;0.26666666666666432
1;24.5;0.012591734471919479;0.49984142307634355;0;-0.49984142307635016;0.012591734471919693;0;0.5;-0.12500000000000109;0.49999999999999779;0.875;0.26666666666666432
0;25;0.21980116653621393;-0.44909625604018916;0;0.44909625604019504;0.21980116653621681;0;0.5;-0.12500000000000115;0.49999999999999772;0.87500000000000003;0.26666666666666431
1;25;-0.21980116653621393;0.44909625604018916;0;-0.44909625604019504;-0.21980116653621681;0;0.5;-0.12500000000000115;0.49999999999999772;0.87500000000000003;0.26666666666666431
0;25.5;0.40244732022613028;-0.29670887152696007;0;0.29670887152696385;0.40244732022613572;0;0.5;-0.12500000000000112;0.49999999999999771;0.87500000000000003;0.26666666666666429
1;25.5;-0.40244732022613028;0.29670887152696007;0;-0.29670887152696385;-0.40244732022613572;0;0.5;-0.12500000000000112;0.49999999999999771;0.87500000000000003;0.26666666666666429
0;26;0.49400912953480625;-0.07716851648346254;0;0.07716851648346329;0.49400912953481302;0;0.5;-0.12500000000000119;0.49999999999999762;0.87500000000000004;0.26666666666666421
1;26;-0.49400912953480625;0.07716851648346254;0;-0.07716851648346329;-0.49400912953481302;0;0.5;-0.12500000000000119;0.49999999999999762;0.87500000000000004;0.26666666666666421
0;26.5;0.47376376453619123;0.15983709022780529;0;-0.15983709022780798;0.47376376453619784;0;0.5;-0.12500000000000122;0.49999999999999756;0.87500000000000002;0.26666666666666411
1;26.5;-0.47376376453619123;-0.15983709022780529;0;0.15983709022780798;-0.47376376453619784;0;0.5;-0.12500000000000122;0.49999999999999756;0.87500000000000002;0.26666666666666411
0;27;0.34629328033409751;0.3606673869307358;0;-0.36066738693074163;0.34629328033410234;0;0.5;-0.12500000000000131;0.49999999999999742;0.87500000000000002;0.26666666666666396
1;27;-0.34629328033409751;-0.3606673869307358;0;0.36066738693074163;-0.34629328033410234;0;0.5;-0.12500000000000131;0.49999999999999742;0.87500000000000002;0.26666666666666396
0;27.5;0.14044757826463816;0.47986922985287661;0;-0.47986922985288455;0.1404475782646398;0;0.5;-0.12500000000000137;0.49999999999999725;0.87500000000000002;0.26666666666666378
1;27.5;-0.14044757826463816;-0.47986922985287661;0;0.47986922985288455;-0.1404475782646398;0;0.5;-0.12500000000000137;0.49999999999999725;0.87500000000000002;0.26666666666666378
0;28;-0.097185080614421868;0.49046412723660282;0;-0.4904641272366112;-0.097185080614424296;0;0.5;-0.12500000000000146;0.49999999999999709;0.875;0.26666666666666357
1;28;0.097185080614421868;-0.49046412723660282;0;0.4904641272366112;0.097185080614424296;0;0.5;-0.12500000000000146;0.49999999999999709;0.875;0.26666666666666357
0;28.5;-0.31282221633673962;0.39005417696284683;0;-0.39005417696285366;-0.31282221633674612;0;0.5;-0.12500000000000157;0.49999999999999691;0.87499999999999999;0.26666666666666334
1;28.5;0.31282221633673962;-0.39005417696284683;0;0.39005417696285366;0.31282221633674612;0;0.5;-0.12500000000000157;0.49999999999999691;0.87499999999999999;0.26666666666666334
0;29;-0.45765951056201676;0.20136477445702516;0;-0.20136477445702852;-0.45765951056202631;0;0.5;-0.12500000000000161;0.49999999999999678;0.87499999999999995;0.26666666666666312
1;29;0.45765951056201676;-0.20136477445702516;0;0.20136477445702852;0.45765951056202631;0;0.5;-0.12500000000000161;0.49999999999999678;0.87499999999999995;0.26666666666666312
0;29.5;-0.49891649905694757;-0.032898738102725963;0;0.032898738102727372;-0.49891649905695828;0;0.5;-0.12500000000000171;0.49999999999999662;0.87499999999999992;0.2666666666666629
1;29.5;0.49891649905694757;0.032898738102725963;0;-0.032898738102727372;0.49891649905695828;0;0.5;-0.12500000000000171;0.49999999999999662;0.87499999999999992;0.2666666666666629
0;30;-0.42725564729379872;-0.25971640659679102;0;0.2597164065967974;-0.42725564729380811;0;0.5;-0.12500000000000175;0.49999999999999655;0.87499999999999988;0.26666666666666274
1;30;0.42725564729379872;0.25971640659679102;0;-0.2597164065967974;0.42725564729380811;0;0.5;-0.12500000000000175;0.49999999999999655;0.87499999999999988;0.26666666666666274
0;30.5;-0.25889567850069389;-0.42775346597503766;0;0.42775346597504788;-0.25889567850069967;0;0.5;-0.12500000000000177;0.49999999999999644;0.87499999999999987;0.26666666666666261
1;30.5;0.25889567850069389;0.42775346597503766;0;-0.42775346597504788;0.25889567850069967;0;0.5;-0.12500000000000177;0.49999999999999644;0.87499999999999987;0.26666666666666261
0;31;-0.031940852805268545;-0.49897873894792794;0;0.49897873894793981;-0.031940852805269197;0;0.5;-0.12500000000000182;0.49999999999999639;0.87499999999999987;0.26666666666666255
1;31;0.031940852805268545;0.49897873894792794;0;-0.49897873894793981;0.031940852805269197;0;0.5;-0.12500000000000182;0.49999999999999639;0.87499999999999987;0.26666666666666255
0;31.5;0.2022430224838053;-0.45727208514910167;0;0.45727208514911261;0.20224302248380996;0;0.5;-0.12500000000000181;0.49999999999999641;0.87499999999999986;0.26666666666666256
1;31.5;-0.2022430224838053;0.45727208514910167;0;-0.45727208514911261;-0.20224302248380996;0;0.5;-0.12500000000000181;0.49999999999999641;0.87499999999999986;0.26666666666666256
0;32;0.39065401724216137;-0.31207281011416788;0;0.31207281011417548;0.39065401724217019;0;0.5;-0.12500000000000181;0.49999999999999642;0.87499999999999989;0.26666666666666262
1;32;-0.39065401724216137;0.31207281011416788;0;-0.31207281011417548;-0.39065401724217019;0;0.5;-0.12500000000000181;0.49999999999999642;0.87499999999999989;0.26666666666666262
0;32.5;0.49064980023961602;-0.096243303792095336;0;0.096243303792098084;0.49064980023962684;0;0.5;-0.12500000000000178;0.49999999999999646;0.87499999999999993;0.26666666666666276
1;32.5;-0.49064980023961602;0.096243303792095336;0;-0.096243303792098084;-0.49064980023962684;0;0.5;-0.12500000000000178;0.49999999999999646;0.87499999999999993;0.26666666666666276
0;33;0.47959871292743217;0.14136857698351327;0;-0.1413685769835156;0.47959871292744249;0;0.5;-0.12500000000000172;0.49999999999999658;0.87499999999999996;0.26666666666666294
1;33;-0.47959871292743217;-0.14136857698351327;0;0.1413685769835156;-0.47959871292744249;0;0.5;-0.12500000000000172;0.49999999999999658;0.87499999999999996;0.26666666666666294
0;33.5;0.36000190512557778;0.34698505487405057;0;-0.34698505487405695;0.36000190512558544;0;0.5;-0.12500000000000164;0.49999999999999673;0.87499999999999998;0.26666666666666314
1;33.5;-0.36000190512557778;-0.34698505487405057;0;0.34698505487405695;-0.36000190512558544;0;0.5;-0.12500000000000164;0.49999999999999673;0.87499999999999998;0.26666666666666314
0;34;0.15892725946425759;0.47406974824299253;0;-0.47406974824300113;0.1589272594642612;0;0.5;-0.12500000000000156;0.49999999999999685;0.87500000000000002;0.26666666666666334
1;34;-0.15892725946425759;-0.47406974824299253;0;0.47406974824300113;-0.1589272594642612;0;0.5;-0.12500000000000156;0.49999999999999685;0.87500000000000002;0.26666666666666334
0;34.5;-0.078116777730035364;0.49386007030035378;0;-0.4938600703003625;-0.078116777730036155;0;0.5;-0.12500000000000149;0.49999999999999699;0.87500000000000004;0.26666666666666353
1;34.5;0.078116777730035364;-0.49386007030035378;0;0.4938600703003625;0.078116777730036155;0;0.5;-0.12500000000000149;0.49999999999999699;0.87500000000000004;0.26666666666666353
0;35;-0.2974809469587088;0.40187695405004786;0;-0.40187695405005475;-0.29748094695871341;0;0.5;-0.12500000000000147;0.49999999999999708;0.87500000000000006;0.26666666666666367
1;35;0.2974809469587088;-0.40187695405004786;0;0.40187695405005475;0.29748094695871341;0;0.5;-0.12500000000000147;0.49999999999999708;0.87500000000000006;0.26666666666666367
0;35.5;-0.44951740481283553;0.2189385821876261;0;-0.21893858218762977;-0.44951740481284264;0;0.5;-0.12500000000000144;0.49999999999999711;0.87500000000000008;0.26666666666666375
1;35.5;0.44951740481283553;-0.2189385821876261;0;0.21893858218762977;0.44951740481284264;0;0.5;-0.12500000000000144;0.49999999999999711;0.87500000000000008;0.26666666666666375
0;36;-0.4998163282181603;-0.013551311615886604;0;0.013551311615886859;-0.49981632821816818;0;0.5;-0.12500000000000148;0.4999999999999971;0.8750000000000001;0.26666666666666378
1;36;0.4998163282181603;0.013551311615886604;0;-0.013551311615886859;0.49981632821816818;0;0.5;-0.12500000000000148;0.4999999999999971;0.8750000000000001;0.26666666666666378
0;36.5;-0.43699375651398842;-0.24297418950947752;0;0.24297418950948169;-0.4369937565139953;0;0.5;-0.12500000000000148;0.49999999999999702;0.87500000000000011;0.26666666666666371
1;36.5;0.43699375651398842;0.24297418950947752;0;-0.24297418950948169;0.4369937565139953;0;0.5;-0.12500000000000148;0.49999999999999702;0.87500000000000011;0.26666666666666371
0;37;-0.27526807920979107;-0.41740565948265057;0;0.4174056594826579;-0.27526807920979524;0;0.5;-0.12500000000000154;0.49999999999999691;0.87500000000000011;0.26666666666666359
1;37;0.27526807920979107;0.41740565948265057;0;-0.4174056594826579;0.27526807920979524;0;0.5;-0.12500000000000154;0.49999999999999691;0.87500000000000011;0.26666666666666359
0;37.5;-0.051242042917442651;-0.49736732204442308;0;0.49736732204443213;-0.051242042917442762;0;0.5;-0.12500000000000161;0.4999999999999968;0.87500000000000007;0.2666666666666634
1;37.5;0.051242042917442651;0.49736732204442308;0;-0.49736732204443213;0.051242042917442762;0;0.5;-0.12500000000000161;0.4999999999999968;0.87500000000000007;0.2666666666666634
0;38;0.18438140662459052;-0.46476176358552862;0;0.46476176358553739;0.18438140662459504;0;0.5;-0.1250000000000017;0.4999999999999966;0.87500000000000005;0.26666666666666313
1;38;-0.18438140662459052;0.46476176358552862;0;-0.46476176358553739;-0.18438140662459504;0;0.5;-0.1250000000000017;0.4999999999999966;0.87500000000000005;0.26666666666666313
0;38.5;0.37827452602290335;-0.32696847395756778;0;0.326968473957574;0.37827452602291212;0;0.5;-0.12500000000000179;0.49999999999999643;0.875;0.26666666666666286
1;38.5;-0.37827452602290335;0.32696847395756778;0;-0.326968473957574;-0.37827452602291212;0;0.5;-0.12500000000000179;0.49999999999999643;0.875;0.26666666666666286
0;39;0.48655423599520398;-0.11517367509598568;0;0.11517367509598735;0.48655423599521552;0;0.5;-0.1250000000000019;0.49999999999999625;0.87499999999999995;0.26666666666666258
1;39;-0.48655423599520398;0.11517367509598568;0;-0.11517367509598735;-0.48655423599521552;0;0.5;-0.1250000000000019;0.49999999999999625;0.87499999999999995;0.26666666666666258
0;39.5;0.48471400886210209;0.12268793588948254;0;-0.12268793588948652;0.48471400886211397;0;0.5;-0.12500000000000201;0.49999999999999601;0.87499999999999994;0.26666666666666228
1;39.5;-0.48471400886210209;-0.12268793588948254;0;0.12268793588948652;-0.48471400886211397;0;0.5;-0.12500000000000201;0.49999999999999601;0.87499999999999994;0.26666666666666228
0;40;0.37317033610833883;0.332782061188371;0;-0.33278206118838044;0.37317033610834821;0;0.5;-0.12500000000000209;0.49999999999999583;0.8749999999999999;0.26666666666666203
1;40;-0.37317033610833883;-0.332782061188371;0;0.33278206118838044;-0.37317033610834821;0;0.5;-0.12500000000000209;0.49999999999999583;0.8749999999999999;0.26666666666666203
0;40.5;0.17716846547700657;0.4675589105562139;0;-0.46755891055622711;0.17716846547701096;0;0.5;-0.12500000000000216;0.49999999999999571;0.87499999999999987;0.26666666666666183
1;40.5;-0.17716846547700657;-0.4675589105562139;0;0.46755891055622711;-0.17716846547701096;0;0.5;-0.12500000000000216;0.49999999999999571;0.87499999999999987;0.26666666666666183
0;41;-0.058931258244604913;0.49651496130700667;0;-0.49651496130702083;-0.058931258244606897;0;0.5;-0.12500000000000223;0.49999999999999559;0.87499999999999987;0.2666666666666617
1;41;0.058931258244604913;-0.49651496130700667;0;0.49651496130702083;0.058931258244606897;0;0.5;-0.12500000000000223;0.49999999999999559;0.87499999999999987;0.2666666666666617
0;41.5;-0.28169329837136597;0.41309670254390934;0;-0.41309670254392128;-0.28169329837137413;0;0.5;-0.12500000000000224;0.49999999999999552;0.87499999999999987;0.26666666666666164
1;41.5;0.28169329837136597;-0.41309670254390934;0;0.41309670254392128;0.28169329837137413;0;0.5;-0.12500000000000224;0.49999999999999552;0.87499999999999987;0.26666666666666164
0;42;-0.44070078452487943;0.23618386591625254;0;-0.23618386591625948;-0.44070078452489203;0;0.5;-0.12500000000000222;0.49999999999999552;0.87499999999999988;0.26666666666666165
1;42;0.44070078452487943;-0.23618386591625254;0;0.23618386591625948;0.44070078452489203;0;0.5;-0.12500000000000222;0.49999999999999552;0.87499999999999988;0.26666666666666165
0;42.5;-0.49996616777609681;0.0058164490262112584;0;-0.0058164490262118031;-0.49996616777611097;0;0.5;-0.12500000000000221;0.49999999999999557;0.87499999999999989;0.26666666666666172
1;42.5;0.49996616777609681;-0.0058164490262112584;0;0.0058164490262118031;0.49996616777611097;0;0.5;-0.12500000000000221;0.49999999999999557;0.87499999999999989;0.26666666666666172
0;43;-0.44607614331059664;-0.22586738226033218;0;0.22586738226033787;-0.44607614331060913;0;0.5;-0.12500000000000218;0.49999999999999565;0.87499999999999992;0.26666666666666186
1;43;0.44607614331059664;0.22586738226033218;0;-0.22586738226033787;0.44607614331060913;0;0.5;-0.12500000000000218;0.49999999999999565;0.87499999999999992;0.26666666666666186
0;43.5;-0.29122743179326294;-0.40643152310209857;0;0.40643152310210889;-0.2912274317932711;0;0.5;-0.12500000000000213;0.49999999999999574;0.87499999999999995;0.26666666666666203
1;43.5;0.29122743179326294;0.40643152310209857;0;-0.40643152310210889;0.2912274317932711;0;0.5;-0.12500000000000213;0.49999999999999574;0.87499999999999995;0.26666666666666203
0;44;-0.07046634278558439;-0.49500959034590042;0;0.4950095903459128;-0.070466342785586777;0;0.5;-0.12500000000000208;0.49999999999999585;0.87499999999999998;0.26666666666666221
1;44;0.07046634278558439;0.49500959034590042;0;-0.4950095903459128;0.070466342785586777;0;0.5;-0.12500000000000208;0.49999999999999585;0.87499999999999998;0.26666666666666221
0;44.5;0.16624312085647477;-0.47155405285915153;0;0.47155405285916308;0.16624312085647824;0;0.5;-0.12500000000000203;0.49999999999999595;0.87500000000000001;0.26666666666666237
1;44.5;-0.16624312085647477;0.47155405285915153;0;-0.47155405285916308;-0.16624312085647824;0;0.5;-0.12500000000000203;0.49999999999999595;0.87500000000000001;0.26666666666666237
0;45;0.36532742237148735;-0.3413735116604642;0;0.34137351166047242;0.36532742237149551;0;0.5;-0.12500000000000201;0.49999999999999599;0.87500000000000006;0.2666666666666625
1;45;-0.36532742237148735;0.3413735116604642;0;-0.34137351166047242;-0.36532742237149551;0;0.5;-0.12500000000000201;0.49999999999999599;0.87500000000000006;0.2666666666666625
0;45.5;0.48172858232029736;-0.13393122479716554;0;0.13393122479716882;0.48172858232030813;0;0.5;-0.12500000000000197;0.49999999999999606;0.87500000000000007;0.2666666666666626
1;45.5;-0.48172858232029736;0.13393122479716554;0;-0.13393122479716882;-0.48172858232030813;0;0.5;-0.12500000000000197;0.49999999999999606;0.87500000000000007;0.2666666666666626
0;46;0.48910197668305516;0.10382319781590546;0;-0.10382319781590774;0.48910197668306604;0;0.5;-0.12500000000000199;0.49999999999999606;0.87500000000000009;0.26666666666666264
1;46;-0.48910197668305516;-0.10382319781590546;0;0.10382319781590774;-0.48910197668306604;0;0.5;-0.12500000000000199;0.49999999999999606;0.87500000000000009;0.26666666666666264
0;46.5;0.38577881365113659;0.31807971789775286;0;-0.31807971789776018;0.38577881365114508;0;0.5;-0.12500000000000196;0.49999999999999603;0.87500000000000009;0.26666666666666261
1;46.5;-0.38577881365113659;-0.31807971789775286;0;0.31807971789776018;-0.38577881365114508;0;0.5;-0.12500000000000196;0.49999999999999603;0.87500000000000009;0.26666666666666261
0;47;0.19514382481840706;0.46034648650254201;0;-0.46034648650255278;0.19514382481841111;0;0.5;-0.125000000000002;0.49999999999999596;0.87500000000000008;0.26666666666666251
1;47;-0.19514382481840706;-0.46034648650254201;0;0.46034648650255278;-0.19514382481841111;0;0.5;-0.125000000000002;0.49999999999999596;0.87500000000000008;0.26666666666666251
0;47.5;-0.039657310613696574;0.49842481651185938;0;-0.49842481651187132;-0.039657310613698205;0;0.5;-0.12500000000000211;0.49999999999999583;0.87500000000000006;0.26666666666666234
1;47.5;0.039657310613696574;-0.49842481651185938;0;0.49842481651187132;0.039657310613698205;0;0.5;-0.12500000000000211;0.49999999999999583;0.87500000000000006;0.26666666666666234
0;48;-0.26548296042163894;0.42369658687055056;0;-0.42369658687056089;-0.26548296042164632;0;0.5;-0.12500000000000214;0.49999999999999568;0.87500000000000004;0.26666666666666213
1;48;0.26548296042163894;-0.42369658687055056;0;0.42369658687056089;0.26548296042164632;0;0.5;-0.12500000000000214;0.49999999999999568;0.87500000000000004;0.26666666666666213
0;48.5;-0.43122287930507386;0.25307474857012652;0;-0.25307474857013251;-0.43122287930508585;0;0.5;-0.12500000000000225;0.49999999999999548;0.87500000000000002;0.26666666666666189
1;48.5;0.43122287930507386;-0.25307474857012652;0;0.25307474857013251;0.43122287930508585;0;0.5;-0.12500000000000225;0.49999999999999548;0.87500000000000002;0.26666666666666189
0;49;-0.49936579289195282;0.025175481909624011;0;-0.025175481909623754;-0.49936579289196709;0;0.5;-0.12500000000000235;0.49999999999999528;0.87499999999999999;0.26666666666666161
1;49;0.49936579289195282;-0.025175481909624011;0;0.025175481909623754;0.49936579289196709;0;0.5;-0.12500000000000235;0.49999999999999528;0.87499999999999999;0.26666666666666161
0;49.5;-0.45448917928599103;-0.20842165413396055;0;0.20842165413396771;-0.45448917928600441;0;0.5;-0.12500000000000246;0.49999999999999509;0.87499999999999995;0.26666666666666133
1;49.5;0.45448917928599103;0.20842165413396055;0;-0.20842165413396771;0.45448917928600441;0;0.5;-0.12500000000000246;0.49999999999999509;0.87499999999999995;0.26666666666666133
0;50;-0.3067497887571432;-0.394847523858815;0;0.39484752385882815;-0.30674978875715236;0;0.5;-0.12500000000000255;0.49999999999999492;0.8749999999999999;0.26666666666666106
1;50;0.3067497887571432;0.394847523858815;0;-0.39484752385882815;0.30674978875715236;0;0.5;-0.12500000000000255;0.49999999999999492;0.8749999999999999;0.26666666666666106
0;50.5;-0.089584905763020597;-0.49190908170049041;0;0.49190908170050696;-0.089584905763022929;0;0.5;-0.1250000000000026;0.49999999999999476;0.87499999999999988;0.26666666666666084
1;50.5;0.089584905763020597;0.49190908170049041;0;-0.49190908170050696;0.089584905763022929;0;0.5;-0.1250000000000026;0.49999999999999476;0.87499999999999988;0.26666666666666084
0;51;0.14785538222894196;-0.47763876093332519;0;0.47763876093334151;0.14785538222894751;0;0.5;-0.12500000000000271;0.49999999999999463;0.87499999999999986;0.26666666666666066
1;51;-0.14785538222894196;0.47763876093332519;0;-0.47763876093334151;-0.14785538222894751;0;0.5;-0.12500000000000271;0.49999999999999463;0.87499999999999986;0.26666666666666066
0;51.5;0.35183213381073714;-0.35526630802564441;0;0.35526630802565673;0.35183213381074968;0;0.5;-0.1250000000000027;0.49999999999999457;0.87499999999999984;0.26666666666666055
1;51.5;-0.35183213381073714;0.35526630802564441;0;-0.35526630802565673;-0.35183213381074968;0;0.5;-0.1250000000000027;0.49999999999999457;0.87499999999999984;0.26666666666666055
0;52;0.47618008025500885;-0.15248780662178135;0;0.15248780662178682;0.47618008025502562;0;0.5;-0.12500000000000272;0.49999999999999455;0.87499999999999984;0.26666666666666053
1;52;-0.47618008025500885;0.15248780662178135;0;-0.15248780662178682;-0.47618008025502562;0;0.5;-0.12500000000000272;0.49999999999999455;0.87499999999999984;0.26666666666666053
0;52.5;0.4927560321111068;0.084802669876050882;0;-0.084802669876053463;0.49275603211112401;0;0.5;-0.12500000000000271;0.49999999999999457;0.87499999999999986;0.2666666666666606
1;52.5;-0.4927560321111068;-0.084802669876050882;0;0.084802669876053463;-0.49275603211112401;0;0.5;-0.12500000000000271;0.49999999999999457;0.87499999999999986;0.2666666666666606
0;53;0.39780841834990999;0.30290008631549087;0;-0.30290008631550069;0.39780841834992386;0;0.5;-0.1250000000000027;0.49999999999999463;0.87499999999999989;0.26666666666666072
1;53;-0.39780841834990999;-0.30290008631549087;0;0.30290008631550069;-0.39780841834992386;0;0.5;-0.1250000000000027;0.49999999999999463;0.87499999999999989;0.26666666666666072
0;53.5;0.21282636491501489;0.45244329854364085;0;-0.45244329854365534;0.21282636491502258;0;0.5;-0.12500000000000262;0.49999999999999478;0.87499999999999991;0.26666666666666092
1;53.5;-0.21282636491501489;-0.45244329854364085;0;0.45244329854365534;-0.21282636491502258;0;0.5;-0.12500000000000262;0.49999999999999478;0.87499999999999991;0.26666666666666092
0;54;-0.020323855981984728;0.4995867701190787;0;-0.49958677011909436;-0.020323855981984502;0;0.5;-0.12500000000000251;0.49999999999999493;0.87499999999999995;0.26666666666666115
1;54;0.020323855981984728;-0.4995867701190787;0;0.49958677011909436;0.020323855981984502;0;0.5;-0.12500000000000251;0.49999999999999493;0.87499999999999995;0.26666666666666115
0;54.5;-0.24887425721469217;0.43366070158111558;0;-0.43366070158112885;-0.24887425721469877;0;0.5;-0.12500000000000249;0.49999999999999507;0.875;0.26666666666666141
1;54.5;0.24887425721469217;-0.43366070158111558;0;0.43366070158112885;0.24887425721469877;0;0.5;-0.12500000000000249;0.49999999999999507;0.875;0.26666666666666141
0;55;-0.42109791103849192;0.2695858848660459;0;-0.26958588486605412;-0.4210979110385033;0;0.5;-0.12500000000000236;0.49999999999999524;0.87500000000000003;0.26666666666666166
1;55;0.42109791103849192;-0.2695858848660459;0;0.26958588486605412;0.4210979110385033;0;0.5;-0.12500000000000236;0.49999999999999524;0.87500000000000003;0.26666666666666166
0;55.5;-0.49801610444650241;0.044496738216653765;0;-0.044496738216655583;-0.49801610444651567;0;0.5;-0.12500000000000233;0.49999999999999539;0.87500000000000006;0.26666666666666186
1;55.5;0.49801610444650241;-0.044496738216653765;0;0.044496738216655583;0.49801610444651567;0;0.5;-0.12500000000000233;0.49999999999999539;0.87500000000000006;0.26666666666666186
0;56;-0.46222024042378618;-0.19066318297607593;0;0.19066318297608045;-0.46222024042379822;0;0.5;-0.12500000000000224;0.49999999999999548;0.87500000000000009;0.26666666666666202
1;56;0.46222024042378618;0.19066318297607593;0;-0.19066318297608045;0.46222024042379822;0;0.5;-0.12500000000000224;0.49999999999999548;0.87500000000000009;0.26666666666666202
0;56.5;-0.32181185833265596;-0.38267104389602569;0;0.38267104389603529;-0.32181185833266418;0;0.5;-0.12500000000000222;0.49999999999999554;0.87500000000000009;0.26666666666666209
1;56.5;0.32181185833265596;0.38267104389602569;0;-0.38267104389603529;0.32181185833266418;0;0.5;-0.12500000000000222;0.49999999999999554;0.87500000000000009;0.26666666666666209
0;57;-0.10856904386446539;-0.48807044851573139;0;0.48807044851574377;-0.10856904386446797;0;0.5;-0.12500000000000224;0.49999999999999548;0.87500000000000011;0.26666666666666207
1;57;0.10856904386446539;0.48807044851573139;0;-0.48807044851574377;0.10856904386446797;0;0.5;-0.12500000000000224;0.49999999999999548;0.87500000000000011;0.26666666666666207
0;57.5;0.12924578210311022;-0.48300675751851196;0;0.48300675751852429;0.12924578210311402;0;0.5;-0.12500000000000232;0.49999999999999541;0.87500000000000011;0.26666666666666199
1;57.5;-0.12924578210311022;0.48300675751851196;0;-0.48300675751852429;-0.12924578210311402;0;0.5;-0.12500000000000232;0.49999999999999541;0.87500000000000011;0.26666666666666199
0;58;0.33780891043163069;-0.36862601648959264;0;0.36862601648960203;0.3378089104316403;0;0.5;-0.12500000000000238;0.49999999999999524;0.87500000000000011;0.26666666666666181
1;58;-0.33780891043163069;0.36862601648959264;0;-0.36862601648960203;-0.3378089104316403;0;0.5;-0.12500000000000238;0.49999999999999524;0.87500000000000011;0.26666666666666181
0;58.5;0.46991705549546386;-0.17081557585438031;0;0.1708155758543842;0.46991705549547758;0;0.5;-0.12500000000000246;0.49999999999999505;0.87500000000000008;0.26666666666666155
1;58.5;-0.46991705549546386;0.17081557585438031;0;-0.1708155758543842;-0.46991705549547758;0;0.5;-0.12500000000000246;0.49999999999999505;0.87500000000000008;0.26666666666666155
0;59;0.49567069212495463;0.065654892950626861;0;-0.065654892950630039;0.49567069212496956;0;0.5;-0.12500000000000259;0.49999999999999488;0.87500000000000002;0.26666666666666124
1;59;-0.49567069212495463;-0.065654892950626861;0;0.065654892950630039;-0.49567069212496956;0;0.5;-0.12500000000000259;0.49999999999999488;0.87500000000000002;0.26666666666666124
0;59.5;0.40924109941692488;0.28726594394048138;0;-0.28726594394049171;0.40924109941693754;0;0.5;-0.12500000000000269;0.49999999999999466;0.87499999999999996;0.2666666666666609
1;59.5;-0.40924109941692488;-0.28726594394048138;0;0.28726594394049171;-0.40924109941693754;0;0.5;-0.12500000000000269;0.49999999999999466;0.87499999999999996;0.2666666666666609
0;60;0.23018955257759363;0.44386120565342924;0;-0.44386120565344511;0.23018955257760063;0;0.5;-0.12500000000000279;0.4999999999999944;0.87499999999999993;0.26666666666666057
1;60;-0.23018955257759363;-0.44386120565342924;0;0.44386120565344511;-0.23018955257760063;0;0.5;-0.12500000000000279;0.4999999999999944;0.87499999999999993;0.26666666666666057
0;60.5;-0.00095990478617839932;0.49999907858194043;0;-0.49999907858195869;-0.00095990478617939137;0;0.5;-0.12500000000000291;0.4999999999999942;0.87499999999999989;0.26666666666666026
1;60.5;0.00095990478617839932;-0.49999907858194043;0;0.49999907858195869;0.00095990478617939137;0;0.5;-0.12500000000000291;0.4999999999999942;0.87499999999999989;0.26666666666666026
0;61;-0.23189211061484666;0.44297409521842157;0;-0.44297409521843811;-0.2318921106148561;0;0.5;-0.12500000000000298;0.49999999999999403;0.87499999999999986;0.26666666666666002
1;61;0.23189211061484666;-0.44297409521842157;0;0.44297409521843811;0.2318921106148561;0;0.5;-0.12500000000000298;0.49999999999999403;0.87499999999999986;0.26666666666666002
0;61.5;-0.41034107254797036;0.28569249934180729;0;-0.28569249934181812;-0.41034107254798657;0;0.5;-0.12500000000000299;0.49999999999999397;0.87499999999999983;0.26666666666665989
1;61.5;0.41034107254797036;-0.28569249934180729;0;0.28569249934181812;0.41034107254798657;0;0.5;-0.12500000000000299;0.49999999999999397;0.87499999999999983;0.26666666666665989
0;62;-0.49591912768830532;0.063751225814547702;0;-0.063751225814550172;-0.4959191276883248;0;0.5;-0.12500000000000305;0.49999999999999389;0.87499999999999984;0.26666666666665982
1;62;0.49591912768830532;-0.063751225814547702;0;0.063751225814550172;0.4959191276883248;0;0.5;-0.12500000000000305;0.49999999999999389;0.87499999999999984;0.26666666666665982
0;62.5;-0.4692577260315936;-0.17261861591278338;0;0.17261861591278987;-0.46925772603161203;0;0.5;-0.12500000000000302;0.49999999999999392;0.87499999999999984;0.26666666666665986
1;62.5;0.4692577260315936;0.17261861591278338;0;-0.17261861591278987;0.46925772603161203;0;0.5;-0.12500000000000302;0.49999999999999392;0.87499999999999984;0.26666666666665986
0;63;-0.33639103942627019;-0.36992035439226773;0;0.36992035439228149;-0.33639103942628351;0;0.5;-0.12500000000000302;0.49999999999999397;0.87499999999999987;0.26666666666665997
1;63;0.33639103942627019;0.36992035439226773;0;-0.36992035439228149;0.33639103942628351;0;0.5;-0.12500000000000302;0.49999999999999397;0.87499999999999987;0.26666666666665997
0;63.5;-0.12739027081326704;-0.48349945077746498;0;0.48349945077748269;-0.12739027081327253;0;0.5;-0.12500000000000294;0.49999999999999411;0.87499999999999989;0.26666666666666017
1;63.5;0.12739027081326704;0.48349945077746498;0;-0.48349945077748269;0.12739027081327253;0;0.5;-0.12500000000000294;0.49999999999999411;0.87499999999999989;0.26666666666666017
0;64;0.11044224475000997;-0.48764998777254898;0;0.48764998777256646;0.11044224475001294;0;0.5;-0.12500000000000287;0.49999999999999425;0.87499999999999994;0.26666666666666042
1;64;-0.11044224475000997;0.48764998777254898;0;-0.48764998777256646;-0.11044224475001294;0;0.5;-0.12500000000000287;0.49999999999999425;0.87499999999999994;0.26666666666666042
0;64.5;0.32327879450738933;-0.38143259040338695;0;0.38143259040340038;0.32327879450739944;0;0.5;-0.12500000000000282;0.49999999999999442;0.875;0.2666666666666607
1;64.5;-0.32327879450738933;0.38143259040338695;0;-0.38143259040340038;-0.32327879450739944;0;0.5;-0.12500000000000282;0.49999999999999442;0.875;0.2666666666666607
0;65;0.46294890590081295;-0.18888703111973984;0;0.18888703111974672;0.46294890590082732;0;0.5;-0.12500000000000273;0.49999999999999457;0.87500000000000005;0.26666666666666097
1;65;-0.46294890590081295;0.18888703111973984;0;-0.18888703111974672;-0.46294890590082732;0;0.5;-0.12500000000000273;0.49999999999999457;0.87500000000000005;0.26666666666666097
0;65.5;0.49784158318858485;0.046408598861344089;0;-0.046408598861344748;0.4978415831886;0;0.5;-0.12500000000000261;0.49999999999999474;0.87500000000000008;0.26666666666666121
1;65.5;-0.49784158318858485;-0.046408598861344089;0;0.046408598861344748;-0.4978415831886;0;0.5;-0.12500000000000261;0.49999999999999474;0.87500000000000008;0.26666666666666121
0;66;0.42005970176647817;0.27120075027891705;0;-0.2712007502789246;0.42005970176649071;0;0.5;-0.12500000000000256;0.49999999999999484;0.8750000000000001;0.26666666666666137
1;66;-0.42005970176647817;-0.27120075027891705;0;0.2712007502789246;-0.42005970176649071;0;0.5;-0.12500000000000256;0.49999999999999484;0.8750000000000001;0.26666666666666137
0;66.5;0.24720733381490012;0.43461308552334088;0;-0.43461308552335326;0.24720733381490737;0;0.5;-0.12500000000000253;0.49999999999999489;0.87500000000000012;0.26666666666666146
1;66.5;-0.24720733381490012;-0.43461308552334088;0;0.43461308552335326;-0.24720733381490737;0;0.5;-0.12500000000000253;0.49999999999999489;0.87500000000000012;0.26666666666666146
0;67;0.01840548677593894;0.49966112321905837;0;-0.49966112321907269;0.018405486775939329;0;0.5;-0.12500000000000252;0.49999999999999491;0.87500000000000012;0.26666666666666147
1;67;-0.01840548677593894;-0.49966112321905837;0;0.49966112321907269;-0.018405486775939329;0;0.5;-0.12500000000000252;0.49999999999999491;0.87500000000000012;0.26666666666666147
0;67.5;-0.21456200284963967;0.45162279275202816;0;-0.45162279275204115;-0.2145620028496463;0;0.5;-0.12500000000000253;0.49999999999999489;0.87500000000000009;0.2666666666666614
1;67.5;0.21456200284963967;-0.45162279275202816;0;0.45162279275204115;0.2145620028496463;0;0.5;-0.12500000000000253;0.49999999999999489;0.87500000000000009;0.2666666666666614
0;68;-0.39896850479686891;0.30137042353247057;0;-0.30137042353247911;-0.39896850479688123;0;0.5;-0.12500000000000261;0.49999999999999478;0.87500000000000009;0.26666666666666127
1;68;0.39896850479686891;-0.30137042353247057;0;0.30137042353247911;0.39896850479688123;0;0.5;-0.12500000000000261;0.49999999999999478;0.87500000000000009;0.26666666666666127
0;68.5;-0.49307800919478206;0.082910052758998459;0;-0.082910052759000263;-0.49307800919479761;0;0.5;-0.1250000000000027;0.49999999999999461;0.87500000000000007;0.26666666666666105
1;68.5;0.49307800919478206;-0.082910052758998459;0;0.082910052759000263;0.49307800919479761;0;0.5;-0.1250000000000027;0.49999999999999461;0.87500000000000007;0.26666666666666105
0;69;-0.47559107614821161;-0.15431502936582356;0;0.15431502936582953;-0.47559107614822693;0;0.5;-0.12500000000000278;0.49999999999999442;0.87500000000000004;0.2666666666666608
1;69;0.47559107614821161;0.15431502936582356;0;-0.15431502936582953;0.47559107614822693;0;0.5;-0.12500000000000278;0.49999999999999442;0.87500000000000004;0.2666666666666608
0;69.5;-0.35046545553331654;-0.35661458814497954;0;0.35661458814499264;-0.35046545553332792;0;0.5;-0.12500000000000289;0.49999999999999423;0.875;0.26666666666666051
1;69.5;0.35046545553331654;0.35661458814497954;0;-0.35661458814499264;0.35046545553332792;0;0.5;-0.12500000000000289;0.49999999999999423;0.875;0.26666666666666051
0;70;-0.14602034478592529;-0.47820294740683833;0;0.47820294740685609;-0.14602034478592962;0;0.5;-0.125000000000003;0.49999999999999403;0.87499999999999996;0.26666666666666021
1;70;0.14602034478592529;0.47820294740683833;0;-0.47820294740685609;0.14602034478592962;0;0.5;-0.125000000000003;0.49999999999999403;0.87499999999999996;0.26666666666666021
0;70.5;0.091472985449363053;-0.4915614843872208;0;0.49156148438723946;0.091472985449367522;0;0.5;-0.12500000000000313;0.49999999999999377;0.87499999999999994;0.26666666666665991
1;70.5;-0.091472985449363053;0.4915614843872208;0;-0.49156148438723946;-0.091472985449367522;0;0.5;-0.12500000000000313;0.49999999999999377;0.87499999999999994;0.26666666666665991
0;71;0.30826358891890004;-0.39366681311335627;0;0.39366681311337148;0.30826358891891309;0;0.5;-0.12500000000000323;0.49999999999999356;0.87499999999999991;0.26666666666665962
1;71;-0.30826358891890004;0.39366681311335627;0;-0.39366681311337148;-0.30826358891891309;0;0.5;-0.12500000000000323;0.49999999999999356;0.87499999999999991;0.26666666666665962
0;71.5;0.45528608739146281;-0.20667505564958635;0;0.20667505564959429;0.45528608739148196;0;0.5;-0.12500000000000334;0.49999999999999338;0.87499999999999989;0.26666666666665939
1;71.5;-0.45528608739146281;0.20667505564958635;0;-0.20667505564959429;-0.45528608739148196;0;0.5;-0.12500000000000334;0.49999999999999338;0.87499999999999989;0.26666666666665939
0;72;0.49926544781392651;0.027092667257865421;0;-0.02709266725786702;0.49926544781394772;0;0.5;-0.1250000000000034;0.49999999999999324;0.87499999999999988;0.26666666666665921
1;72;-0.49926544781392651;-0.027092667257865421;0;0.02709266725786702;-0.49926544781394772;0;0.5;-0.1250000000000034;0.49999999999999324;0.87499999999999988;0.26666666666665921
0;72.5;0.43024799175668749;0.25472861164251487;0;-0.25472861164252603;0.43024799175670592;0;0.5;-0.12500000000000344;0.49999999999999311;0.87499999999999989;0.2666666666666591
1;72.5;-0.43024799175668749;-0.25472861164251487;0;0.25472861164252603;-0.43024799175670592;0;0.5;-0.12500000000000344;0.49999999999999311;0.87499999999999989;0.2666666666666591
0;73;0.26385417292857577;0.42471281523891286;0;-0.42471281523893128;0.26385417292858715;0;0.5;-0.12500000000000349;0.49999999999999305;0.8749999999999999;0.26666666666665905
1;73;-0.26385417292857577;-0.42471281523891286;0;0.42471281523893128;-0.26385417292858715;0;0.5;-0.12500000000000349;0.49999999999999305;0.8749999999999999;0.26666666666665905
0;73.5;0.037743260345308297;0.4985734111427243;0;-0.49857341114274584;0.037743260345310052;0;0.5;-0.12500000000000347;0.49999999999999306;0.8749999999999999;0.26666666666665907
1;73.5;-0.037743260345308297;-0.4985734111427243;0;0.49857341114274584;-0.037743260345310052;0;0.5;-0.12500000000000347;0.49999999999999306;0.8749999999999999;0.26666666666665907
0;74;-0.19690993827289013;0.45959381654821296;0;-0.45959381654823278;-0.19690993827289829;0;0.5;-0.12500000000000347;0.4999999999999931;0.87499999999999991;0.26666666666665912
1;74;0.19690993827289013;-0.45959381654821296;0;0.45959381654823278;0.19690993827289829;0;0.5;-0.12500000000000347;0.4999999999999931;0.87499999999999991;0.26666666666665912
0;74.5;-0.38699727266900869;0.31659613223590555;0;-0.3165961322359192;-0.38699727266902473;0;0.5;-0.12500000000000342;0.49999999999999316;0.87499999999999993;0.26666666666665924
1;74.5;0.38699727266900869;-0.31659613223590555;0;0.3165961322359192;0.38699727266902473;0;0.5;-0.12500000000000342;0.49999999999999316;0.87499999999999993;0.26666666666665924
0;75;-0.48949701215064162;0.10194447064741127;0;-0.10194447064741598;-0.48949701215066171;0;0.5;-0.12500000000000341;0.49999999999999321;0.87499999999999997;0.26666666666665936
1;75;0.48949701215064162;-0.10194447064741127;0;0.10194447064741598;0.48949701215066171;0;0.5;-0.12500000000000341;0.49999999999999321;0.87499999999999997;0.26666666666665936
0;75.5;-0.48121078738913486;-0.1357798884235637;0;0.1357798884235687;-0.4812107873891544;0;0.5;-0.12500000000000333;0.49999999999999329;0.875;0.2666666666666595
1;75.5;0.48121078738913486;0.1357798884235637;0;-0.1357798884235687;0.4812107873891544;0;0.5;-0.12500000000000333;0.49999999999999329;0.875;0.2666666666666595
0;76;-0.36401398756430314;-0.34277371086114838;0;0.3427737108611616;-0.36401398756431785;0;0.5;-0.12500000000000333;0.49999999999999336;0.87500000000000002;0.26666666666665962
1;76;0.36401398756430314;0.34277371086114838;0;-0.3427737108611616;0.36401398756431785;0;0.5;-0.12500000000000333;0.49999999999999336;0.87500000000000002;0.26666666666665962
0;76.5;-0.16443131078974502;-0.47218888596826725;0;0.47218888596828545;-0.16443131078975171;0;0.5;-0.12500000000000328;0.4999999999999934;0.87500000000000005;0.26666666666665973
1;76.5;0.16443131078974502;0.47218888596826725;0;-0.47218888596828545;0.16443131078975171;0;0.5;-0.12500000000000328;0.4999999999999934;0.87500000000000005;0.26666666666665973
0;77;0.072366468151767907;-0.49473537804287487;0;0.49473537804289386;0.072366468151770488;0;0.5;-0.12500000000000326;0.49999999999999347;0.87500000000000005;0.26666666666665981
1;77;-0.072366468151767907;0.49473537804287487;0;-0.49473537804289386;-0.072366468151770488;0;0.5;-0.12500000000000326;0.49999999999999347;0.87500000000000005;0.26666666666665981
0;77.5;0.2927858244388914;-0.40531032679617957;0;0.40531032679619505;0.2927858244389025;0;0.5;-0.12500000000000329;0.49999999999999347;0.87500000000000007;0.26666666666665984
1;77.5;-0.2927858244388914;0.40531032679617957;0;-0.40531032679619505;-0.2927858244389025;0;0.5;-0.12500000000000329;0.49999999999999347;0.87500000000000007;0.26666666666665984
0;78;0.44694009825968356;-0.22415295797203214;0;0.22415295797204057;0.44694009825970066;0;0.5;-0.12500000000000329;0.49999999999999347;0.87500000000000007;0.26666666666665983
1;78;-0.44694009825968356;0.22415295797203214;0;-0.22415295797204057;-0.44694009825970066;0;0.5;-0.12500000000000329;0.49999999999999347;0.87500000000000007;0.26666666666665983
0;78.5;0.49994014944880744;0.0077360822831170576;0;-0.0077360822831176873;0.4999401494488267;0;0.5;-0.1250000000000033;0.49999999999999341;0.87500000000000006;0.26666666666665976
1;78.5;-0.49994014944880744;-0.0077360822831170576;0;0.0077360822831176873;-0.4999401494488267;0;0.5;-0.1250000000000033;0.49999999999999341;0.87500000000000006;0.26666666666665976
0;79;0.43979068154852724;0.2378742449763504;0;-0.23787424497636017;0.43979068154854428;0;0.5;-0.12500000000000329;0.49999999999999336;0.87500000000000003;0.26666666666665966
1;79;-0.43979068154852724;-0.2378742449763504;0;0.23787424497636017;-0.43979068154854428;0;0.5;-0.12500000000000329;0.49999999999999336;0.87500000000000003;0.26666666666665966
0;79.5;0.28010509083018426;0.41417525045685771;0;-0.4141752504568747;0.28010509083019502;0;0.5;-0.12500000000000338;0.49999999999999328;0.87500000000000001;0.26666666666665951
1;79.5;-0.28010509083018426;-0.41417525045685771;0;0.4141752504568747;-0.28010509083019502;0;0.5;-0.12500000000000338;0.49999999999999328;0.87500000000000001;0.26666666666665951
0;80;0.057024399004494408;0.49673757449800643;0;-0.49673757449802702;0.05702439900449615;0;0.5;-0.12500000000000342;0.4999999999999932;0.87499999999999997;0.26666666666665935
1;80;-0.057024399004494408;-0.49673757449800643;0;0.49673757449802702;-0.05702439900449615;0;0.5;-0.12500000000000342;0.4999999999999932;0.87499999999999997;0.26666666666665935
0;80.5;-0.17896240434441393;0.46687520584333075;0;-0.46687520584335029;-0.17896240434442201;0;0.5;-0.12500000000000346;0.49999999999999308;0.87499999999999995;0.26666666666665919
1;80.5;0.17896240434441393;-0.46687520584333075;0;0.46687520584335029;0.17896240434442201;0;0.5;-0.12500000000000346;0.49999999999999308;0.87499999999999995;0.26666666666665919
0;81;-0.37444533936232405;0.33134677881310343;0;-0.33134677881311736;-0.37444533936234053;0;0.5;-0.12500000000000348;0.499999999999993;0.87499999999999993;0.26666666666665905
1;81;0.37444533936232405;-0.33134677881310343;0;0.33134677881311736;0.37444533936234053;0;0.5;-0.12500000000000348;0.499999999999993;0.87499999999999993;0.26666666666665905
0;81.5;-0.48518150995087639;0.12082591775680054;0;-0.12082591775680553;-0.48518150995089776;0;0.5;-0.12500000000000353;0.49999999999999293;0.87499999999999991;0.26666666666665894
1;81.5;0.48518150995087639;-0.12082591775680054;0;0.12082591775680553;0.48518150995089776;0;0.5;-0.12500000000000353;0.49999999999999293;0.87499999999999991;0.26666666666665894
0;82;-0.48610842720672665;-0.11704100562874496;0;0.11704100562875031;-0.48610842720674813;0;0.5;-0.12500000000000354;0.49999999999999287;0.87499999999999991;0.26666666666665888
1;82;0.48610842720672665;0.11704100562874496;0;-0.11704100562875031;0.48610842720674813;0;0.5;-0.12500000000000354;0.49999999999999287;0.87499999999999991;0.26666666666665888
0;82.5;-0.3770163055348375;-0.32841849119811661;0;0.32841849119813116;-0.37701630553485427;0;0.5;-0.12500000000000355;0.49999999999999288;0.8749999999999999;0.26666666666665886
1;82.5;0.3770163055348375;0.32841849119811661;0;-0.32841849119813116;0.37701630553485427;0;0.5;-0.12500000000000355;0.49999999999999288;0.8749999999999999;0.26666666666665886
0;83;-0.18259554261026323;-0.46546629074386148;0;0.46546629074388191;-0.1825955426102715;0;0.5;-0.12500000000000356;0.49999999999999292;0.8749999999999999;0.26666666666665891
1;83;0.18259554261026323;0.46546629074386148;0;-0.46546629074388191;0.1825955426102715;0;0.5;-0.12500000000000356;0.49999999999999292;0.8749999999999999;0.26666666666665891
0;83.5;0.053151362767560557;-0.49716690621554527;0;0.49716690621556692;0.053151362767562452;0;0.5;-0.12500000000000353;0.49999999999999294;0.87499999999999993;0.266666666666659
1;83.5;-0.053151362767560557;0.49716690621554527;0;-0.49716690621556692;-0.053151362767562452;0;0.5;-0.12500000000000353;0.49999999999999294;0.87499999999999993;0.266666666666659
0;84;0.2768687259237273;-0.41634566000543083;0;0.41634566000544887;0.27686872592373868;0;0.5;-0.12500000000000353;0.49999999999999298;0.87499999999999997;0.26666666666665911
1;84;-0.2768687259237273;0.41634566000543083;0;-0.41634566000544887;-0.27686872592373868;0;0.5;-0.12500000000000353;0.49999999999999298;0.87499999999999997;0.26666666666665911
0;84.5;0.43792346191601228;-0.24129451196303875;0;0.24129451196304927;0.43792346191603027;0;0.5;-0.1250000000000035;0.49999999999999304;0.875;0.26666666666665926
1;84.5;-0.43792346191601228;0.24129451196303875;0;-0.24129451196304927;-0.43792346191603027;0;0.5;-0.1250000000000035;0.49999999999999304;0.875;0.26666666666665926
0;85;0.49986467568289766;-0.011632110918398749;0;0.011632110918399698;0.49986467568291798;0;0.5;-0.12500000000000342;0.49999999999999312;0.87500000000000004;0.2666666666666594
1;85;-0.49986467568289766;0.011632110918398749;0;-0.011632110918399698;-0.49986467568291798;0;0.5;-0.12500000000000342;0.49999999999999312;0.87500000000000004;0.2666666666666594
0;85.5;0.44867345204570824;0.22066294077024845;0;-0.22066294077025694;0.44867345204572628;0;0.5;-0.12500000000000341;0.4999999999999932;0.87500000000000006;0.26666666666665953
1;85.5;-0.44867345204570824;-0.22066294077024845;0;0.22066294077025694;-0.44867345204572628;0;0.5;-0.12500000000000341;0.4999999999999932;0.87500000000000006;0.26666666666665953
0;86;0.29593570252311729;0.40301620311364134;0;-0.4030162031136571;0.29593570252312912;0;0.5;-0.12500000000000339;0.49999999999999327;0.87500000000000006;0.26666666666665961
1;86;-0.29593570252311729;-0.40301620311364134;0;0.4030162031136571;-0.29593570252312912;0;0.5;-0.12500000000000339;0.49999999999999327;0.87500000000000006;0.26666666666665961
0;86.5;0.076219970818472163;0.49415636801362589;0;-0.49415636801364526;0.076219970818475133;0;0.5;-0.12500000000000337;0.49999999999999323;0.87500000000000009;0.26666666666665962
1;86.5;-0.076219970818472163;-0.49415636801362589;0;0.49415636801364526;-0.076219970818475133;0;0.5;-0.12500000000000337;0.49999999999999323;0.87500000000000009;0.26666666666665962
0;87;-0.16074633188477536;0.47345603469126507;0;-0.47345603469128367;-0.16074633188478196;0;0.5;-0.12500000000000341;0.49999999999999321;0.87500000000000008;0.26666666666665958
1;87;0.16074633188477536;-0.47345603469126507;0;0.47345603469128367;0.16074633188478196;0;0.5;-0.12500000000000341;0.49999999999999321;0.87500000000000008;0.26666666666665958
0;87.5;-0.36133153943453078;0.34560022947020547;0;-0.34560022947021896;-0.3613315394345456;0;0.5;-0.12500000000000345;0.49999999999999313;0.87500000000000007;0.26666666666665948
1;87.5;0.36133153943453078;-0.34560022947020547;0;0.34560022947021896;0.3613315394345456;0;0.5;-0.12500000000000345;0.49999999999999313;0.87500000000000007;0.26666666666665948
0;88;-0.48013797813780085;0.13952606190146302;0;-0.13952606190146813;-0.48013797813782078;0;0.5;-0.12500000000000351;0.49999999999999299;0.87500000000000006;0.26666666666665931
1;88;0.48013797813780085;-0.13952606190146302;0;0.13952606190146813;0.48013797813782078;0;0.5;-0.12500000000000351;0.49999999999999299;0.87500000000000006;0.26666666666665931
0;88.5;-0.49027664654347008;-0.098126499244980209;0;0.098126499244985149;-0.49027664654349074;0;0.5;-0.1250000000000036;0.49999999999999282;0.87500000000000004;0.26666666666665909
1;88.5;0.49027664654347008;0.098126499244980209;0;-0.098126499244985149;0.49027664654349074;0;0.5;-0.1250000000000036;0.49999999999999282;0.87500000000000004;0.26666666666665909
0;89;-0.38945289907131592;-0.31357046959963042;0;0.31357046959964491;-0.38945289907133251;0;0.5;-0.12500000000000367;0.49999999999999267;0.875;0.26666666666665884
1;89;0.38945289907131592;0.31357046959963042;0;-0.31357046959964491;0.38945289907133251;0;0.5;-0.12500000000000367;0.49999999999999267;0.875;0.26666666666665884
0;89.5;-0.20048578426513597;-0.45804524919223671;0;0.45804524919225792;-0.2004857842651443;0;0.5;-0.12500000000000373;0.4999999999999925;0.87499999999999997;0.2666666666666586
1;89.5;0.20048578426513597;0.45804524919223671;0;-0.45804524919225792;0.2004857842651443;0;0.5;-0.12500000000000373;0.4999999999999925;0.87499999999999997;0.2666666666666586
0;90;0.033856502146830836;-0.49885242032325156;0;0.49885242032327498;0.033856502146833251;0;0.5;-0.12500000000000386;0.49999999999999234;0.87499999999999993;0.26666666666665836
1;90;-0.033856502146830836;0.49885242032325156;0;-0.49885242032327498;-0.033856502146833251;0;0.5;-0.12500000000000386;0.49999999999999234;0.87499999999999993;0.26666666666665836
0;90.5;0.26053617746387564;-0.42675625388797278;0;0.4267562538879931;0.26053617746388885;0;0.5;-0.1250000000000039;0.49999999999999219;0.8749999999999999;0.26666666666665814
1;90.5;-0.26053617746387564;0.42675625388797278;0;-0.4267562538879931;-0.26053617746388885;0;0.5;-0.1250000000000039;0.49999999999999219;0.8749999999999999;0.26666666666665814
0;91;0.42824970809753904;-0.25807399619945487;0;0.25807399619946725;0.42824970809756052;0;0.5;-0.12500000000000396;0.49999999999999207;0.87499999999999987;0.26666666666665796
1;91;-0.42824970809753904;0.25807399619945487;0;-0.25807399619946725;-0.42824970809756052;0;0.5;-0.12500000000000396;0.49999999999999207;0.87499999999999987;0.26666666666665796
0;91.5;0.49903913976687847;-0.030982849783668196;0;0.030982849783669483;0.49903913976690356;0;0.5;-0.12500000000000402;0.49999999999999195;0.87499999999999988;0.26666666666665784
1;91.5;-0.49903913976687847;0.030982849783668196;0;-0.030982849783669483;-0.49903913976690356;0;0.5;-0.12500000000000402;0.49999999999999195;0.87499999999999988;0.26666666666665784
0;92;0.45688297438091424;0.20312052510968012;0;-0.20312052510969039;0.45688297438093728;0;0.5;-0.12500000000000406;0.49999999999999189;0.87499999999999989;0.26666666666665779
1;92;-0.45688297438091424;-0.20312052510968012;0;0.20312052510969039;-0.45688297438093728;0;0.5;-0.12500000000000406;0.49999999999999189;0.87499999999999989;0.26666666666665779
0;92.5;0.31132225369301275;0.39125241769922237;0;-0.39125241769924191;0.31132225369302857;0;0.5;-0.12500000000000404;0.49999999999999187;0.87499999999999991;0.26666666666665781
1;92.5;-0.31132225369301275;-0.39125241769922237;0;0.39125241769924191;-0.31132225369302857;0;0.5;-0.12500000000000404;0.49999999999999187;0.87499999999999991;0.26666666666665781
0;93;0.095301172247865079;0.49083366486842184;0;-0.49083366486844621;0.095301172247870172;0;0.5;-0.12500000000000404;0.49999999999999187;0.87499999999999994;0.26666666666665787
1;93;-0.095301172247865079;-0.49083366486842184;0;0.49083366486844621;-0.095301172247870172;0;0.5;-0.12500000000000404;0.49999999999999187;0.87499999999999994;0.26666666666665787
0;93.5;-0.14228905466477779;0.4793264283581572;0;-0.47932642835818079;-0.14228905466478434;0;0.5;-0.12500000000000403;0.49999999999999193;0.87499999999999997;0.26666666666665799
1;93.5;0.14228905466477779;-0.4793264283581572;0;0.47932642835818079;0.14228905466478434;0;0.5;-0.12500000000000403;0.49999999999999193;0.87499999999999997;0.26666666666665799
0;94;-0.34767555054130311;0.35933509647094836;0;-0.35933509647096595;-0.34767555054131954;0;0.5;-0.12500000000000396;0.49999999999999203;0.87499999999999998;0.26666666666665812
1;94;0.34767555054130311;-0.35933509647094836;0;0.35933509647096595;0.34767555054131954;0;0.5;-0.12500000000000396;0.49999999999999203;0.87499999999999998;0.26666666666665812
0;94.5;-0.47437398468430864;0.15801684294629964;0;-0.1580168429463075;-0.47437398468433101;0;0.5;-0.12500000000000395;0.49999999999999213;0.87499999999999999;0.26666666666665825
1;94.5;0.47437398468430864;-0.15801684294629964;0;0.1580168429463075;0.47437398468433101;0;0.5;-0.12500000000000395;0.49999999999999213;0.87499999999999999;0.26666666666665825
0;95;-0.49370919085946141;-0.079064751064430241;0;0.079064751064433586;-0.4937091908594845;0;0.5;-0.12500000000000391;0.49999999999999217;0.87500000000000002;0.26666666666665835
1;95;0.49370919085946141;0.079064751064430241;0;-0.079064751064433586;0.4937091908594845;0;0.5;-0.12500000000000391;0.49999999999999217;0.87500000000000002;0.26666666666665835
0;95.5;-0.40130510668684444;-0.29825192597373945;0;0.29825192597375305;-0.40130510668686309;0;0.5;-0.12500000000000389;0.49999999999999219;0.87500000000000004;0.26666666666665842
1;95.5;0.40130510668684444;0.29825192597373945;0;-0.29825192597375305;0.40130510668686309;0;0.5;-0.12500000000000389;0.49999999999999219;0.87500000000000004;0.26666666666665842
0;96;-0.21807519090258037;-0.44993689681197269;0;0.44993689681199328;-0.21807519090259045;0;0.5;-0.12500000000000391;0.49999999999999219;0.87500000000000006;0.26666666666665846
1;96;0.21807519090258037;0.44993689681197269;0;-0.44993689681199328;0.21807519090259045;0;0.5;-0.12500000000000391;0.49999999999999219;0.87500000000000006;0.26666666666665846
0;96.5;0.014510838814845498;-0.4997893912008079;0;0.49978939120083082;0.014510838814846272;0;0.5;-0.12500000000000391;0.49999999999999218;0.87500000000000006;0.26666666666665846
1;96.5;-0.014510838814845498;0.4997893912008079;0;-0.49978939120083082;-0.014510838814846272;0;0.5;-0.12500000000000391;0.49999999999999218;0.87500000000000006;0.26666666666665846
0;97;0.24381268654509977;-0.43652648703102248;0;0.43652648703104252;0.24381268654511126;0;0.5;-0.12500000000000391;0.49999999999999213;0.87500000000000007;0.2666666666666584
1;97;-0.24381268654509977;0.43652648703102248;0;-0.43652648703104252;-0.24381268654511126;0;0.5;-0.12500000000000391;0.49999999999999213;0.87500000000000007;0.2666666666666584
0;97.5;0.41793335256612441;-0.27446623255479696;0;0.2744662325548094;0.41793335256614422;0;0.5;-0.12500000000000395;0.49999999999999206;0.87500000000000005;0.2666666666666583
1;97.5;-0.41793335256612441;0.27446623255479696;0;-0.2744662325548094;-0.41793335256614422;0;0.5;-0.12500000000000395;0.49999999999999206;0.87500000000000005;0.2666666666666583
0;98;0.49746478044250919;-0.050287097940427454;0;0.05028709794042923;0.49746478044253301;0;0.5;-0.12500000000000405;0.49999999999999191;0.87500000000000005;0.26666666666665814
1;98;-0.49746478044250919;0.050287097940427454;0;-0.05028709794042923;-0.49746478044253301;0;0.5;-0.12500000000000405;0.49999999999999191;0.87500000000000005;0.26666666666665814
0;98.5;0.46440692991617877;0.18527332092293555;0;-0.18527332092294535;0.46440692991620119;0;0.5;-0.12500000000000412;0.49999999999999175;0.87500000000000003;0.26666666666665794
1;98.5;-0.46440692991617877;-0.18527332092293555;0;0.18527332092294535;-0.46440692991620119;0;0.5;-0.12500000000000412;0.49999999999999175;0.87500000000000003;0.26666666666665794
0;99;0.3262416563518355;0.37890154613143778;0;-0.37890154613145749;0.32624165635185126;0;0.5;-0.12500000000000418;0.49999999999999162;0.87499999999999999;0.26666666666665771
1;99;-0.3262416563518355;-0.37890154613143778;0;0.37890154613145749;-0.32624165635185126;0;0.5;-0.12500000000000418;0.49999999999999162;0.87499999999999999;0.26666666666665771
0;99.5;0.11423937136954555;0.48677445087953597;0;-0.4867744508795615;0.11423937136955065;0;0.5;-0.12500000000000425;0.49999999999999146;0.87499999999999995;0.26666666666665746
1;99.5;-0.11423937136954555;-0.48677445087953597;0;0.4867744508795615;-0.11423937136955065;0;0.5;-0.12500000000000425;0.49999999999999146;0.87499999999999995;0.26666666666665746
0;100;-0.12361826839029413;0.48447757813976022;0;-0.48447757813978598;-0.12361826839030146;0;0.5;-0.12500000000000437;0.4999999999999913;0.87499999999999992;0.26666666666665722
1;100;0.12361826839029413;-0.48447757813976022;0;0.48447757813978598;0.12361826839030146;0;0.5;-0.12500000000000437;0.4999999999999913;0.87499999999999992;0.26666666666665722
