# column style format: id;time;x;y;z;vx;vy;vz;mass;totalEnergy;totalSpecificAngularMomentum;rungeLenzVector;semiMajorAxis
# this file will be overwritten without any precaution
# used integrator was euler
0;0;0.5;0.050000000000000003;0;-0.050000000000000003;0.5;0;0.5;-0.12250929755249731;0.505;0.87312032028334876;0.26826561839873254
1;0;-0.5;-0.050000000000000003;0;0.050000000000000003;-0.5;0;0.5;-0.12250929755249731;0.505;0.87312032028334876;0.26826561839873254
0;0.1;0.495;0.10000000000000001;0;-0.099259266842078683;0.49507407331579212;0;0.5;-0.1200493824134889;0.50997518595104993;0.8712501737972023;0.26987309734142194
1;0.1;-0.495;-0.10000000000000001;0;0.099259266842078683;-0.49507407331579212;0;0.5;-0.1200493824134889;0.50997518595104993;0.8712501737972023;0.26987309734142194
0;0.2;0.48507407331579211;0.14950740733157922;0;-0.14730347916449707;0.48536817183651565;0;0.5;-0.11762063926921232;0.51492495486276646;0.86940914154886214;0.27152557934816465
1;0.2;-0.48507407331579211;-0.14950740733157922;0;0.14730347916449707;-0.48536817183651565;0;0.5;-0.11762063926921232;0.51492495486276646;0.86940914154886214;0.27152557934816465
0;0.3;0.47034372539934238;0.19804422451523079;0;-0.19366680382187207;0.47107827087888648;0;0.5;-0.11522499070617386;0.519846601714204;0.86761759914574543;0.27325757908973994
1;0.3;-0.47034372539934238;-0.19804422451523079;0;0.19366680382187207;-0.47107827087888648;0;0.5;-0.11522499070617386;0.519846601714204;0.86761759914574543;0.27325757908973994
0;0.4;0.45097704501715519;0.24515205160311945;0;-0.23790037408599152;0.45245316194805146;0;0.5;-0.11286572509890766;0.52473550953666205;0.86589629085108785;0.27510128953051744
1;0.4;-0.45097704501715519;-0.24515205160311945;0;0.23790037408599152;-0.45245316194805146;0;0.5;-0.11286572509890766;0.52473550953666205;0.86589629085108785;0.27510128953051744
0;0.5;0.42718700760855605;0.29039736779792458;0;-0.27958188024262209;0.42979500925245845;0;0.5;-0.1105472929714365;0.52958537198820283;0.86426581928943886;0.27708620664941394
1;0.5;-0.42718700760855605;-0.29039736779792458;0;0.27958188024262209;-0.42979500925245845;0;0.5;-0.1105472929714365;0.52958537198820283;0.86426581928943886;0.27708620664941394
0;0.6;0.39922881958429385;0.33337686872317041;0;-0.31832566250867567;0.40345738149644866;0;0.5;-0.10827506813143321;0.53438845353753667;0.86274607337504375;0.27923876330468207
1;0.6;-0.39922881958429385;-0.33337686872317041;0;0.31832566250867567;-0.40345738149644866;0;0.5;-0.10827506813143321;0.53438845353753667;0.86274607337504375;0.27923876330468207
0;0.7;0.36739625333342629;0.37372260687281528;0;-0.35379260168289178;0.37384063905433945;0;0.5;-0.10605507586191064;0.53913588705116793;0.86135562611035046;0.28158199648814242
1;0.7;-0.36739625333342629;-0.37372260687281528;0;0.35379260168289178;-0.37384063905433945;0;0.5;-0.10605507586191064;0.53913588705116793;0.86135562611035046;0.28158199648814242
0;0.8;0.33201699316513711;0.41110667077824925;0;-0.38569906492553346;0.34138476474712359;0;0.5;-0.1038936963587198;0.54381800321509508;0.86011114069901364;0.2841352708610885
1;0.8;-0.33201699316513711;-0.41110667077824925;0;0.38569906492553346;-0.34138476474712359;0;0.5;-0.1038936963587198;0.54381800321509508;0.86011114069901364;0.2841352708610885
0;0.9;0.29344708667258379;0.4452451472529616;0;-0.41382419888985289;0.30655995027290556;0;0.5;-0.10179735668518215;0.54842468133925543;0.85902682654663976;0.28691407826247397
1;0.9;-0.29344708667258379;-0.4452451472529616;0;0.41382419888985289;-0.30655995027290556;0;0.5;-0.10179735668518215;0.54842468133925543;0.85902682654663976;0.28691407826247397
0;1;0.25206466678359851;0.47590114228025215;0;-0.43801497536624862;0.26985545967282015;0;0.5;-0.099772228009511009;0.55294570726963689;0.85811398524168454;0.28992992796133796
1;1;-0.25206466678359851;-0.47590114228025215;0;0.43801497536624862;-0.26985545967282015;0;0.5;-0.099772228009511009;0.55294570726963689;0.85811398524168454;0.28992992796133796
0;1.1;0.20826316924697366;0.50288668824753413;0;-0.45818857731108731;0.23176745498750601;0;0.5;-0.097823946198001837;0.55737112188165053;0.85738068030597034;0.29319033619923966
1;1.1;-0.20826316924697366;-0.50288668824753413;0;0.45818857731108731;-0.23176745498750601;0;0.5;-0.097823946198001837;0.55737112188165053;0.85738068030597034;0.29319033619923966
0;1.2;0.16244431151586494;0.52606343374628473;0;-0.4743319441806213;0.19278656205507563;0;0.5;-0.095957372702892847;0.56169154326751206;0.85683155402410114;0.2966989166646225
1;1.2;-0.16244431151586494;-0.52606343374628473;0;0.4743319441806213;-0.19278656205507563;0;0.5;-0.095957372702892847;0.56169154326751206;0.85683155402410114;0.2966989166646225
0;1.3;0.11501111709780282;0.54534208995179234;0;-0.48649854410837351;0.15338596208771063;0;0.5;-0.094176409288872803;0.56589844729878694;0.85646780142549765;0.30045556670384156
1;1.3;-0.11501111709780282;-0.54534208995179234;0;0.48649854410837351;-0.15338596208771063;0;0.5;-0.094176409288872803;0.56589844729878694;0.85646780142549765;0.30045556670384156
0;1.4;0.066361262686965461;0.56068068616056344;0;-0.49480267273826006;0.11401071753287469;0;0.5;-0.092483875077370906;0.56998439448059377;0.85628729741981075;0.30445673803150794
1;1.4;-0.066361262686965461;-0.56068068616056344;0;0.49480267273826006;-0.11401071753287469;0;0.5;-0.092483875077370906;0.56998439448059377;0.85628729741981075;0.30445673803150794
0;1.5;0.016880995413139456;0.57208175791385085;0;-0.49941176432943762;0.07506889317205058;0;0.5;-0.090881448519726449;0.57394319540349862;0.85628486018403991;0.30869577604473641
1;1.5;-0.016880995413139456;-0.57208175791385085;0;0.49941176432943762;-0.07506889317205058;0;0.5;-0.090881448519726449;0.57394319540349862;0.85628486018403991;0.30869577604473641
0;1.6;-0.033060181019804305;0.57958864723105596;0;-0.5005373195013253;0.036924840312387852;0;0.5;-0.089369671180835908;0.57777001198715413;0.85645262385174804;0.31316330893294028
1;1.6;0.033060181019804305;-0.57958864723105596;0;0.5005373195013253;-0.036924840312387852;0;0.5;-0.089369671180835908;0.57777001198715413;0.85645262385174804;0.31316330893294028
0;1.7;-0.083113912969936837;0.58328113126229475;0;-0.49842509776323946;-0.0001051970941175586;0;0.5;-0.087948005437083923;0.58146139642997469;0.85678048741448897;0.31784766670480506
1;1.7;0.083113912969936837;-0.58328113126229475;0;0.49842509776323946;0.0001051970941175586;0;0.5;-0.087948005437083923;0.58146139642997469;0.85678048741448897;0.31784766670480506
0;1.8;-0.13295642274626079;0.58327061155288296;0;-0.49334519642794694;-0.035755192283515154;0;0.5;-0.086614934902932398;0.58501527377565333;0.85725660480759014;0.32273531088035197
1;1.8;0.13295642274626079;-0.58327061155288296;0;0.49334519642794694;0.035755192283515154;0;0.5;-0.086614934902932398;0.58501527377565333;0.85725660480759014;0.32273531088035197
0;1.9;-0.18229094238905549;0.57969509232453142;0;-0.48558255508654707;-0.069809361829764674;0;0.5;-0.085368094799608683;0.58843087691520827;0.8578678830129084;0.32781125758832392
1;1.9;0.18229094238905549;-0.57969509232453142;0;0.48558255508654707;0.069809361829764674;0;0.5;-0.085368094799608683;0.58843087691520827;0.8578678830129084;0.32781125758832392
0;2;-0.23084919789771019;0.57271415614155496;0;-0.47542830641587036;-0.10210042381830375;0;0.5;-0.084204419458213554;0.591708644516491;0.85860045976780365;0.33305947973583842
1;2;0.23084919789771019;-0.57271415614155496;0;0.47542830641587036;0.10210042381830375;0;0.5;-0.084204419458213554;0.591708644516491;0.85860045976780365;0.33305947973583842
0;2.1;-0.27839202853929723;0.56250411375972464;0;-0.46317226050720084;-0.13250646834493904;0;0.5;-0.08312029537981632;0.59485009286363415;0.85944013898390412;0.33846327732750061
1;2.1;0.27839202853929723;-0.56250411375972464;0;0.46317226050720084;0.13250646834493904;0;0.5;-0.08312029537981632;0.59485009286363415;0.85944013898390412;0.33846327732750061
0;2.2;-0.32470925459001732;0.54925346692523069;0;-0.44909667923548907;-0.16094683860424616;0;0.5;-0.082111710321560947;0.59785767209301046;0.86037276912458688;0.34400560850092995
1;2.2;0.32470925459001732;-0.54925346692523069;0;0.44909667923548907;0.16094683860424616;0;0.5;-0.082111710321560947;0.59785767209301046;0.86037276912458688;0.34400560850092995
0;2.3;-0.36961892251356621;0.53315878306480613;0;-0.43347138263191543;-0.18737740136133152;0;0.5;-0.081174391302230022;0.60073461610403671;0.86138455663256643;0.34966937709926369
1;2.3;0.36961892251356621;-0.53315878306480613;0;0.43347138263191543;0.18737740136133152;0;0.5;-0.081174391302230022;0.60073461610403671;0.86138455663256643;0.34966937709926369
0;2.4;-0.41296606077675774;0.51442104292867297;0;-0.41655013842801542;-0.21178554017181841;0;0.5;-0.080303926855047053;0.60348479379291283;0.86246231239121921;0.35543767540780971
1;2.4;0.41296606077675774;-0.51442104292867297;0;0.41655013842801542;0.21178554017181841;0;0.5;-0.080303926855047053;0.60348479379291283;0.86246231239121921;0.35543767540780971
0;2.5;-0.45462107461955925;0.49324248891149114;0;-0.39856822151160504;-0.23418514472188123;0;0.5;-0.079495871038677552;0.60611256746561848;0.8635936337983766;0.36129398293173342
1;2.5;0.45462107461955925;-0.49324248891149114;0;0.39856822151160504;0.23418514472188123;0;0.5;-0.079495871038677552;0.60611256746561848;0.8635936337983766;0.36129398293173342
0;2.6;-0.49447789677071974;0.46982397443930302;0;-0.37974099072852729;-0.25461180483333218;0;0.5;-0.078745828500480784;0.60862266253715656;0.86476702824048532;0.36722232375851184
1;2.6;0.49447789677071974;-0.46982397443930302;0;0.37974099072852729;0.25461180483333218;0;0.5;-0.078745828500480784;0.60862266253715656;0.86476702824048532;0.36722232375851184
0;2.7;-0.5324519958435725;0.44436279395596978;0;-0.36026331259818611;-0.27311835530163259;0;0.5;-0.078049521216164196;0.61102005105566228;0.86597198567666589;0.373207386167939
1;2.7;0.5324519958435725;-0.44436279395596978;0;0.36026331259818611;0.27311835530163259;0;0.5;-0.078049521216164196;0.61102005105566228;0.86597198567666589;0.373207386167939
0;2.8;-0.56847832710339108;0.41705095842580653;0;-0.34030966026273252;-0.28977086251472062;0;0.5;-0.077402838424119138;0.61330985027961663;0.86719900888612562;0.37923460879656466
1;2.8;0.56847832710339108;-0.41705095842580653;0;0.34030966026273252;0.28977086251472062;0;0.5;-0.077402838424119138;0.61330985027961663;0.86719900888612562;0.37923460879656466
0;2.9;-0.60250929312966428;0.38807387217433448;0;-0.32003472639350145;-0.30464509816987306;0;0.5;-0.076801871790366578;0.61549723651105438;0.86843960995448799;0.38529023792331437
1;2.9;0.60250929312966428;-0.38807387217433448;0;0.32003472639350145;0.30464509816987306;0;0.5;-0.076801871790366578;0.61549723651105438;0.86843960995448799;0.38529023792331437
0;3;-0.63451276576901439;0.35760936235734719;0;-0.29957440637036853;-0.31782351003479092;0;0.5;-0.076242938059923394;0.61758737363855917;0.86968628102906878;0.39136136041222825
1;3;0.63451276576901439;-0.35760936235734719;0;0.29957440637036853;0.31782351003479092;0;0.5;-0.076242938059923394;0.61758737363855917;0.86968628102906878;0.39136136041222825
0;3.1;-0.66447020640605126;0.3258270113538681;0;-0.27904702920103119;-0.32939267405546846;0;0.5;-0.075722591453542834;0.61958535534005169;0.87093244648309329;0.39743591661325777
1;3.1;0.66447020640605126;-0.3258270113538681;0;0.27904702920103119;0.32939267405546846;0;0.5;-0.075722591453542834;0.61958535534005169;0.87093244648309329;0.39743591661325777
0;3.2;-0.69237490932615442;0.29288774394832123;0;-0.25855473565689407;-0.3394411949626529;0;0.5;-0.07523762792811549;0.62149615959506116;0.87217240257259846;0.40350269715679619
1;3.2;0.69237490932615442;-0.29288774394832123;0;0.25855473565689407;0.3394411949626529;0;0.5;-0.07523762792811549;0.62149615959506116;0.87217240257259846;0.40350269715679619
0;3.3;-0.71823038289184382;0.25894362445205593;0;-0.23818492413755638;-0.34805801232589006;0;0.5;-0.074785083194291606;0.6233246140148299;0.87340124957814686;0.40955132714134466
1;3.3;0.71823038289184382;-0.25894362445205593;0;0.23818492413755638;0.34805801232589006;0;0.5;-0.074785083194291606;0.6233246140148299;0.87340124957814686;0.40955132714134466
0;3.4;-0.74204887530559949;0.22413782321946693;0;-0.21801170373158793;-0.35533106416722143;0;0.5;-0.074362226121377454;0.62507537047438784;0.87461482038420601;0.41557224075118883
1;3.4;0.74204887530559949;-0.22413782321946693;0;0.21801170373158793;0.35533106416722143;0;0.5;-0.074362226121377454;0.62507537047438784;0.87461482038420601;0.41557224075118883
0;3.5;-0.76385004567875825;0.18860471680274479;0;-0.19809731027113087;-0.36134625932417735;0;0.5;-0.07396654888909133;0.6267528875873868;0.87580960851433609;0.42155664888396704
1;3.5;0.76385004567875825;-0.18860471680274479;0;0.19809731027113087;0.36134625932417735;0;0.5;-0.07396654888909133;0.6267528875873868;0.87580960851433609;0.42155664888396704
0;3.6;-0.78365977670587128;0.15247009087032706;0;-0.17849345473245654;-0.36618671150851689;0;0.5;-0.073595754988888167;0.62836141967247582;0.8769826978354965;0.42749650193752559
1;3.6;0.78365977670587128;-0.15247009087032706;0;0.17849345473245654;0.36618671150851689;0;0.5;-0.073595754988888167;0.62836141967247582;0.8769826978354965;0.42749650193752559
0;3.7;-0.80150912217911696;0.11585141971947538;0;-0.15924258422280821;-0.36993219145170991;0;0.5;-0.073247745946081777;0.62990501099653502;0.87813169547624222;0.4333844495139363
1;3.7;0.80150912217911696;-0.11585141971947538;0;0.15924258422280821;0.36993219145170991;0;0.5;-0.073247745946081777;0.62990501099653502;0.87813169547624222;0.4333844495139363
0;3.8;-0.81743338060139781;0.078858200574304385;0;-0.1403790442744112;-0.37265875790427294;0;0.5;-0.072920607433382446;0.63138749422845676;0.87925466896554835;0.43921379845210496
1;3.8;0.81743338060139781;-0.078858200574304385;0;0.1403790442744112;0.37265875790427294;0;0.5;-0.072920607433382446;0.63138749422845676;0.87925466896554835;0.43921379845210496
0;3.9;-0.83147128502883894;0.041592324783877088;0;-0.12193013756924907;-0.37443853301482927;0;0.5;-0.072612595277910947;0.63281249218575289;0.8803500881786741;0.44497847030061938
1;3.9;0.83147128502883894;-0.041592324783877088;0;0.12193013756924907;0.37443853301482927;0;0.5;-0.072612595277910947;0.63281249218575289;0.8803500881786741;0.44497847030061938
0;4;-0.84366429878576388;0.0041484714823941619;0;-0.10391707889065584;-0.37533959237839476;0;0.5;-0.07232212172575631;0.6341834220975289;0.88141677235776616;0.45067295908796772
1;4;0.84366429878576388;-0.0041484714823941619;0;0.10391707889065584;0.37533959237839476;0;0.5;-0.07232212172575631;0.6341834220975289;0.88141677235776616;0.45067295908796772
0;4.1;-0.8540560066748295;-0.033385487755445316;0;-0.086355849372115545;-0.37542594456842854;0;0.5;-0.072047742217727192;0.63550350173682826;0.88245384224093827;0.45629229003474701
1;4.1;0.8540560066748295;0.033385487755445316;0;0.086355849372115545;0.37542594456842854;0;0.5;-0.072047742217727192;0.63550350173682826;0.88245384224093827;0.45629229003474701
0;4.2;-0.86269159161204101;-0.070928082212288163;0;-0.069257955288301906;-0.37475757911099034;0;0.5;-0.071788142843453441;0.63677575689078394;0.88346067716825899;0.46183197967772582
1;4.2;0.86269159161204101;0.070928082212288163;0;0.069257955288301906;0.37475757911099034;0;0.5;-0.071788142843453441;0.63677575689078394;0.88346067716825899;0.46183197967772582
0;4.3;-0.86961738714087122;-0.10840384012338719;0;-0.052631097964909813;-0.37339056555176248;0;0.5;-0.071542128574634621;0.63800302973773894;0.88443687692197369;0.46728799773397337
1;4.3;0.86961738714087122;0.10840384012338719;0;0.052631097964909813;0.37339056555176248;0;0.5;-0.071542128574634621;0.63800302973773894;0.88443687692197369;0.46728799773397337
0;4.4;-0.87488049693736225;-0.14574289667856344;0;-0.036479762085515316;-0.37137718948736992;0;0.5;-0.071308612328412159;0.63918798778684661;0.88538222798893088;0.47265673092006948
1;4.4;0.87488049693736225;0.14574289667856344;0;0.036479762085515316;0.37137718948736992;0;0.5;-0.071308612328412159;0.63918798778684661;0.88538222798893088;0.47265673092006948
0;4.5;-0.87852847314591376;-0.18288061562730043;0;-0.020805729918008539;-0.36876611419340438;0;0.5;-0.071086604875323298;0.64033313310860497;0.88629667389519799;0.47793494885226991
1;4.5;0.87852847314591376;0.18288061562730043;0;0.020805729918008539;0.36876611419340438;0;0.5;-0.071086604875323298;0.64033313310860497;0.88629667389519799;0.47793494885226991
0;4.6;-0.88060904613771462;-0.21975722704664086;0;-0.0056085289062165183;-0.36560255881437825;0;0.5;-0.070875205580286692;0.64144081164559254;0.88718028924782278;0.48311977208440678
1;4.6;0.88060904613771462;0.21975722704664086;0;0.0056085289062165183;0.36560255881437825;0;0.5;-0.070875205580286692;0.64144081164559254;0.88718028924782278;0.48311977208440678
0;4.7;-0.88116989902833631;-0.25631748292807865;0;0.0091141802206919295;-0.36192848602744293;0;0.5;-0.070673593947216091;0.64251322244280231;0.88803325711994596;0.48820864228770627
1;4.7;0.88116989902833631;0.25631748292807865;0;-0.0091141802206919295;0.36192848602744293;0;0.5;-0.070673593947216091;0.64251322244280231;0.88803325711994596;0.48820864228770627
0;4.8;-0.88025848100626713;-0.29251033153082295;0;0.023366268098062911;-0.35778279369815918;0;0.5;-0.070481021926234887;0.64355242667784545;0.88885584942781863;0.49319929453752471
1;4.8;0.88025848100626713;0.29251033153082295;0;-0.023366268098062911;0.35778279369815918;0;0.5;-0.070481021926234887;0.64355242667784545;0.88885584942781863;0.49319929453752471
0;4.9;-0.87792185419646085;-0.32828861090063888;0;0.037152847919372116;-0.35320150635901615;0;0.5;-0.070296806935512479;0.64456035640428776;0.88964840996778381;0.49808973164361127
1;4.9;0.87792185419646085;0.32828861090063888;0;-0.037152847919372116;0.35320150635901615;0;0.5;-0.070296806935512479;0.64456035640428776;0.88964840996778381;0.49808973164361127
0;5;-0.87420656940452368;-0.36360876153654048;0;0.050480027500911226;-0.34821796340341754;0;0.5;-0.070120325546232422;0.64553882294773692;0.89041133980500724;0.50287820044069523
1;5;0.87420656940452368;0.36360876153654048;0;-0.050480027500911226;0.34821796340341754;0;0.5;-0.070120325546232422;0.64553882294773692;0.89041133980500724;0.50287820044069523
0;5.1;-0.86915856665443258;-0.39843055787688225;0;0.063354697093246204;-0.34286300173932271;0;0.5;-0.069951007778170123;0.64648952491513786;0.89114508473154962;0.50756316994313473
1;5.1;0.86915856665443258;0.39843055787688225;0;-0.063354697093246204;0.34286300173932271;0;0.5;-0.069951007778170123;0.64648952491513786;0.89114508473154962;0.50756316994313473
0;5.2;-0.86282309694510795;-0.4327168580508145;0;0.075784348348937755;-0.33716513132301551;0;0.5;-0.069788331954061137;0.64741405579401808;0.89185012453774254;0.51214331125954602
1;5.2;0.86282309694510795;0.4327168580508145;0;-0.075784348348937755;0.33716513132301551;0;0.5;-0.069788331954061137;0.64741405579401808;0.89185012453774254;0.51214331125954602
0;5.3;-0.85524466211021422;-0.46643337118311606;0;0.087776920362239011;-0.33115070252536594;0;0.5;-0.069631820062819579;0.6483139111309954;0.8925269638667202;0.51661747915953245
1;5.3;0.85524466211021422;0.46643337118311606;0;-0.087776920362239011;0.33115070252536594;0;0.5;-0.069631820062819579;0.6483139111309954;0.8925269638667202;0.51661747915953245
0;5.4;-0.8464669700739903;-0.49954844143565263;0;0.099340669167456042;-0.32484406469681315;0;0.5;-0.069481033584294725;0.64919049528841633;0.89317612444668408;0.52098469518386243
1;5.4;0.8464669700739903;0.49954844143565263;0;-0.099340669167456042;0.32484406469681315;0;0.5;-0.069481033584294725;0.64919049528841633;0.89317612444668408;0.52098469518386243
0;5.5;-0.83653290315724471;-0.53203284790533401;0;0.11048405751447418;-0.31826771561543254;0;0.5;-0.069335569731322686;0.6500451277851291;0.8937981385186181;0.52524413219091843
1;5.5;0.83653290315724471;0.53203284790533401;0;-0.11048405751447418;0.31826771561543254;0;0.5;-0.069335569731322686;0.6500451277851291;0.8937981385186181;0.52524413219091843
0;5.6;-0.82548449740579732;-0.56385961946687724;0;0.12121566213137788;-0.31144244174350683;0;0.5;-0.069195058068115057;0.65087904923259468;0.89439354329849978;0.52939510023532317
1;5.6;0.82548449740579732;0.56385961946687724;0;-0.12121566213137788;0.31144244174350683;0;0.5;-0.069195058068115057;0.65087904923259468;0.89439354329849978;0.52939510023532317
0;5.7;-0.81336293119265957;-0.59500386364122793;0;0.13154409603568648;-0.3043874493974672;0;0.5;-0.069059157467362033;0.6516934268812149;0.89496287633247612;0.53343703367886186
1;5.7;0.81336293119265957;0.59500386364122793;0;-0.13154409603568648;0.3043874493974672;0;0.5;-0.069059157467362033;0.6516934268812149;0.89496287633247612;0.53343703367886186
0;5.8;-0.80020852158909095;-0.62544260858097467;0;0.14147794376922937;-0.29712048706662347;0;0.5;-0.068927553371710799;0.65248935979422531;0.89550667162099596;0.53736947943876891
1;5.8;0.80020852158909095;0.62544260858097467;0;-0.14147794376922937;0.29712048706662347;0;0.5;-0.068927553371710799;0.65248935979422531;0.89550667162099596;0.53736947943876891
0;5.9;-0.78606072721216802;-0.655154657287637;0;0.15102570770953844;-0.28965795920815524;0;0.5;-0.068799955328429931;0.65326788366804099;0.8960254564035765;0.54119208628384864
1;5.9;0.78606072721216802;0.655154657287637;0;-0.15102570770953844;0.28965795920815524;0;0.5;-0.068799955328429931;0.65326788366804099;0.8960254564035765;0.54119208628384864
0;6;-0.77095815644121413;-0.68412045320845249;0;0.16019576385567474;-0.28201503190782118;0;0.5;-0.068676094769046495;0.65402997531876487;0.89651974850983564;0.54490459509452223
1;6;0.77095815644121413;0.68412045320845249;0;-0.16019576385567474;0.28201503190782118;0;0.5;-0.068676094769046495;0.65402997531876487;0.89651974850983564;0.54490459509452223
0;6.1;-0.75493858005564662;-0.71232195639923457;0;0.16899632570161247;-0.27420573083456506;0;0.5;-0.068555723008515211;0.65477655685484445;0.89699005419477118;0.54850683000857458
1;6.1;0.75493858005564662;0.71232195639923457;0;-0.16899632570161247;0.27420573083456506;0;0.5;-0.068555723008515211;0.65477655685484445;0.89699005419477118;0.54850683000857458
0;6.2;-0.73803894748548537;-0.73974252948269104;0;0.17743541499865484;-0.26624303193811449;0;0.5;-0.068438609441038485;0.65550849955573287;0.89743686638714916;0.55199869037998947
1;6.2;0.73803894748548537;0.73974252948269104;0;-0.17743541499865484;0.26624303193811449;0;0.5;-0.068438609441038485;0.65550849955573287;0.89743686638714916;0.55199869037998947
0;6.3;-0.72029540598561992;-0.76636683267650252;0;0.18552083837272687;-0.25813894534613668;0;0.5;-0.06832453991199862;0.65622662747598263;0.8978606632894168;0.55538014348372342
1;6.3;0.72029540598561992;0.76636683267650252;0;-0.18552083837272687;0.25813894534613668;0;0.5;-0.06832453991199862;0.65622662747598263;0.8978606632894168;0.55538014348372342
0;6.4;-0.70174332214834723;-0.79218072721111621;0;0.19326016890547948;-0.24990459291498904;0;0.5;-0.068213315247596258;0.65693172079356121;0.89826190727591697;0.5586512179045156
1;6.4;0.70174332214834723;0.79218072721111621;0;-0.19326016890547948;0.24990459291498904;0;0.5;-0.068213315247596258;0.65693172079356121;0.89826190727591697;0.5586512179045156
0;6.5;-0.68241730525779931;-0.81717118650261511;0;0.20066073191244699;-0.24155027987830316;0;0.5;-0.068104749925718788;0.65762451892039267;0.89864104404348072;0.56181199755282456
1;6.5;0.68241730525779931;0.81717118650261511;0;-0.20066073191244699;0.24155027987830316;0;0.5;-0.068104749925718788;0.65762451892039267;0.89864104404348072;0.56181199755282456
0;6.6;-0.66235123206655466;-0.84132621449044542;0;0.20772959425930057;-0.23308556102270525;0;0.5;-0.06799867087330419;0.65830572339225289;0.89899850197483276;0.56486261625569708
1;6.6;0.66235123206655466;0.84132621449044542;0;-0.20772959425930057;0.23308556102270525;0;0.5;-0.06799867087330419;0.65830572339225289;0.89899850197483276;0.56486261625569708
0;6.7;-0.64157827264062461;-0.86463477059271598;0;0.21447355665058793;-0.22451930180155896;0;0.5;-0.067894916377030075;0.65897600055421649;0.89933469168077313;0.56780325287480067
1;6.7;0.64157827264062461;0.86463477059271598;0;-0.21447355665058793;0.22451930180155896;0;0.5;-0.067894916377030075;0.65897600055421649;0.89933469168077313;0.56780325287480067
0;6.8;-0.62013091697556577;-0.88708670077287188;0;0.2208991484060796;-0.21585973477700041;0;0.5;-0.067793335095560965;0.65963598405689969;0.89965000569189712;0.57063412690798358
1;6.8;0.62013091697556577;0.88708670077287188;0;-0.2208991484060796;0.21585973477700041;0;0.5;-0.067793335095560965;0.65963598405689969;0.89965000569189712;0.57063412690798358
0;6.9;-0.59804100213495781;-0.90867267425057197;0;0.22701262430958805;-0.20711451175869469;0;0.5;-0.067693785162842562;0.6602862771777921;0.89994481827477612;0.57335549453457139
1;6.9;0.59804100213495781;0.90867267425057197;0;-0.22701262430958805;0.20711451175869469;0;0.5;-0.067693785162842562;0.6602862771777921;0.89994481827477612;0.57335549453457139
0;7;-0.57533973970399899;-0.92938412542644144;0;0.23281996317532611;-0.1982907519854164;0;0.5;-0.067596133373052395;0.6609274549810329;0.90021948535112426;0.57596764506817268
1;7;0.57533973970399899;0.92938412542644144;0;-0.23281996317532611;0.1982907519854164;0;0.5;-0.067596133373052395;0.6609274549810329;0.90021948535112426;0.57596764506817268
0;7.1;-0.5520577433864664;-0.94921320062498304;0;0.23832686782879722;-0.18939508667328936;0;0.5;-0.067500254438817084;0.66156006632808051;0.90047434450159238;0.57847089778406404
1;7.1;0.5520577433864664;0.94921320062498304;0;-0.23832686782879722;0.18939508667328936;0;0.5;-0.067500254438817084;0.66156006632808051;0.90047434450159238;0.57847089778406404
0;7.2;-0.52822505660358665;-0.96815270929231201;0;0.2435387662439695;-0.18043370023271429;0;0.5;-0.067406030315197505;0.66218463575085245;0.90070971503852549;0.58086559909126509
1;7.2;0.52822505660358665;0.96815270929231201;0;-0.2435387662439695;0.18043370023271429;0;0.5;-0.067406030315197505;0.66218463575085245;0.90070971503852549;0.58086559909126509
0;7.3;-0.50387117997918973;-0.9861960793155834;0;0.24846081361705219;-0.1714123684349475;0;0.5;-0.067313349582737043;0.6628016651980828;0.90092589813434748;0.58315212002221756
1;7.3;0.50387117997918973;0.9861960793155834;0;-0.24846081361705219;0.1714123684349475;0;0.5;-0.067313349582737043;0.6628016651980828;0.90092589813434748;0.58315212002221756
0;7.4;-0.47902509861748449;-1.0033373161590782;0;0.25309789519041215;-0.16233649378916404;0;0.5;-0.067222106883574122;0.66341163566486149;0.9011231769942472;0.58533085401556169
1;7.4;0.47902509861748449;1.0033373161590782;0;-0.25309789519041215;0.16233649378916404;0;0.5;-0.067222106883574122;0.66341163566486149;0.9011231769942472;0.58533085401556169
0;7.5;-0.45371530909844326;-1.0195709655379945;0;0.25745462966877469;-0.15321113837176745;0;0.5;-0.067132202405249309;0.66401500871458051;0.90130181706357627;0.58740221496987359
1;7.5;0.45371530909844326;1.0195709655379945;0;-0.25745462966877469;0.15321113837176745;0;0.5;-0.067132202405249309;0.66401500871458051;0.90130181706357627;0.58740221496987359
0;7.6;-0.4279698461315658;-1.0348920793751712;0;0.26153537309448854;-0.14404105433176614;0;0.5;-0.067043541407395215;0.66461222790182186;0.90146206626186778;0.58936663554840778
1;7.6;0.4279698461315658;1.0348920793751712;0;-0.26153537309448854;0.14404105433176614;0;0.5;-0.067043541407395215;0.66461222790182186;0.90146206626186778;0.58936663554840778
0;7.7;-0.40181630882211694;-1.049296184808348;0;0.265344223069852;-0.1348307122792558;0;0.5;-0.066956033786995004;0.66520372010407676;0.9016041552366799;0.59122456571688964
1;7.7;0.40181630882211694;1.049296184808348;0;-0.265344223069852;0.1348307122792558;0;0.5;-0.066956033786995004;0.66520372010407676;0.9016041552366799;0.59122456571688964
0;7.8;-0.37528188651513172;-1.0627792560362734;0;0.26888502323277841;-0.12558432774842718;0;0.5;-0.066869593678337359;0.66578989676958538;0.90172829763158726;0.59297647149824336
1;7.8;0.37528188651513172;1.0627792560362734;0;-0.26888502323277841;0.12558432774842718;0;0.5;-0.066869593678337359;0.66578989676958538;0.90172829763158726;0.59297647149824336
0;7.9;-0.34839338419185389;-1.0753376888111161;0;0.27216136790783912;-0.1163058859120423;0;0.5;-0.066784139084187535;0.66637115508803136;0.90183469036361043;0.5946228339298326
1;7.9;0.34839338419185389;1.0753376888111161;0;-0.27216136790783912;0.1163058859120423;0;0.5;-0.066784139084187535;0.66637115508803136;0.90183469036361043;0.5946228339298326
0;8;-0.32117724740107001;-1.0869682774023204;0;0.27517660686832163;-0.10699916471095031;0;0.5;-0.066699591535045747;0.66694787909030362;0.90192351390621347;0.59616414821034326
1;8;0.32117724740107001;1.0869682774023204;0;-0.27517660686832163;0.10699916471095031;0;0.5;-0.066699591535045747;0.66694787909030362;0.90192351390621347;0.59616414821034326
0;8.1;-0.29365958671423786;-1.0976681938734154;0;0.27793385015669353;-0.097667756549904047;0;0.5;-0.066615875773672517;0.66752044068306776;0.90199493257472552;0.59760092302487356
1;8.1;0.29365958671423786;1.0976681938734154;0;-0.27793385015669353;0.097667756549904047;0;0.5;-0.066615875773672517;0.66752044068306776;0.90199493257472552;0.59760092302487356
0;8.2;-0.26586620169856851;-1.1074349695284058;0;0.28043597292103617;-0.088315088699634947;0;0.5;-0.066532919462339263;0.66808920062344128;0.90204909481167744;0.5989336800381125
1;8.2;0.26586620169856851;1.1074349695284058;0;-0.28043597292103617;0.088315088699634947;0;0.5;-0.066532919462339263;0.66808920062344128;0.90204909481167744;0.5989336800381125
0;8.3;-0.23782260440646488;-1.1162664783983693;0;0.28268562023384353;-0.078944442534790424;0;0.5;-0.066450652910507174;0.66865450943866339;0.9020861334700963;0.60016295354670647
1;8.3;0.23782260440646488;1.1162664783983693;0;-0.28268562023384353;0.078944442534790424;0;0.5;-0.066450652910507174;0.66865450943866339;0.9020861334700963;0.60016295354670647
0;8.4;-0.20955404238308054;-1.1241609226518483;0;0.28468521186727136;-0.069558971727875507;0;0.5;-0.066369008820857341;0.66921670829527082;0.90210616609328732;0.60128929028303824
1;8.4;0.20955404238308054;1.1241609226518483;0;-0.28468521186727136;0.069558971727875507;0;0.5;-0.066369008820857341;0.66921670829527082;0.90210616609328732;0.60128929028303824
0;8.5;-0.18108552119635341;-1.1311168198246357;0;0.28643694700564926;-0.060161719510709206;0;0.5;-0.066287922051789538;0.66977612982194661;0.90210929519006014;0.60231324936368458
1;8.5;0.18108552119635341;1.1311168198246357;0;-0.28643694700564926;0.060161719510709206;0;0.5;-0.066287922051789538;0.66977612982194661;0.90210929519006014;0.60231324936368458
0;8.6;-0.15244182649578847;-1.1371329917757067;0;0.28794280888198337;-0.050755635107046213;0;0.5;-0.066207329394681283;0.67033309888988434;0.9020956085047389;0.60323540237678338
1;8.6;0.15244182649578847;1.1371329917757067;0;-0.28794280888198337;0.050755635107046213;0;0.5;-0.066207329394681283;0.67033309888988434;0.9020956085047389;0.60323540237678338
0;8.7;-0.12364754560759013;-1.1422085552864114;0;0.28920456933041855;-0.041343589432868921;0;0.5;-0.066127169364353491;0.67088793335421663;0.90206517928163677;0.60405633360343999
1;8.7;0.12364754560759013;1.1422085552864114;0;-0.28920456933041855;0.041343589432868921;0;0.5;-0.066127169364353491;0.67088793335421663;0.90206517928163677;0.60405633360343999
0;8.8;-0.094727088674548279;-1.1463429142296984;0;0.29022379325130859;-0.031928390154366361;0;0.5;-0.066047382001326578;0.67144094475978159;0.90201806652398662;0.60477664036913882
1;8.8;0.094727088674548279;1.1463429142296984;0;-0.29022379325130859;0.031928390154366361;0;0.5;-0.066047382001326578;0.67144094475978159;0.90201806652398662;0.60477664036913882
0;8.9;-0.065704709349417426;-1.1495357532451349;0;0.29100184298976778;-0.022512796187731464;0;0.5;-0.065967908684574781;0.6719924390142455;0.90195431524760534;0.6053969335219065
1;8.9;0.065704709349417426;1.1495357532451349;0;-0.29100184298976778;0.022512796187731464;0;0.5;-0.065967908684574781;0.6719924390142455;0.90195431524760534;0.6053969335219065
0;9;-0.036604525050440651;-1.1517870328639082;0;0.29153988263243524;-0.013099531719573929;0;0.5;-0.065888691953595321;0.67254271703136561;0.90187395672983515;0.60591783803470439
1;9;0.036604525050440651;1.1517870328639082;0;-0.29153988263243524;0.013099531719573929;0;0.5;-0.065888691953595321;0.67254271703136561;0.90187395672983515;0.60591783803470439
0;9.1;-0.0074505367871971259;-1.1530969860358655;0;0.29183888223075682;-0.0036912998219125162;0;0.5;-0.065809675338708154;0.67309207534695468;0.90177700875455812;0.60633999373021245
1;9.1;0.0074505367871971259;1.1530969860358655;0;-0.29183888223075682;0.0036912998219125162;0;0.5;-0.065809675338708154;0.67309207534695468;0.90177700875455812;0.60633999373021245
0;9.2;0.021733351435878557;-1.1534661160180568;0;0.29189962196244745;0.0057092042686704538;0;0.5;-0.065730803198588393;0.67364080670990715;0.90166347585432295;0.60666405612681425
1;9.2;-0.021733351435878557;1.1534661160180568;0;-0.29189962196244745;-0.0057092042686704538;0;0.5;-0.065730803198588393;0.67364080670990715;0.90166347585432295;0.60666405612681425
0;9.3;0.050923313632123303;-1.1528951955911897;0;0.29172269624600644;0.015099280142105025;0;0.5;-0.065652020564113645;0.67418920065044904;0.90153334955086188;0.60689069740519576
1;9.3;-0.050923313632123303;1.1528951955911897;0;-0.29172269624600644;-0.015099280142105025;0;0.5;-0.065652020564113645;0.67418920065044904;0.90153334955086188;0.60689069740519576
0;9.4;0.080095583256723946;-1.1513852675769791;0;0.29130851782627454;0.024476209414147514;0;0.5;-0.065573272987677316;0.67473754402759633;0.90138660859551291;0.60702060749554794
1;9.4;-0.080095583256723946;1.1513852675769791;0;-0.29130851782627454;-0.024476209414147514;0;0.5;-0.065573272987677316;0.67473754402759633;0.90138660859551291;0.60702060749554794
0;9.5;0.10922643503935139;-1.1489376466355643;0;0.29065732185209919;0.033837243075239089;0;0.5;-0.065494506397183427;0.67528612155762994;0.90122321921130342;0.60705449528590116
1;9.5;-0.10922643503935139;1.1489376466355643;0;-0.29065732185209919;-0.033837243075239089;0;0.5;-0.065494506397183427;0.67528612155762994;0.90122321921130342;0.60705449528590116
0;9.6;0.13829216722456131;-1.1455539223280404;0;0.28976916997026081;0.043179588933242564;0;0.5;-0.065415666953995381;0.67583521632523339;0.90104313533869835;0.60699308995263422
1;9.6;-0.13829216722456131;1.1455539223280404;0;-0.28976916997026081;-0.043179588933242564;0;0.5;-0.065415666953995381;0.67583521632523339;0.90104313533869835;0.60699308995263422
0;9.7;0.1672690842215874;-1.1412359634347162;0;0.28864395446295293;0.052500399097189197;0;0.5;-0.06533670091416274;0.67638511027877828;0.90084629888727293;0.60683714241468313
1;9.7;-0.1672690842215874;1.1412359634347162;0;-0.28864395446295293;-0.052500399097189197;0;0.5;-0.06533670091416274;0.67638511027877828;0.90084629888727293;0.60683714241468313
0;9.8;0.19613347966788269;-1.1359859235249974;0;0.28728140245934419;0.061796757451781155;0;0.5;-0.065257554492297923;0.67693608471108913;0.90063263999584052;0.60658742691343324
1;9.8;-0.19613347966788269;1.1359859235249974;0;-0.28728140245934419;-0.061796757451781155;0;0.5;-0.065257554492297923;0.67693608471108913;0.90063263999584052;0.60658742691343324
0;9.9;0.22486161991381712;-1.1298062477798192;0;0.28568108025511979;0.07106566707486936;0;0.5;-0.065178173727518281;0.67748842072686685;0.9004020773038523;0.60624474272070818
1;9.9;-0.22486161991381712;1.1298062477798192;0;-0.28568108025511979;-0.07106566707486936;0;0.5;-0.065178173727518281;0.67748842072686685;0.9004020773038523;0.60624474272070818
0;10;0.25342972793932911;-1.1226996810723322;0;0.28384239777744019;0.080304037552507382;0;0.5;-0.065098504350909828;0.67804239969779954;0.90015451823719172;0.60580991597767442
1;10;-0.25342972793932911;1.1226996810723322;0;-0.28384239777744019;-0.080304037552507382;0;0.5;-0.065098504350909828;0.67804239969779954;0.90015451823719172;0.60580991597767442
0;10.1;0.28181396771707312;-1.1146692773170814;0;0.28176461323650237;0.089508672148518126;0;0.5;-0.065018491654007561;0.67859830370623925;0.89988985931181424;0.60528380166785576
1;10.1;-0.28181396771707312;1.1146692773170814;0;-0.28176461323650237;-0.089508672148518126;0;0.5;-0.065018491654007561;0.67859830370623925;0.89988985931181424;0.60528380166785576
0;10.2;0.30999042904072338;-1.1057184101022297;0;0.27944683800887304;0.098676254787852566;0;0.5;-0.064938080357823725;0.67915641597816918;0.89960798645903701;0.60466728572780194
1;10.2;-0.30999042904072338;1.1057184101022297;0;-0.27944683800887304;-0.098676254787852566;0;0.5;-0.064938080357823725;0.67915641597816918;0.89960798645903701;0.60466728572780194
0;10.3;0.33793511284161071;-1.0958507846234444;0;0.27688804180202059;0.10780333681542328;0;0.5;-0.064857214481992609;0.67971702130603115;0.89930877537666379;0.60396128729927161
1;10.3;-0.33793511284161071;1.0958507846234444;0;-0.27688804180202059;-0.10780333681542328;0;0.5;-0.064857214481992609;0.67971702130603115;0.89930877537666379;0.60396128729927161
0;10.4;0.36562391702181274;-1.085070450941902;0;0.2740870581540254;0.1168863234946194;0;0.5;-0.064775837213635772;0.68028040646181829;0.89899209191054436;0.6031667611270745
1;10.4;-0.36562391702181274;1.085070450941902;0;-0.2740870581540254;-0.1168863234946194;0;0.5;-0.064775837213635772;0.68028040646181829;0.89899209191054436;0.6031667611270745
0;10.5;0.3930326228372153;-1.07338181859244;0;0.27104259032733174;0.12592146021241649;0;0.5;-0.064693890775589353;0.68084686060067026;0.89865779247161245;0.60228470010696241
1;10.5;-0.3930326228372153;1.07338181859244;0;-0.27104259032733174;-0.12592146021241649;0;0.5;-0.064693890775589353;0.68084686060067026;0.89865779247161245;0.60228470010696241
0;10.6;0.42013688186994846;-1.0607896725711983;0;0.26775321766063542;0.1349048183609565;0;0.5;-0.064611316293673307;0.68141667565502853;0.89830572449392999;0.60131613798816368
1;10.6;-0.42013688186994846;1.0607896725711983;0;-0.26775321766063542;-0.1349048183609565;0;0.5;-0.064611316293673307;0.68141667565502853;0.89830572449392999;0.60131613798816368
0;10.7;0.44691220363601203;-1.0472991907351026;0;0.26421740244860603;0.14383228086876354;0;0.5;-0.064528053662724464;0.68199014671921787;0.89793572693978626;0.60026215223531089
1;10.7;-0.44691220363601203;1.0472991907351026;0;-0.26421740244860603;-0.14383228086876354;0;0.5;-0.064528053662724464;0.68199014671921787;0.89793572693978626;0.60026215223531089
0;10.8;0.47333394388087263;-1.0329159626482263;0;0.26043349742513766;0.1526995273584667;0;0.5;-0.064444041411159366;0.68256757242411736;0.8975476308584628;0.59912386705461326
1;10.8;-0.47333394388087263;1.0329159626482263;0;-0.26043349742513766;-0.1526995273584667;0;0.5;-0.064444041411159366;0.68256757242411736;0.8975476308584628;0.59912386705461326
0;10.9;0.4993772936233864;-1.0176460099123796;0;0.25639975393221759;0.16150201891211322;0;0.5;-0.064359216563883441;0.68314925530136253;0.89714126000588021;0.59790245658916298
1;10.9;-0.4993772936233864;1.0176460099123796;0;-0.25639975393221759;-0.16150201891211322;0;0.5;-0.064359216563883441;0.68314925530136253;0.89714126000588021;0.59790245658916298
0;11;0.52501726901660817;-1.0014958080211682;0;0.25211433086330776;0.17023498242997698;0;0.5;-0.064273514503417845;0.68373550213628268;0.89671643153299175;0.59659914828823157
1;11;-0.52501726901660817;1.0014958080211682;0;-0.25211433086330776;-0.17023498242997698;0;0.5;-0.064273514503417845;0.68373550213628268;0.89671643153299175;0.59659914828823157
0;11.1;0.55022870210293895;-0.98447230977817057;0;0.24757530447734613;0.17889339457431019;0;0.5;-0.064186868829178854;0.68432662430851688;0.89627295675148342;0.59521522645529503
1;11.1;-0.55022870210293895;0.98447230977817057;0;-0.24757530447734613;-0.17889339457431019;0;0.5;-0.064186868829178854;0.68432662430851688;0.89627295675148342;0.59521522645529503
0;11.2;0.5749862325506736;-0.96658297032073959;0;0.24278067918708371;0.18747196529587612;0;0.5;-0.064099211214915917;0.68492293811896874;0.89581064198607911;0.59375203597931364
1;11.2;-0.5749862325506736;0.96658297032073959;0;-0.24278067918708371;-0.18747196529587612;0;0.5;-0.064099211214915917;0.68492293811896874;0.89581064198607911;0.59375203597931364
0;11.3;0.59926430046938195;-0.94783577379115203;0;0.23772839943345589;0.1959651209484726;0;0.5;-0.064010471264396346;0.68552476510145198;0.89532928952353327;0.59221098625347181
1;11.3;-0.59926430046938195;0.94783577379115203;0;-0.23772839943345589;-0.1959651209484726;0;0.5;-0.064010471264396346;0.68552476510145198;0.89532928952353327;0.59221098625347181
0;11.4;0.62303714041272751;-0.92823926169630477;0;0.23241636276600697;0.20436698700516034;0;0.5;-0.063920576365519441;0.68613243231703798;0.89482869866921931;0.59059355528513302
1;11.4;-0.62303714041272751;0.92823926169630477;0;-0.23241636276600697;-0.20436698700516034;0;0.5;-0.063920576365519441;0.68613243231703798;0.89482869866921931;0.59059355528513302
0;11.5;0.6462787766893282;-0.90780256299578876;0;0.22684243425798908;0.21267137039970899;0;0.5;-0.063829451543150434;0.68674627262874627;0.89430866692308666;0.58890129400017374
1;11.5;-0.6462787766893282;0.90780256299578876;0;-0.22684243425798908;-0.21267137039970899;0;0.5;-0.063829451543150434;0.68674627262874627;0.89430866692308666;0.58890129400017374
0;11.6;0.66896302011512709;-0.88653542595581791;0;0.22100446239356789;0.22087174152804404;0;0.5;-0.063737019311090008;0.68736662495381264;0.89376899128765716;0.5871358307441026
1;11.6;-0.66896302011512709;0.88653542595581791;0;-0.22100446239356789;-0.22087174152804404;0;0.5;-0.063737019311090008;0.68736662495381264;0.89376899128765716;0.5871358307441026
0;11.7;0.6910634663544839;-0.86444825180301355;0;0.21490029657348389;0.22896121595741054;0;0.5;-0.063643199523738523;0.68799383449032598;0.89320946972165508;0.58529887598142694
1;11.7;-0.6910634663544839;0.86444825180301355;0;-0.21490029657348389;-0.22896121595741054;0;0.5;-0.063643199523738523;0.68799383449032598;0.89320946972165508;0.58529887598142694
0;11.8;0.71255349601183227;-0.84155213020727249;0;0.20852780639441185;0.23693253590576532;0;0.5;-0.06354790922817879;0.68862825291453809;0.89262990275380448;0.58339222719357091
1;11.8;-0.71255349601183227;0.84155213020727249;0;-0.20852780639441185;-0.23693253590576532;0;0.5;-0.06354790922817879;0.68862825291453809;0.89262990275380448;0.58339222719357091
0;11.9;0.73340627665127345;-0.81785887661669598;0;0.20188490286596417;0.24477805157078666;0;0.5;-0.063451062517590775;0.68927023854462457;0.89203009527226787;0.58141777397425251
1;11.9;-0.73340627665127345;0.81785887661669598;0;-0.20188490286596417;-0.24477805157078666;0;0.5;-0.063451062517590775;0.68927023854462457;0.89203009527226787;0.58141777397425251
0;12;0.75359476693786986;-0.79338107145961734;0;0.19496956173758923;0.25248970240707103;0;0.5;-0.063352570387127338;0.68992015646609872;0.89140985850612607;0.5793775033195571
1;12;-0.75359476693786986;0.79338107145961734;0;-0.19496956173758923;-0.25248970240707103;0;0.5;-0.063352570387127338;0.68992015646609872;0.89140985850612607;0.5793775033195571
0;12.1;0.77309172311162877;-0.76813210121891018;0;0.18777984911526693;0.26005899847180214;0;0.5;-0.063252340593627096;0.6905783786134597;0.8907690122161864;0.57727350510797392
1;12.1;-0.77309172311162877;0.76813210121891018;0;-0.18777984911526693;-0.26005899847180214;0;0.5;-0.063252340593627096;0.6905783786134597;0.8907690122161864;0.57727350510797392
0;12.2;0.79186970802315548;-0.74212620137173002;0;0.18031394955458893;0.26747700198366342;0;0.5;-0.063150277520819847;0.69124528380198673;0.89010738711322852;0.57510797776335001
1;12.2;-0.79186970802315548;0.74212620137173002;0;-0.18031394955458893;-0.26747700198366342;0;0.5;-0.063150277520819847;0.69124528380198673;0.89010738711322852;0.57510797776335001
0;12.3;0.8099011029786144;-0.71537850117336366;0;0.17257019682215347;0.27473430926724529;0;0.5;-0.063046282051997854;0.69192125770286847;0.88942482752252218;0.57288323409102655
1;12.3;-0.8099011029786144;0.71537850117336366;0;-0.17257019682215347;-0.27473430926724529;0;0.5;-0.063046282051997854;0.69192125770286847;0.88942482752252218;0.57288323409102655
0;12.4;0.82715812266082978;-0.68790507024663916;0;0.1645471075207583;0.2818210332858983;0;0.5;-0.062940251452481064;0.69260669275409476;0.88872119431403357;0.57060170727431996
1;12.4;-0.82715812266082978;0.68790507024663916;0;-0.1645471075207583;-0.2818210332858983;0;0.5;-0.062940251452481064;0.69260669275409476;0.88872119431403357;0.57060170727431996
0;12.5;0.84361283341290561;-0.65972296691804933;0;0.15624341777510745;0.28872678700008925;0;0.5;-0.062832079264605998;0.69330198799871988;0.88799636811813408;0.56826595701494432
1;12.5;-0.84361283341290561;0.65972296691804933;0;-0.15624341777510745;-0.28872678700008925;0;0.5;-0.062832079264605998;0.69330198799871988;0.88799636811813408;0.56826595701494432
0;12.6;0.85923717519041631;-0.63085028821804046;0;0.14765812317304344;0.29544066782599532;0;0.5;-0.062721655218411751;0.69400754884125541;0.88725025284677349;0.56587867579691155
1;12.6;-0.85923717519041631;0.63085028821804046;0;-0.14765812317304344;-0.29544066782599532;0;0.5;-0.062721655218411751;0.69400754884125541;0.88725025284677349;0.56587867579691155
0;12.7;0.87400298750772065;-0.60130622143544088;0;0.13879052215195659;0.30195124351042785;0;0.5;-0.06260886516168972;0.69472378671206011;0.88648277953991326;0.56344269524883965
1;12.7;-0.87400298750772065;0.60130622143544088;0;-0.13879052215195659;-0.30195124351042785;0;0.5;-0.06260886516168972;0.69472378671206011;0.88648277953991326;0.56344269524883965
0;12.8;0.88788203972291635;-0.57111109708439811;0;0.12964026301018647;0.30824653978325012;0;0.5;-0.062493591013605233;0.69545111862868141;0.88569391055645421;0.56096099257441383
1;12.8;-0.88788203972291635;0.57111109708439811;0;-0.12964026301018647;-0.30824653978325012;0;0.5;-0.062493591013605233;0.69545111862868141;0.88569391055645421;0.56096099257441383
0;12.9;0.90084606602393502;-0.5402864431060731;0;0.12020739470798643;0.31431403019718318;0;0.5;-0.062375710746689538;0.69618996664217314;0.88488364412784615;0.5584366970149372
1;12.9;-0.90084606602393502;0.5402864431060731;0;-0.12020739470798643;-0.31431403019718318;0;0.5;-0.062375710746689538;0.69618996664217314;0.88488364412784615;0.5584366970149372
0;13;0.91286680549473365;-0.50885504008635474;0;0.11049242160092282;0.32014062861710357;0;0.5;-0.062255098402637812;0.69694075715549447;0.88405201929092715;0.55587309630144879
1;13;-0.91286680549473365;0.50885504008635474;0;-0.11049242160092282;-0.32014062861710357;0;0.5;-0.062255098402637812;0.69694075715549447;0.88405201929092715;0.55587309630144879
0;13.1;0.92391604765482593;-0.47684097722464436;0;0.10049636221927111;0.32571268487628507;0;0.5;-0.062131624148029492;0.69770392010019633;0.8831991212141939;0.55327364304674618
1;13.1;-0.92391604765482593;0.47684097722464436;0;-0.10049636221927111;-0.32571268487628507;0;0.5;-0.062131624148029492;0.69770392010019633;0.8831991212141939;0.55327364304674618
0;13.2;0.93396568387675305;-0.44426970873701588;0;0.090220812168786538;0.33101598417499406;0;0.5;-0.062005154376804711;0.69847988795675721;0.88232508692851873;0.55064196101981573
1;13.2;-0.93396568387675305;0.44426970873701588;0;-0.090220812168786538;-0.33101598417499406;0;0.5;-0.062005154376804711;0.69847988795675721;0.88232508692851873;0.55064196101981573
0;13.3;0.94298776509363169;-0.4111681103195165;0;0.079668011179813064;0.33603575085664616;0;0.5;-0.06187555186707492;0.6992690946031741;0.88143011146916134;0.54798185123664136
1;13.3;-0.94298776509363169;0.4111681103195165;0;-0.079668011179813064;-0.33603575085664616;0;0.5;-0.06187555186707492;0.6992690946031741;0.88143011146916134;0.54798185123664136
0;13.4;0.95095456621161301;-0.37756453523385186;0;0.068840914271624767;0.3407566572573183;0;0.5;-0.061742676000602212;0.70007197397578371;0.88051445443062181;0.54529729779214785
1;13.4;-0.95095456621161301;0.37756453523385186;0;-0.068840914271624767;-0.3407566572573183;0;0.5;-0.061742676000602212;0.70007197397578371;0.88051445443062181;0.54529729779214785
0;13.5;0.95783865763877551;-0.34348886950812002;0;0.057743266925708137;0.34516283838439626;0;0.5;-0.061606383054032782;0.70088895852583368;0.87957844692928466;0.54259247334817345
1;13.5;-0.95783865763877551;0.34348886950812002;0;-0.057743266925708137;-0.34516283838439626;0;0.5;-0.061606383054032782;0.70088895852583368;0.87957844692928466;0.54259247334817345
0;13.6;0.96361298433134635;-0.30897258566968039;0;0.046379684073940088;0.34923791323775188;0;0.5;-0.061466526571688738;0.70172047745510013;0.87862249896074754;0.5398717441819252
1;13.6;-0.96361298433134635;0.30897258566968039;0;-0.046379684073940088;-0.34923791323775188;0;0.5;-0.061466526571688738;0.70172047745510013;0.87862249896074754;0.5398717441819252
0;13.7;0.9682509527387404;-0.27404879434590518;0;0.034755732603920987;0.3529650136398732;0;0.5;-0.061322957830377747;0.70256695471392589;0.87764710712904927;0.53713967468844482
1;13.7;-0.9682509527387404;0.27404879434590518;0;-0.034755732603920987;-0.3529650136398732;0;0.5;-0.061322957830377747;0.70256695471392589;0.87764710712904927;0.53713967468844482
0;13.8;0.97172652599913245;-0.23875229298191786;0;0.022878016962866669;0.35632682148711292;0;0.5;-0.061175526407232256;0.70342880674549778;0.87665286271356145;0.53440103121933959
1;13.8;-0.97172652599913245;0.23875229298191786;0;-0.022878016962866669;-0.35632682148711292;0;0.5;-0.061175526407232256;0.70342880674549778;0.87665286271356145;0.53440103121933959
0;13.9;0.97401432769541907;-0.20311961083320657;0;0.010754267302493717;0.35930561536945199;0;0.5;-0.061024080861990766;0.70430643996108883;0.8756404600259496;0.53166078512859764
1;13.9;-0.97401432769541907;0.20311961083320657;0;-0.010754267302493717;-0.35930561536945199;0;0.5;-0.061024080861990766;0.70430643996108883;0.8756404600259496;0.53166078512859764
0;14;0.97508975442566848;-0.16718904929626136;0;-0.0016065705503163961;0.36188332752711161;0;0.5;-0.060868469545326073;0.70520024793244048;0.87461070499425087;0.52892411488494043
1;14;-0.97508975442566848;0.16718904929626136;0;0.0016065705503163961;-0.36188332752711161;0;0.5;-0.060868469545326073;0.70520024793244048;0.87461070499425087;0.52892411488494043
0;14.1;0.97492909737063682;-0.13100071654355019;0;-0.014194244188639361;0.3640416121146493;0;0.5;-0.060708541544740823;0.70611060828956131;0.87356452389370083;0.52619640709916759
1;14.1;-0.97492909737063682;0.13100071654355019;0;0.014194244188639361;-0.3640416121146493;0;0.5;-0.060708541544740823;0.70611060828956131;0.87356452389370083;0.52619640709916759
0;14.2;0.97350967295177293;-0.094596555332085261;0;-0.026997103872339352;0.36576192572196142;0;0.5;-0.060544147779117336;0.70703787931506305;0.87250297212449642;0.52348325630467496
1;14.2;-0.97350967295177293;0.094596555332085261;0;0.026997103872339352;-0.36576192572196142;0;0.5;-0.060544147779117336;0.70703787931506305;0.87250297212449642;0.52348325630467496
0;14.3;0.970809962564539;-0.058020362759889116;0;-0.040002013223289778;0.36702562105153713;0;0.5;-0.060375142252137598;0.70798239622985657;0.87142724291530657;0.52079046332020437
1;14.3;-0.970809962564539;0.058020362759889116;0;0.040002013223289778;-0.36702562105153713;0;0.5;-0.060375142252137598;0.70798239622985657;0.87142724291530657;0.52079046332020437
0;14.4;0.96680976124220996;-0.021317800654735403;0;-0.053194262890085789;0.36781405456664501;0;0.5;-0.060201383473394417;0.70894446716968162;0.87033867580826301;0.51812403201641605
1;14.4;-0.96680976124220996;0.021317800654735403;0;0.053194262890085789;-0.36781405456664501;0;0.5;-0.060201383473394417;0.70894446716968162;0.87033867580826301;0.51812403201641605
0;14.5;0.96149033495320135;0.015463604801929098;0;-0.066557488937358952;0.36810870879998037;0;0.5;-0.060022736054000848;0.70992436885763934;0.86923876475673444;0.51549016430262434
1;14.5;-0.96149033495320135;-0.015463604801929098;0;0.066557488937358952;-0.36810870879998037;0;0.5;-0.060022736054000848;0.70992436885763934;0.86923876475673444;0.51549016430262434
0;14.6;0.95483458605946547;0.052274475681927134;0;-0.080073597952763018;0.36789132984080014;0;0.5;-0.059839072480778892;0.7109223419847056;0.86812916564193416;0.51289525314764637
1;14.6;-0.95483458605946547;-0.052274475681927134;0;0.080073597952763018;-0.36789132984080014;0;0.5;-0.059839072480778892;0.7109223419847056;0.86812916564193416;0.51289525314764637
0;14.7;0.94682722626418914;0.089063608666007155;0;-0.09372270109922741;0.36714408029524848;0;0.5;-0.059650275069586376;0.7119385863181792;0.86701170298904021;0.51034587344987003
1;14.7;-0.94682722626418914;-0.089063608666007155;0;0.09372270109922741;-0.36714408029524848;0;0.5;-0.059650275069586376;0.7119385863181792;0.86701170298904021;0.51034587344987003
0;14.8;0.93745495615426644;0.12577801669553201;0;-0.10748305956190707;0.36584970773473435;0;0.5;-0.059456238093950142;0.71297325556716199;0.86588837563894011;0.50784877057708594
1;14.8;-0.93745495615426644;-0.12577801669553201;0;0.10748305956190707;-0.36584970773473435;0;0.5;-0.059456238093950142;0.71297325556716199;0.86588837563894011;0.50784877057708594
0;14.9;0.92670665019807574;0.16236298746900546;0;-0.12133104403717837;0.3639917283074609;0;0.5;-0.059256870079868189;0.71402645204444988;0.86476136110908475;0.50541084640709954
1;14.9;-0.92670665019807574;-0.16236298746900546;0;0.12133104403717837;-0.3639917283074609;0;0.5;-0.059256870079868189;0.71402645204444988;0.86476136110908475;0.50541084640709954
0;15;0.9145735457943579;0.19876216029975155;0;-0.13524111107192391;0.36155462478697503;0;0.5;-0.05905209625140803;0.71509822117553328;0.86363301835761023;0.50303914271638915
1;15;-0.9145735457943579;-0.19876216029975155;0;0.13524111107192391;-0.36155462478697503;0;0.5;-0.05905209625140803;0.71509822117553328;0.86363301835761023;0.50303914271638915
0;15.1;0.90104943468716547;0.23491762277844905;0;-0.14918579917038116;0.35852405786985714;0;0.5;-0.058841861104600101;0.71618854591758486;0.86250588865043542;0.50074082178678867
1;15.1;-0.90104943468716547;-0.23491762277844905;0;0.14918579917038116;-0.35852405786985714;0;0.5;-0.058841861104600101;0.71618854591758486;0.86250588865043542;0.50074082178678867
0;15.2;0.88613085477012732;0.27077002856543475;0;-0.16313574762682589;0.35488708901652483;0;0.5;-0.058626131079190794;0.71729734116410922;0.86138269422321167;0.49852314412995368
1;15.2;-0.88613085477012732;-0.27077002856543475;0;0.16313574762682589;-0.35488708901652483;0;0.5;-0.058626131079190794;0.71729734116410922;0.86138269422321167;0.49852314412995368
0;15.3;0.86981728000744474;0.30625873746708721;0;-0.17705974099838112;0.35063241256251626;0;0.5;-0.058404897289248949;0.7184244482239795;0.86026633443066421;0.49639344326665732
1;15.3;-0.86981728000744474;-0.30625873746708721;0;0.17705974099838112;-0.35063241256251626;0;0.5;-0.058404897289248949;0.7184244482239795;0.86026633443066421;0.49639344326665732
0;15.4;0.85211130590760664;0.3413219787233388;0;-0.19092478198640234;0.34575059422489429;0;0.5;-0.058178178264648949;0.71956962947645319;0.85915987908692803;0.49435909754299847
1;15.4;-0.85211130590760664;-0.3413219787233388;0;0.19092478198640234;-0.34575059422489429;0;0.5;-0.058178178264648949;0.71956962947645319;0.85915987908692803;0.49435909754299847
0;15.5;0.8330188277089664;0.37589703814582826;0;-0.20469619523141669;0.34023431250674657;0;0.5;-0.057946022646422709;0.72073256331589181;0.85806655872378192;0.49242749901835253
1;15.5;-0.8330188277089664;-0.37589703814582826;0;0.20469619523141669;-0.34023431250674657;0;0.5;-0.057946022646422709;0.72073256331589181;0.85806655872378192;0.49242749901835253
0;15.6;0.81254920818582477;0.4099204693965029;0;-0.21833776413211431;0.3340785988843577;0;0.5;-0.057708511770294744;0.72191283951066769;0.85698975153084758;0.49060601951998484
1;15.6;-0.81254920818582477;-0.4099204693965029;0;0.21833776413211431;-0.3340785988843577;0;0.5;-0.057708511770294744;0.72191283951066769;0.85698975153084758;0.49060601951998484
0;15.7;0.79071543177261339;0.44332832928493865;0;-0.23181190226390089;0.32728107207360962;0;0.5;-0.057465762064902672;0.72310995510941341;0.85593296679409324;0.48890197402591742
1;15.7;-0.79071543177261339;-0.44332832928493865;0;0.23181190226390089;-0.32728107207360962;0;0.5;-0.057465762064902672;0.72310995510941341;0.85593296679409324;0.48890197402591742
0;15.8;0.76753424154622329;0.47605643649229962;0;-0.24507986029296649;0.31984216114599306;0;0.5;-0.057217927184826224;0.72432331103358997;0.85489982471705381;0.48732258160969366
1;15.8;-0.76753424154622329;-0.47605643649229962;0;0.24507986029296649;-0.31984216114599306;0;0.5;-0.057217927184826224;0.72432331103358997;0.85489982471705381;0.48732258160969366
0;15.9;0.74302625551692669;0.5080406526068989;0;-0.25810196846067113;0.31176531183508005;0;0.5;-0.05696519979422589;0.72555220949754223;0.85389403259300209;0.48587492425645984
1;15.9;-0.74302625551692669;-0.5080406526068989;0;0.25810196846067113;-0.31176531183508005;0;0.5;-0.05696519979422589;0.72555220949754223;0.85389403259300209;0.48587492425645984
0;16;0.71721605867085958;0.53921718379040695;0;-0.27083791376169725;0.30305717007796595;0;0.5;-0.056707812915250866;0.72679585239502918;0.85291935739491128;0.48456590393715123
1;16;-0.71721605867085958;-0.53921718379040695;0;0.27083791376169725;-0.30305717007796595;0;0.5;-0.056707812915250866;0.72679585239502918;0.85291935739491128;0.48456590393715123
0;16.1;0.69013226729468991;0.56952290079820356;0;-0.28324704987879556;0.29372773670926294;0;0.5;-0.056446040757007128;0.72805334078401291;0.85197959496141723;0.48340219840396972
1;16.1;-0.69013226729468991;-0.56952290079820356;0;0.28324704987879556;-0.29372773670926294;0;0.5;-0.056446040757007128;0.72805334078401291;0.85197959496141723;0.48340219840396972
0;16.2;0.66180756230681037;0.59889567446912984;0;-0.29528873679806367;0.28379048730104633;0;0.5;-0.056180198946274971;0.72932367558876199;0.85107853607795721;0.48239021624283445
1;16.2;-0.66180756230681037;-0.59889567446912984;0;0.29528873679806367;-0.28379048730104633;0;0.5;-0.056180198946274971;0.72932367558876199;0.85107853607795721;0.48239021624283445
0;16.3;0.63227868862700398;0.6272747231992345;0;-0.30692270585249004;0.27326245144827144;0;0.5;-0.055910644090683362;0.73060575961978834;0.85021992987852222;0.48153605178387796
1;16.3;-0.63227868862700398;-0.6272747231992345;0;0.30692270585249004;-0.27326245144827144;0;0.5;-0.055910644090683362;0.73060575961978834;0.85021992987852222;0.48153605178387796
0;16.4;0.60158641804175494;0.65460096834406167;0;-0.31810944477784109;0.26216424635434449;0;0.5;-0.055637772618818828;0.7318984009877858;0.84940744511964329;0.48084544052602285
1;16.4;-0.60158641804175494;-0.65460096834406167;0;0.31810944477784109;-0.26216424635434449;0;0.5;-0.055637772618818828;0.7318984009877858;0.84940744511964329;0.48084544052602285
0;16.5;0.56977547356397085;0.68081739297949617;0;-0.32881059627070175;0.25052006038281727;0;0.5;-0.055362018859654729;0.73320031795789418;0.84864462999811706;0.4803237157729392
1;16.5;-0.56977547356397085;-0.68081739297949617;0;0.32881059627070175;-0.25052006038281727;0;0.5;-0.055362018859654729;0.73320031795789418;0.84864462999811706;0.4803237157729392
0;16.6;0.53689441393690063;0.7058693990177779;0;-0.33898936257448159;0.2383575833015554;0;0.5;-0.055083852345313397;0.73451014525594698;0.847934871290796;0.47997576720223617
1;16.6;-0.53689441393690063;-0.7058693990177779;0;0.33898936257448159;-0.2383575833015554;0;0.5;-0.055083852345313397;0.73451014525594698;0.847934871290796;0.47997576720223617
0;16.7;0.50299547767945252;0.7297051573479334;0;-0.34861090784662624;0.22570788123244565;0;0.5;-0.054803774345796599;0.73582644179991889;0.84728135368163885;0.47980600209503802
1;16.7;-0.50299547767945252;-0.7297051573479334;0;0.34861090784662624;-0.22570788123244565;0;0.5;-0.054803774345796599;0.73582644179991889;0.84728135368163885;0.47980600209503802
0;16.8;0.46813438689478992;0.75227594547117793;0;-0.35764274953617448;0.21260521579374472;0;0.5;-0.054522313670917084;0.73714769978895306;0.84668702020162219;0.47981830993726691
1;16.8;-0.46813438689478992;-0.75227594547117793;0;0.35764274953617448;-0.21260521579374472;0;0.5;-0.054522313670917084;0.73714769978895306;0.84668702020162219;0.47981830993726691
0;16.9;0.43237011194117247;0.77353646705055246;0;-0.36605512977344346;0.19908680852904434;0;0.5;-0.054240021801963018;0.73847235504078924;0.84615453473546194;0.48001603106600368
1;16.9;-0.43237011194117247;-0.77353646705055246;0;0.36605512977344346;-0.19908680852904434;0;0.5;-0.054240021801963018;0.73847235504078924;0.84615453473546194;0.48001603106600368
0;17;0.39576459896382815;0.79344514790345688;0;-0.37382135787800336;0.18519255338883861;0;0.5;-0.053957467442175128;0.73979879842800901;0.8456862475412253;0.48040192997422274
1;17;-0.39576459896382815;-0.79344514790345688;0;0.37382135787800336;-0.18519255338883861;0;0.5;-0.053957467442175128;0.73979879842800901;0.8456862475412253;0.48040192997422274
0;17.1;0.35838246317602784;0.81196440324234076;0;-0.38091811554506577;0.17096468169056175;0;0.5;-0.053675230599384755;0.74112538822623081;0.84528416468258142;0.48097817380609696
1;17.1;-0.35838246317602784;-0.81196440324234076;0;0.38091811554506577;-0.17096468169056175;0;0.5;-0.053675230599384755;0.74112538822623081;0.84528416468258142;0.48097817380609696
0;17.2;0.32029065162152126;0.82906087141139695;0;-0.38732571707191726;0.15644738554873228;0;0.5;-0.053393896334658327;0.74245046315514949;0.8449499221886339;0.48174631647513308
1;17.2;-0.32029065162152126;-0.82906087141139695;0;0.38732571707191726;-0.15644738554873228;0;0.5;-0.053393896334658327;0.74245046315514949;0.8449499221886339;0.48174631647513308
0;17.3;0.28155807991432952;0.8447056099662702;0;-0.3930283181118896;0.14168640715746245;0;0.5;-0.053114048326197802;0.74377235586787205;0.84468476563539857;0.48270728872185201
1;17.3;-0.28155807991432952;-0.8447056099662702;0;0.3930283181118896;-0.14168640715746245;0;0.5;-0.053114048326197802;0.74377235586787205;0.84468476563539857;0.48270728872185201
0;17.4;0.24225524810314056;0.85887425068201639;0;-0.39801406784974924;0.12672860244896558;0;0.5;-0.052836262407014365;0.74508940662678607;0.84448953569080271;0.48386139430067047
1;17.4;-0.24225524810314056;-0.85887425068201639;0;0.39801406784974924;-0.12672860244896558;0;0.5;-0.052836262407014365;0.74508940662678607;0.84448953569080271;0.48386139430067047
0;17.5;0.20245384131816563;0.87154711092691295;0;-0.40227520111716381;0.11162148848234159;0;0.5;-0.052561100237363251;0.74639997689621683;0.84436465998847008;0.48520831235183127
1;17.5;-0.20245384131816563;-0.87154711092691295;0;0.40227520111716381;-0.11162148848234159;0;0.5;-0.052561100237363251;0.74639997689621683;0.84436465998847008;0.48520831235183127
0;17.6;0.16222632120644925;0.88270925977514714;0;-0.40580806873360264;0.096412784392821999;0;0.5;-0.052289103268386735;0.747702462583877;0.84431015150306565;0.4867471058788086
1;17.6;-0.16222632120644925;-0.88270925977514714;0;0.40580806873360264;-0.096412784392821999;0;0.5;-0.052289103268386735;0.747702462583877;0.84431015150306565;0.4867471058788086
0;17.7;0.12164551433308898;0.89235053821442933;0;-0.40861310618119362;0.081149955829671758;0;0.5;-0.052020787142109185;0.74899530667453152;0.84432561340120434;0.48847623611980588
1;17.7;-0.12164551433308898;-0.89235053821442933;0;0.40861310618119362;-0.081149955829671758;0;0.5;-0.052020787142109185;0.74899530667453152;0.84432561340120434;0.48847623611980588
0;17.8;0.080784203714969624;0.90046553379739647;0;-0.4106947425133729;0.065879772530511582;0;0.5;-0.051756636655563781;0.75027701101977867;0.84441025014682263;0.49039358247874628
1;17.8;-0.080784203714969624;-0.90046553379739647;0;0.4106947425133729;-0.065879772530511582;0;0.5;-0.051756636655563781;0.75027701101977867;0.84441025014682263;0.49039358247874628
0;17.9;0.039714729463632331;0.90705351105044763;0;-0.41206125307179248;0.050647888042690339;0;0.5;-0.051497101394489;0.7515461470762724;0.84456288445802349;0.49249646757099421
1;17.9;-0.039714729463632331;-0.90705351105044763;0;0.41206125307179248;-0.050647888042690339;0;0.5;-0.051497101394489;0.7515461470762724;0.84456288445802349;0.49249646757099421
0;18;-0.0014913958435469165;0.91211829985471671;0;-0.41272456106844757;0.035498449650449265;0;0.5;-0.051242592116087762;0.75280136541955112;0.84478197955220841;0.49478168684562565
1;18;0.0014913958435469165;-0.91211829985471671;0;0.41272456106844757;-0.035498449650449265;0;0.5;-0.051242592116087762;0.75280136541955112;0.84478197955220841;0.49478168684562565
0;18.1;-0.042763851950391674;0.91566814481976166;0;-0.41269999431922733;0.020473745358385014;0;0.5;-0.050993477932332206;0.75404140390007414;0.84506566598463246;0.49724554217212442
1;18.1;0.042763851950391674;-0.91566814481976166;0;0.41269999431922733;-0.020473745358385014;0;0.5;-0.050993477932332206;0.75404140390007414;0.84506566598463246;0.49724554217212442
0;18.2;-0.084033851382314409;0.91771551935560014;0;-0.41200600434775153;0.0056138933871003709;0;0.5;-0.050750084316808942;0.75526509435010939;0.84541177228713882;0.49988387872659704
1;18.2;0.084033851382314409;-0.91771551935560014;0;0.41200600434775153;-0.0056138933871003709;0;0.5;-0.050750084316808942;0.75526509435010939;0.84541177228713882;0.49988387872659704
0;18.3;-0.12523445181708956;0.91827690869431022;0;-0.41066385569074293;-0.0090434218680977702;0;0.5;-0.050512691930628248;0.75647136779276728;0.84581785855127323;0.50269212448156635
1;18.3;0.12523445181708956;-0.91827690869431022;0;0.41066385569074293;0.0090434218680977702;0;0.5;-0.050512691930628248;0.75647136779276728;0.84581785855127323;0.50269212448156635
0;18.4;-0.16630083738616386;0.91737256650750043;0;-0.40869729352433498;-0.023463165003651285;0;0.5;-0.050281536237781461;0.75765925814585072;0.84628125207351337;0.50566533159368254
1;18.4;0.16630083738616386;-0.91737256650750043;0;0.40869729352433498;0.023463165003651285;0;0.5;-0.050281536237781461;0.75765925814585072;0.84628125207351337;0.50566533159368254
0;18.5;-0.20717056673859735;0.91502625000713533;0;-0.40613219770890996;-0.037613114988989484;0;0.5;-0.050056807858567518;0.75882790445162668;0.84679908418817135;0.50879821899392252
1;18.5;0.20717056673859735;-0.91502625000713533;0;0.40613219770890996;0.037613114988989484;0;0.5;-0.050056807858567518;0.75882790445162668;0.84679908418817135;0.50879821899392252
0;18.6;-0.24778378650948835;0.91126493850823642;0;-0.40299623104808241;-0.051463981253332319;0;0.5;-0.049838653592052471;0.75997655169777172;0.8473683274520874;0.51208521551291276
1;18.6;0.24778378650948835;-0.91126493850823642;0;0.40299623104808241;0.051463981253332319;0;0.5;-0.049838653592052471;0.75997655169777172;0.8473683274520874;0.51208521551291276
0;18.7;-0.28808340961429657;0.90611854038290318;0;-0.39931848901690509;-0.064989472219068381;0;0.5;-0.049627178025379255;0.76110455032361443;0.84798583240967021;0.51552050291723733
1;18.7;0.28808340961429657;-0.90611854038290318;0;0.39931848901690509;0.064989472219068381;0;0.5;-0.049627178025379255;0.76110455032361443;0.84798583240967021;0.51552050291723733
0;18.8;-0.32801525851598706;0.89961959316099638;0;-0.39512915748466504;-0.078166319085244337;0;0.5;-0.049422445639194464;0.76221135452878237;0.84864836325145441;0.51909805828794286
1;18.8;0.32801525851598706;-0.89961959316099638;0;0.39512915748466504;0.078166319085244337;0;0.5;-0.049422445639194464;0.76221135452878237;0.84864836325145441;0.51909805828794286
0;18.9;-0.36752817426445356;0.89180296125247194;0;-0.39045918409177494;-0.090974258517061105;0;0.5;-0.049224483314317899;0.7632965195182137;0.84935263177808768;0.52281169523674504
1;18.9;0.36752817426445356;-0.89180296125247194;0;0.39045918409177494;0.090974258517061105;0;0.5;-0.049224483314317899;0.7632965195182137;0.84935263177808768;0.52281169523674504
0;19;-0.40657409267363104;0.8827055354007658;0;-0.38533996799113857;-0.1033959785307052;0;0.5;-0.049033283144638357;0.76435969782831125;0.85009532918854601;0.52665510352552386
1;19;0.40657409267363104;-0.8827055354007658;0;0.38533996799113857;0.1033959785307052;0;0.5;-0.049033283144638357;0.76435969782831125;0.85009532918854601;0.52665510352552386
0;19.1;-0.44510808947274488;0.87236593754769531;0;-0.37980307168154204;-0.11541703228078815;0;0.5;-0.048848805464506393;0.76540063488415736;0.8508731553208665;0.53062188672759457
1;19.1;0.44510808947274488;-0.87236593754769531;0;0.37980307168154204;0.11541703228078815;0;0.5;-0.048848805464506393;0.76540063488415736;0.8508731553208665;0.53062188672759457
0;19.2;-0.48308839664089909;0.86082423431961652;0;-0.37387995768791488;-0.12702572467362502;0;0.5;-0.048670982004947924;0.76641916393775951;0.85168284508093989;0.53470559764229697
1;19.2;0.48308839664089909;-0.86082423431961652;0;0.37387995768791488;0.12702572467362502;0;0.5;-0.048670982004947924;0.76641916393775951;0.85168284508093989;0.53470559764229697
0;19.3;-0.52047639240969057;0.84812166185225402;0;-0.36760175191719513;-0.13821297676467076;0;0.5;-0.048499719101142026;0.76741520053298352;0.85252119189595546;0.53889977124537239
1;19.3;0.52047639240969057;-0.84812166185225402;0;0.36760175191719513;0.13821297676467076;0;0.5;-0.048499719101142026;0.76741520053298352;0.85252119189595546;0.53889977124537239
0;19.4;-0.55723656760141005;0.8343003641757869;0;-0.36099903466733613;-0.14897217277885427;0;0.5;-0.048334900883107179;0.76838873663495804;0.85338506812092845;0.54319795502454365
1;19.4;0.55723656760141005;-0.8343003641757869;0;0.36099903466733613;0.14897217277885427;0;0.5;-0.048334900883107179;0.76838873663495804;0.85338506812092845;0.54319795502454365
0;19.5;-0.59333647106814369;0.8194031468979015;0;-0.35410165951076278;-0.15929899434721609;0;0.5;-0.048176392391791734;0.76933983455113923;0.85427144240730144;0.54759373661126968
1;19.5;0.59333647106814369;-0.8194031468979015;0;0.35410165951076278;0.15929899434721609;0;0.5;-0.048176392391791734;0.76933983455113923;0.85427144240730144;0.54759373661126968
0;19.6;-0.62874663701921996;0.80347324746317994;0;-0.34693859962454565;-0.16919124621169038;0;0.5;-0.048024042573218588;0.77026862075870568;0.85517739411072733;0.55208076867483011
1;19.6;0.62874663701921996;-0.80347324746317994;0;0.34693859962454565;0.16919124621169038;0;0.5;-0.048024042573218588;0.77026862075870568;0.85517739411072733;0.55208076867483011
0;19.7;-0.66344049698167451;0.78655412284201087;0;-0.33953782060297605;-0.17864867724052011;0;0.5;-0.047877687113535312;0.7711752797392626;0.8561001248704165;0.55665279109312018
1;19.7;0.66344049698167451;-0.78655412284201087;0;0.33953782060297605;0.17864867724052011;0;0.5;-0.047877687113535312;0.7711752797392626;0.8561001248704165;0.55665279109312018
0;19.8;-0.69739427904197215;0.76868925511795883;0;-0.33192617836349952;-0.18767280014573376;0;0.5;-0.047737151087422745;0.77206004790762262;0.85703696753511447;0.56130365045556003
1;19.8;0.69739427904197215;-0.76868925511795883;0;0.33192617836349952;0.18767280014573376;0;0.5;-0.047737151087422745;0.77206004790762262;0.85703696753511447;0.56130365045556003
0;19.9;-0.73058689687832212;0.74992197510338543;0;-0.32412934043887343;-0.19626671282421099;0;0.5;-0.047602251401062812;0.77292320770725334;0.8579853926416175;0.56602731698739575
1;19.9;0.73058689687832212;-0.74992197510338543;0;0.32412934043887343;0.19626671282421099;0;0.5;-0.047602251401062812;0.77292320770725334;0.8579853926416175;0.56602731698739575
0;20;-0.76299983092220947;0.7302953038209643;0;-0.31617172872833643;-0.20443492377429817;0;0.5;-0.047472799018603581;0.77376508193128849;0.85894301267183122;0.57081789901167371
1;20;0.76299983092220947;-0.7302953038209643;0;0.31617172872833643;0.20443492377429817;0;0.5;-0.047472799018603581;0.77376508193128849;0.85894301267183122;0.57081789901167371
