# column style format: id;time;x;y;z;vx;vy;vz;mass;totalEnergy;totalSpecificAngularMomentum;rungeLenzVector;semiMajorAxis
# this file will be overwritten without any precaution
# used integrator was heun
0;0.05;0.49937500000000001;0.025000000000000001;0;-0.024953271058327238;0.49937733644708365;0;0.5;-0.1249996097409818;0.50000077832944117;0.87499970856959684;0.26666691661462234
1;0.05;-0.49937500000000001;-0.025000000000000001;0;0.024953271058327238;-0.49937733644708365;0;0.5;-0.1249996097409818;0.50000077832944117;0.87499970856959684;0.26666691661462234
0;0.1;0.49750311916009349;0.049937616895596226;0;-0.049844043499930615;0.49750780656774002;0;0.5;-0.12499921730284338;0.50000155664554814;0.87500000177509881;0.26666833062561039
1;0.1;-0.49750311916009349;-0.049937616895596226;0;0.049844043499930615;-0.49750780656774002;0;0.5;-0.12499921730284338;0.50000155664554814;0.87500000177509881;0.26666833062561039
0;0.15;0.49438904972438624;0.07475058637106935;0;-0.074609823873704517;0.4943961431102315;0;0.5;-0.12499882270496187;0.50000233492654128;0.87500087886786194;0.26667090721306402
1;0.15;-0.49438904972438624;-0.07475058637106935;0;0.074609823873704517;-0.4943961431102315;0;0.5;-0.12499882270496187;0.50000233492654128;0.87500087886786194;0.26667090721306402
0;0.2;0.49004060255789916;0.099376959880863661;0;-0.099188441171330466;0.49005023172145734;0;0.5;-0.12499842597236431;0.50000311315069956;0.87500233760855918;0.26667464195487892
1;0.2;-0.49004060255789916;-0.099376959880863661;0;0.099188441171330466;-0.49005023172145734;0;0.5;-0.12499842597236431;0.50000311315069956;0.87500233760855918;0.26667464195487892
0;0.25;0.48446868697466239;0.12375526187264836;0;-0.12351820803467506;0.48448108985651106;0;0.5;-0.12499802713565841;0.50000389129641762;0.87500437427329626;0.26667952750498288
1;0.25;-0.48446868697466239;-0.12375526187264836;0;0.12351820803467506;-0.48448108985651106;0;0.5;-0.12499802713565841;0.50000389129641762;0.87500437427329626;0.26667952750498288
0;0.3;0.4776872825342528;0.14782464574313384;0;-0.14753808057898263;0.47770283723129758;0;0.5;-0.12499762623094725;0.50000466934226213;0.87500698366376892;0.26668555361254483
1;0.3;-0.4776872825342528;-0.14782464574313384;0;0.14753808057898263;-0.47770283723129758;0;0.5;-0.12499762623094725;0.50000466934226213;0.87500698366376892;0.26668555361254483
0;0.35;0.46971340288769664;0.17152504810583269;0;-0.17118781636717456;0.46973265791343505;0;0.5;-0.12499722329972771;0.50000544726702794;0.8750101591214267;0.26669270714876635
1;0.35;-0.46971340288769664;-0.17152504810583269;0;0.17118781636717456;-0.46973265791343505;0;0.5;-0.12499722329972771;0.50000544726702794;0.8750101591214267;0.26669270714876635
0;0.4;0.46056705177673757;0.19479734095541348;0;-0.19440813007773763;0.46059075417420847;0;0.5;-0.1249968183887734;0.50000622504979342;0.87501389254559613;0.26670097214117637
1;0.4;-0.46056705177673757;-0.19479734095541348;0;0.19440813007773763;-0.46059075417420847;0;0.5;-0.1249968183887734;0.50000622504979342;0.87501389254559613;0.26670097214117637
0;0.45;0.45027117131314276;0.21758348132011562;0;-0.21714084641767092;0.45030029225127943;0;0.5;-0.12499641155000236;0.50000700266997498;0.87501817441550223;0.26671032981532764
1;0.45;-0.45027117131314276;-0.21758348132011562;0;0.21714084641767092;-0.45030029225127943;0;0.5;-0.12499641155000236;0.50000700266997498;0.87501817441550223;0.26671032981532764
0;0.5;0.43885158268689956;0.23982665800184572;0;-0.23932904984270728;0.43888734019804704;0;0.5;-0.12499600284032997;0.5000077801073806;0.8750229938161149;0.26672075864377209
1;0.5;-0.43885158268689956;-0.23982665800184572;0;0.23932904984270728;-0.43888734019804704;0;0.5;-0.12499600284032997;0.5000077801073806;0.8750229938161149;0.26672075864377209
0;0.55;0.42633691947375318;0.26147143501301573;0;-0.26091723065946193;0.42638079802087303;0;0.5;-0.12499559232150782;0.5000085573422622;0.87502833846773423;0.2667322344021713
1;0.55;-0.42633691947375318;-0.26147143501301573;0;0.26091723065946193;-0.42638079802087303;0;0.5;-0.12499559232150782;0.5000085573422622;0.87502833846773423;0.2667322344021713
0;0.6;0.41275855373347065;0.2824638913298661;0;-0.28185142709820543;0.41281232032970705;0;0.5;-0.12499518005994904;0.50000933435536652;0.87503419475921661;0.26674473023237724
1;0.6;-0.41275855373347065;-0.2824638913298661;0;0.28185142709820543;-0.41281232032970705;0;0.5;-0.12499518005994904;0.50000933435536652;0.87503419475921661;0.26674473023237724
0;0.65;0.39815051511041105;0.30275175659388937;0;-0.30207936296052329;0.39821623175085807;0;0.5;-0.12499476612654042;0.50001011112798495;0.87504054778473218;0.2667582167122992
1;0.65;-0.39815051511041105;-0.30275175659388937;0;0.30207936296052329;-0.39821623175085807;0;0.5;-0.12499476612654042;0.50001011112798495;0.87504054778473218;0.2667582167122992
0;0.7;0.38254940316735958;0.32228454240597415;0;-0.32155058046310858;0.38262943537265348;0;0.5;-0.12499435059644267;0.50001088764200139;0.87504738138393333;0.26677266193235352
1;0.7;-0.38254940316735958;-0.32228454240597415;0;0.32155058046310858;-0.38262943537265348;0;0.5;-0.12499435059644267;0.50001088764200139;0.87504738138393333;0.26677266193235352
0;0.75;0.3659942932020791;0.34101366887196038;0;-0.34021656791723015;0.3660913145154116;0;0.5;-0.12499393354887903;0.50001166387993851;0.87505467818540351;0.2667880315782742
1;0.75;-0.3659942932020791;-0.34101366887196038;0;0.34021656791723015;-0.3660913145154116;0;0.5;-0.12499393354887903;0.50001166387993851;0.87505467818540351;0.2667880315782742
0;0.8;0.34852663581358079;0.3588925860733696;0;-0.35803088190291499;0.34864362813644062;0;0.5;-0.12499351506691324;0.50001243982500214;0.87506241965324573;0.26680428902004543
1;0.8;-0.34852663581358079;-0.3588925860733696;0;0.35803088190291499;-0.34864362813644062;0;0.5;-0.12499351506691324;0.50001243982500214;0.87506241965324573;0.26680428902004543
0;0.85;0.33019015050166228;0.37587689015307402;0;-0.37494926361745495;0.33033040019859322;0;0.5;-0.12499309523721747;0.50001321546112387;0.87507058613666164;0.26682139540670062
1;0.85;-0.33019015050166228;-0.37587689015307402;0;0.37494926361745495;-0.33033040019859322;0;0.5;-0.12499309523721747;0.50001321546112387;0.87507058613666164;0.26682139540670062
0;0.9;0.31103071359875173;0.39192443372252206;0;-0.39092974909937483;0.31119780334718983;0;0.5;-0.12499267414983137;0.50001399077300114;0.87507915692236349;0.26683930976671634
1;0.9;-0.31103071359875173;-0.39192443372252206;0;0.39092974909937483;-0.31119780334718983;0;0.5;-0.12499267414983137;0.50001399077300114;0.87507915692236349;0.26683930976671634
0;0.95;0.29109624084749092;0.40699543031476632;0;-0.40593277305134795;0.2912940372548235;0;0.5;-0.12499225189791272;0.50001476574613566;0.87508811028965353;0.26685798911371631
1;0.95;-0.29109624084749092;-0.40699543031476632;0;0.40593277305134795;-0.2912940372548235;0;0.5;-0.12499225189791272;0.50001476574613566;0.87508811028965353;0.26685798911371631
0;1;0.27043656495074525;0.4210525526258635;0;-0.41992126600858942;0.27066920200663497;0;0.5;-0.12499182857748094;0.50001554036686909;0.87509742356799934;0.26687738855718583
1;1;-0.27043656495074525;-0.4210525526258635;0;0.41992126600858942;-0.27066920200663497;0;0.5;-0.12499182857748094;0.50001554036686909;0.87509742356799934;0.26687738855718583
0;1.05;0.24910330843281872;0.43406102430615257;0;-0.43286074462286078;0.24937516691007272;0;0.5;-0.12499140428715393;0.50001631462241673;0.87510707319692688;0.26689746141788602
1;1.05;-0.24910330843281872;-0.43406102430615257;0;0.43286074462286078;-0.24937516691007272;0;0.5;-0.12499140428715393;0.50001631462241673;0.87510707319692688;0.26689746141788602
0;1.1;0.22714975216154665;0.44598870508238209;0;-0.44471939485625295;0.22746543512291462;0;0.5;-0.12499097912787962;0.5000170885008985;0.87511703478804842;0.26691815934764517
1;1.1;-0.22714975216154665;-0.44598870508238209;0;0.44471939485625295;-0.22746543512291462;0;0.5;-0.12499097912787962;0.5000170885008985;0.87511703478804842;0.26691815934764517
0;1.15;0.20463069989062507;0.45680616901157073;0;-0.45546814790324452;0.20499500450141853;0;0.5;-0.12499055320266249;0.50001786199136745;0.87512728318903777;0.26693943245319477
1;1.15;-0.20463069989062507;-0.45680616901157073;0;0.45546814790324452;-0.20499500450141853;0;0.5;-0.12499055320266249;0.50001786199136745;0.87512728318903777;0.26693943245319477
0;1.2;0.18160233918999868;0.46648677568775981;0;-0.46508074868403043;0.18202022507690091;0;0.5;-0.12499012661628664;0.50001863508383593;0.87513779254936199;0.26696122942370947
1;1.2;-0.18160233918999868;-0.46648677568775981;0;0.46508074868403043;-0.18202022507690091;0;0.5;-0.12499012661628664;0.50001863508383593;0.87513779254936199;0.26696122942370947
0;1.25;0.15812209913936429;0.47500673424337114;0;-0.47353381677665618;0.15859865357383113;0;0.5;-0.12498969947503589;0.50001940776929869;0.87514853638757575;0.26698349766170163
1;1.25;-0.15812209913936429;-0.47500673424337114;0;0.47353381677665618;-0.15859865357383113;0;0.5;-0.12498969947503589;0.50001940776929869;0.87514853638757575;0.26698349766170163
0;1.3;0.13424850516585632;0.48234516000763766;0;-0.48080689967995499;0.13478890538570426;0;0.5;-0.12498927188641179;0.50002018003975383;0.87515948765998251;0.26700618341691537
1;1.3;-0.13424850516585632;-0.48234516000763766;0;0.48080689967995499;-0.13478890538570426;0;0.5;-0.12498927188641179;0.50002018003975383;0.87515948765998251;0.26700618341691537
0;1.35;0.11004103141176991;0.48848412370544686;0;-0.48688251832354773;0.11065050442655706;0;0.5;-0.12498884395885055;0.50002095188822068;0.87517061883046574;0.26702923192285948
1;1.35;-0.11004103141176991;-0.48848412370544686;0;0.48688251832354773;-0.11065050442655706;0;0.5;-0.12498884395885055;0.50002095188822068;0.87517061883046574;0.26702923192285948
0;1.4;0.085559951021760158;0.49340869310085006;0;-0.49174620476512504;0.086243731276066882;0;0.5;-0.12498841580143986;0.50002172330875496;0.87518190194129256;0.26705258753561439
1;1.4;-0.085559951021760158;-0.49340869310085006;0;0.49174620476512504;-0.086243731276066882;0;0.5;-0.12498841580143986;0.50002172330875496;0.87518190194129256;0.26705258753561439
0;1.45;0.060866184741349652;0.49710696701037121;0;-0.49538653203877681;0.061629470034778838;0;0.5;-0.12498798752363592;0.50002249429646149;0.87519330868469256;0.26707619387454537
1;1.45;-0.060866184741349652;-0.49710696701037121;0;0.49538653203877681;-0.061629470034778838;0;0.5;-0.12498798752363592;0.50002249429646149;0.87519330868469256;0.26707619387454537
0;1.5;0.036021148219804358;0.49957010163202265;0;-0.49779513614117249;0.036869054303207326;0;0.5;-0.12498755923498212;0.50002326484750387;0.8752048104750156;0.26709999396455241
1;1.5;-0.036021148219804358;-0.49957010163202265;0;0.49779513614117249;-0.036869054303207326;0;0.5;-0.12498755923498212;0.50002326484750387;0.8752048104750156;0.26709999396455241
0;1.55;0.0110865984105282;0.50079232915653471;0;-0.49896673016483878;0.012024112694422466;0;0.5;-0.12498713104482966;0.50002403495911155;0.87521637852127369;0.26712393037948616
1;1.55;-0.0110865984105282;-0.50079232915653471;0;0.49896673016483878;-0.012024112694422466;0;0.5;-0.12498713104482966;0.50002403495911155;0.87521637852127369;0.26712393037948616
0;1.6;-0.013875520538889663;0.50077096864766768;0;-0.49889911060954439;-0.0128435857156604;0;0.5;-0.12498670306206112;0.50002480462958416;0.87522798389987453;0.26714794538636008
1;1.6;0.013875520538889663;-0.50077096864766768;0;0.49889911060954439;0.0128435857156604;0;0.5;-0.12498670306206112;0.50002480462958416;0.87522798389987453;0.26714794538636008
0;1.65;-0.038803231516927092;0.49950642919853333;0;-0.49759315592381798;-0.037672285602640798;0;0.5;-0.12498627539481787;0.50002557385829282;0.8752395976273569;0.26717198108998951
1;1.65;0.038803231516927092;-0.49950642919853333;0;0.49759315592381798;0.037672285602640798;0;0.5;-0.12498627539481787;0.50002557385829282;0.8752395976273569;0.26717198108998951
0;1.7;-0.063634678411750578;0.497002205390559;0;-0.49505281734882739;-0.062400398882657339;0;0.5;-0.12498584815023112;0.50002634264567932;0.87525119073294122;0.2671959795776919
1;1.7;0.063634678411750578;-0.497002205390559;0;0.49505281734882739;0.062400398882657339;0;0.5;-0.12498584815023112;0.50002634264567932;0.87525119073294122;0.2671959795776919
0;1.75;-0.08830827942538251;0.49326486510101863;0;-0.49128510215618526;-0.086966657094756428;0;0.5;-0.12498542143415863;0.50002711099325211;0.87526273433071291;0.26721988306368416
1;1.75;0.08830827942538251;-0.49326486510101863;0;0.49128510215618526;0.086966657094756428;0;0.5;-0.12498542143415863;0.50002711099325211;0.87526273433071291;0.26721988306368416
0;1.8;-0.11276287936064147;0.48830402972389442;0;-0.48630004938967075;-0.11131026230486508;0;0.5;-0.12498499535092648;0.50002787890357994;0.87527419969125991;0.26724363403281887
1;1.8;0.11276287936064147;-0.48830402972389442;0;0.48630004938967075;0.11131026230486508;0;0.5;-0.12498499535092648;0.50002787890357994;0.87527419969125991;0.26724363403281887
0;1.85;-0.13693790050903204;0.48213234688716716;0;-0.48011069823833591;-0.13537103617002869;0;0.5;-0.12498457000307711;0.50002864638028274;0.87528555831259074;0.26726717538330484
1;1.85;0.13693790050903204;-0.48213234688716716;0;0.48011069823833591;0.13537103617002869;0;0.5;-0.12498457000307711;0.50002864638028274;0.87528555831259074;0.26726717538330484
0;1.9;-0.16077349177455907;0.47476545576743134;0;-0.47273304918496895;-0.15908956681270603;0;0.5;-0.124984145491124;0.50002941342802016;0.8752967819901643;0.26729045056806455
1;1.9;0.16077349177455907;-0.47476545576743134;0;0.47273304918496895;0.15908956681270603;0;0.5;-0.124984145491124;0.50002941342802016;0.8752967819901643;0.26729045056806455
0;1.95;-0.1842106756760411;0.46622194511995252;0;-0.46418601808939952;-0.18240735316668508;0;0.5;-0.12498372191331366;0.50003018005247725;0.8753078428858683;0.26731340373438657
1;1.95;0.1842106756760411;-0.46622194511995252;0;0.46418601808939952;0.18240735316668508;0;0.5;-0.12498372191331366;0.50003018005247725;0.8753078428858683;0.26731340373438657
0;2;-0.20719149287884694;0.45652330415890591;0;-0.45449138338064132;-0.20526694646850385;0;0.5;-0.12498329936539482;0.50003094626034821;0.87531871359578815;0.26733597986153947
1;2;0.20719149287884694;-0.45652330415890591;0;0.45449138338064132;0.20526694646850385;0;0.5;-0.12498329936539482;0.50003094626034821;0.87531871359578815;0.26733597986153947
0;2.05;-0.22965914391603051;0.4456938664385241;0;-0.44367372654537462;-0.2276120885810437;0;0.5;-0.12498287794039618;0.50003171205931733;0.87532936721661506;0.26735812489602112
1;2.05;0.22965914391603051;-0.4456938664385241;0;0.44367372654537462;0.2276120885810437;0;0.5;-0.12498287794039618;0.50003171205931733;0.87532936721661506;0.26735812489602112
0;2.1;-0.25155812776853842;0.43376074690122457;0;-0.43176036611278168;-0.24938784684912391;0;0.5;-0.12498245772841217;0.50003247745803791;0.87533977741054711;0.26737978588412621
1;2.1;0.25155812776853842;-0.43376074690122457;0;0.43176036611278168;0.24938784684912391;0;0.5;-0.12498245772841217;0.50003247745803791;0.87533977741054711;0.26737978588412621
0;2.15;-0.27283437698446744;0.42075377227346139;0;-0.41878128534727288;-0.27054074520038451;0;0.5;-0.12498203881639782;0.50003324246610873;0.87534991846854412;0.2674009111015243
1;2.15;0.27283437698446744;-0.42075377227346139;0;0.41878128534727288;0.27054074520038451;0;0.5;-0.12498203881639782;0.50003324246610873;0.87534991846854412;0.2674009111015243
0;2.2;-0.29343538902820027;0.40670540500404162;0;-0.40476905387120421;-0.291018891218423;0;0.5;-0.12498162128797242;0.50003400709404859;0.87535976537180278;0.26742145017955029
1;2.2;0.29343538902820027;-0.40670540500404162;0;0.40476905387120421;0.291018891218423;0;0.5;-0.12498162128797242;0.50003400709404859;0.87535976537180278;0.26742145017955029
0;2.25;-0.31331035356160691;0.39165066095295326;0;-0.38975874344930805;-0.31077209892897623;0;0.5;-0.12498120522323281;0.50003477135326852;0.87536929385132561;0.26744135422791952
1;2.25;0.31331035356160691;-0.39165066095295326;0;0.38975874344930805;0.31077209892897623;0;0.5;-0.12498120522323281;0.50003477135326852;0.87536929385132561;0.26744135422791952
0;2.3;-0.33241027537131335;0.37562702105136508;0;-0.37378783817527561;-0.3297520070538475;0;0.5;-0.12498079069857612;0.50003553525604241;0.87537848044546317;0.26746057595359086
1;2.3;0.33241027537131335;-0.37562702105136508;0;0.37378783817527561;0.3297520070538475;0;0.5;-0.12498079069857612;0.50003553525604241;0.87537848044546317;0.26746057595359086
0;2.35;-0.35068809266826728;0.358674337165374;0;-0.35689613930877284;-0.34791219250120459;0;0.5;-0.1249803777865325;0.50003629881547512;0.87538730255531594;0.26747906977551149
1;2.35;0.35068809266826728;-0.358674337165374;0;0.35689613930877284;0.34791219250120459;0;0.5;-0.1249803777865325;0.50003629881547512;0.87538730255531594;0.26747906977551149
0;2.4;-0.3680987904984323;0.34083473240729684;0;-0.33912566501818475;-0.36520827887476498;0;0.5;-0.12497996655560786;0.50003706204546948;0.87539573849788831;0.26749679193498979
1;2.4;0.3680987904984323;-0.34083473240729684;0;0.33912566501818475;0.36520827887476498;0;0.5;-0.12497996655560786;0.50003706204546948;0.87539573849788831;0.26749679193498979
0;2.45;-0.38459950901636897;0.32215249614882985;0;-0.32052054529060747;-0.38159803979818874;0;0.5;-0.12497955707013668;0.50003782496069096;0.87540376755689405;0.26751370060145333
1;2.45;0.38459950901636897;-0.32215249614882985;0;0.32052054529060747;0.38159803979818874;0;0.5;-0.12497955707013668;0.50003782496069096;0.87540376755689405;0.26751370060145333
0;2.5;-0.40014964638668604;0.30267397400023921;0;-0.30112691227609084;-0.39704149686467355;0;0.5;-0.12497914939014537;0.50003858757653094;0.8754113700311186;0.26752975597336205
1;2.5;0.40014964638668604;-0.30267397400023921;0;0.30112691227609084;0.39704149686467355;0;0.5;-0.12497914939014537;0.50003858757653094;0.8754113700311186;0.26752975597336205
0;2.55;-0.41471095609182113;0.28244745302890623;0;-0.28099278633792507;-0.41150101203525286;0;0.5;-0.12497874357122591;0.50003934990906856;0.8754185272802499;0.26754492037405851
1;2.55;0.41471095609182113;-0.28244745302890623;0;0.28099278633792507;0.41150101203525286;0;0.5;-0.12497874357122591;0.50003934990906856;0.8754185272802499;0.26754492037405851
0;2.6;-0.42824763843831243;0.26152304249903929;0;-0.26016795808491083;-0.42494137432260626;0;0.5;-0.12497833966442009;0.50004011197503095;0.8754252217680961;0.26755915834235006
1;2.6;0.42824763843831243;-0.26152304249903929;0;0.26016795808491083;0.42494137432260626;0;0.5;-0.12497833966442009;0.50004011197503095;0.8754252217680961;0.26755915834235006
0;2.65;-0.44072642606761508;0.23995255042219435;0;-0.23870386666510601;-0.4373298806102775;0;0.5;-0.12497793771611446;0.50004087379175201;0.87543143710311404;0.26757243671763009
1;2.65;0.44072642606761508;-0.23995255042219435;0;0.23870386666510601;0.4373298806102775;0;0.5;-0.12497793771611446;0.50004087379175201;0.87543143710311404;0.26757243671763009
0;2.7;-0.45211666329157285;0.21778935621542636;0;-0.21665347460355489;-0.44863641047003722;0;0.5;-0.12497753776794569;0.50004163537713026;0.87543715807617872;0.26758472471935914
1;2.7;0.45211666329157285;-0.21778935621542636;0;0.21665347460355489;0.44863641047003722;0;0.5;-0.12497753776794569;0.50004163537713026;0.87543715807617872;0.26758472471935914
0;2.75;-0.46239037908684893;0.19508827977043852;0;-0.19407113946902238;-0.45883349485271813;0;0.5;-0.12497713985671696;0.50004239674958503;0.87544237069552988;0.26759599402073884
1;2.75;0.46239037908684893;-0.19508827977043852;0;0.19407113946902238;0.45883349485271813;0;0.5;-0.12497713985671696;0.50004239674958503;0.87544237069552988;0.26759599402073884
0;2.8;-0.47152235359692884;0.17190544724301857;0;-0.17101248265683358;-0.46789637854017779;0;0.5;-0.12497674401432469;0.50004315792801223;0.87544706221883732;0.26760621881642573
1;2.8;0.47152235359692884;-0.17190544724301857;0;0.17101248265683358;0.46789637854017779;0;0.5;-0.12497674401432469;0.50004315792801223;0.87544706221883732;0.26760621881642573
0;2.85;-0.47949017800470867;0.148298153877363;0;-0.14753425557659663;-0.47580307625810953;0;0.5;-0.12497635026769637;0.50004391893173847;0.87545122118233258;0.26761537588414447
1;2.85;0.47949017800470867;-0.148298153877363;0;0.14753425557659663;0.47580307625810953;0;0.5;-0.12497635026769637;0.50004391893173847;0.87545122118233258;0.26761537588414447
0;2.9;-0.48627430765315927;0.12432472418460573;0;-0.12369420353491624;-0.48253442236123045;0;0.5;-0.12497595863873876;0.50004467978047483;0.87545483742695971;0.26762344464007391
1;2.9;0.48627430765315927;-0.12432472418460573;0;0.12369420353491624;0.48253442236123045;0;0.5;-0.12497595863873876;0.50004467978047483;0.87545483742695971;0.26762344464007391
0;2.95;-0.49185810830609067;0.10004436979899882;0;-0.099550927604223335;-0.48807411401393341;0;0.5;-0.12497556914429708;0.50004544049426957;0.8754579021215036;0.26763040718789258
1;2.95;0.49185810830609067;-0.10004436979899882;0;0.099550927604223335;0.48807411401393341;0;0.5;-0.12497556914429708;0.50004544049426957;0.8754579021215036;0.26763040718789258
0;3;-0.49622789545561896;0.075517045338752586;0;-0.075163744769597279;-0.49240874780081284;0;0.5;-0.12497518179612465;0.50004620109346021;0.87546040778265946;0.26763624836138359
1;3;0.49622789545561896;-0.075517045338752586;0;0.075163744769597279;0.49240874780081284;0;0.5;-0.12497518179612465;0.50004620109346021;0.87546040778265946;0.26763624836138359
0;3.05;-0.49937296659754749;0.050803302601541422;0;-0.05059254664597157;-0.49552784971257979;0;0.5;-0.12497479660086328;0.50004696159862506;0.87546234829201207;0.26764095576051261
1;3.05;0.49937296659754749;-0.050803302601541422;0;0.05059254664597157;0.49552784971257979;0;0.5;-0.12497479660086328;0.50004696159862506;0.87546234829201207;0.26764095576051261
0;3.1;-0.501285626410504;0.025964143427130666;0;-0.025897657058427899;-0.4974238984637892;0;0.5;-0.12497441356003425;0.50004772203053435;0.87546371890989874;0.26764451978090609
1;3.1;0.501285626410504;-0.025964143427130666;0;0.025897657058427899;0.4974238984637892;0;0.5;-0.12497441356003425;0.50004772203053435;0.87546371890989874;0.26764451978090609
0;3.15;-0.5019612047893155;0.0010608715614882705;0;-0.0011396887784215458;-0.49809234210953973;0;0.5;-0.12497403267003977;0.50004848241010089;0.87546451628613482;0.26764693363667014
1;3.15;0.5019612047893155;-0.0010608715614882705;0;0.0011396887784215458;0.49809234210953973;0;0.5;-0.12497403267003977;0.50004848241010089;0.87546451628613482;0.26764693363667014
0;3.2;-0.50139806769774631;-0.02384505614187972;0;0.023620600291232099;-0.49753160793889739;0;0.5;-0.12497365392217504;0.50004924275833036;0.87546473846758546;0.26764819337650442
1;3.2;0.50139806769774631;0.02384505614187972;0;-0.023620600291232099;0.49753160793889739;0;0.5;-0.12497365392217504;0.50004924275833036;0.87546473846758546;0.26764819337650442
0;3.25;-0.49959762082036463;-0.048692178846781634;0;0.048322451189927673;-0.49574310563327117;0;0.5;-0.12497327730265071;0.50005000309627163;0.87546438490257226;0.26764829789307877
1;3.25;0.49959762082036463;0.048692178846781634;0;-0.048322451189927673;0.49574310563327117;0;0.5;-0.12497327730265071;0.50005000309627163;0.87546438490257226;0.26764829789307877
0;3.3;-0.49656430600793094;-0.073419180848464549;0;0.072905247938981427;-0.49273122368836025;0;0.5;-0.12497290279262567;0.50005076344496684;0.8754634564421082;0.26764724892565386
1;3.3;0.49656430600793094;0.073419180848464549;0;-0.072905247938981427;0.49273122368836025;0;0.5;-0.12497290279262567;0.50005076344496684;0.8754634564421082;0.26764724892565386
0;3.35;-0.49230559052531475;-0.097965040340284623;0;0.097308661255448806;-0.48850331910863259;0;0.5;-0.12497253036825026;0.50005152382540155;0.87546195533795916;0.26764505105594079
1;3.35;0.49230559052531475;0.097965040340284623;0;-0.097308661255448806;0.48850331910863259;0;0.5;-0.12497253036825026;0.50005152382540155;0.87546195533795916;0.26764505105594079
0;3.4;-0.48683194912553668;-0.12226917749690355;0;0.12147279164850078;-0.48306970039361496;0;0.5;-0.12497216000071956;0.50005228425845506;0.87545988523753497;0.26764171169720807
1;3.4;0.48683194912553668;0.12226917749690355;0;-0.12147279164850078;0.48306970039361496;0;0.5;-0.12497216000071956;0.50005228425845506;0.87545988523753497;0.26764171169720807
0;3.45;-0.48015683898809741;-0.14627160153921359;0;0.14533831160741048;-0.47644360384560741;0;0.5;-0.12497179165633706;0.50005304476485079;0.875457251175618;0.26763724107665816
1;3.45;0.48015683898809741;0.14627160153921359;0;-0.14533831160741048;0.47644360384560741;0;0.5;-0.12497179165633706;0.50005304476485079;0.875457251175618;0.26763724107665816
0;3.5;-0.47229666757428501;-0.16991305644793264;0;0.16884660659091819;-0.46864116323881527;0;0.5;-0.12497142529658824;0.50005380536510706;0.87545405956294176;0.26763165221110895
1;3.5;0.47229666757428501;0.16991305644793264;0;-0.16884660659091819;0.46864116323881527;0;0.5;-0.12497142529658824;0.50005380536510706;0.87545405956294176;0.26763165221110895
0;3.55;-0.46327075346664526;-0.19313516499507169;0;0.19193991452858883;-0.459681372900346;0;0.5;-0.12497106087822432;0.50005456607948836;0.8754503181716372;0.26762496087602953
1;3.55;0.46327075346664526;0.19313516499507169;0;-0.19193991452858883;0.459681372900346;0;0.5;-0.12497106087822432;0.50005456607948836;0.8754503181716372;0.26762496087602953
0;3.6;-0.45310128027424568;-0.21588057076526096;0;0.21456146354576849;-0.44958604426407983;0;0.5;-0.12497069835335576;0.50005532692795699;0.87544603611756908;0.26761718556799297
1;3.6;0.45310128027424568;0.21588057076526096;0;-0.21456146354576849;0.44958604426407983;0;0.5;-0.12497069835335576;0.50005532692795699;0.87544603611756908;0.26761718556799297
0;3.65;-0.441813243699757;-0.23809307784223829;0;0.23665560762490695;-0.43837975596911716;0;0.5;-0.12497033766955566;0.50005608793012547;0.87544122383958999;0.26760834746062229
1;3.65;0.441813243699757;0.23809307784223829;0;-0.23665560762490695;0.43837975596911716;0;0.5;-0.12497033766955566;0.50005608793012547;0.87544122383958999;0.26760834746062229
0;3.7;-0.42943439187870613;-0.25971778783965704;0;0.25816795991736696;-0.42608979758535742;0;0.5;-0.12496997876997291;0.5000568491052095;0.87543589307574456;0.26759847035411929
1;3.7;0.42943439187870613;0.25971778783965704;0;-0.25816795991736696;0.42608979758535742;0;0.5;-0.12496997876997291;0.5000568491052095;0.87543589307574456;0.26759847035411929
0;3.75;-0.41599515911551227;-0.28070123395977231;0;0.27904552342142014;-0.41274610705979503;0;0.5;-0.12496962159345487;0.50005761047198175;0.87543005683646151;0.26758758061847952
1;3.75;0.41599515911551227;0.28070123395977231;0;-0.27904552342142014;0.41274610705979503;0;0.5;-0.12496962159345487;0.50005761047198175;0.87543005683646151;0.26758758061847952
0;3.8;-0.40152859315509098;-0.30099151176852218;0;0.29923681874396429;-0.39838120198834481;0;0.5;-0.12496926607467963;0.50005837204872659;0.87542372937477668;0.2675757071305101
1;3.8;0.40152859315509098;0.30099151176852218;0;-0.29923681874396429;0.39838120198834481;0;0.5;-0.12496926607467963;0.50005837204872659;0.87542372937477668;0.2675757071305101
0;3.85;-0.38607027614288414;-0.32053840638104464;0;0.31869200866563052;-0.38303010482944766;0;0.5;-0.12496891214429746;0.50005913385319599;0.87541692615363542;0.26756288120478031
1;3.85;0.38607027614288414;0.32053840638104464;0;-0.31869200866563052;0.38303010482944766;0;0.5;-0.12496891214429746;0.50005913385319599;0.87541692615363542;0.26756288120478031
0;3.9;-0.36965823944013365;-0.33929351575777178;0;0.33736301923141515;-0.3667302621873636;0;0.5;-0.12496855972908154;0.50005989590256613;0.87540966381032834;0.26754913651864815
1;3.9;0.36965823944013365;0.33929351575777178;0;-0.33736301923141515;0.3667302621873636;0;0.5;-0.12496855972908154;0.50005989590256613;0.87540966381032834;0.26754913651864815
0;3.95;-0.35233287247504386;-0.35721036981793375;0;0.35520365709182006;-0.3495214583049413;0;0.5;-0.12496820875208776;0.50006065821339562;0.87540196011811996;0.26753450903151966
1;3.95;0.35233287247504386;0.35721036981793375;0;-0.35520365709182006;0.3495214583049413;0;0.5;-0.12496820875208776;0.50006065821339562;0.87540196011811996;0.26753450903151966
0;4;-0.33413682582415238;-0.37424454508459348;0;0.37216972282275662;-0.33144572291775604;0;0.5;-0.12496785913282336;0.50006142080158464;0.87539383394513571;0.2675190368985105
1;4;0.33413682582415238;0.37424454508459348;0;-0.37216972282275662;0.33144572291775604;0;0.5;-0.12496785913282336;0.50006142080158464;0.87539383394513571;0.2675190368985105
0;4.05;-0.31511490873172854;-0.39035377458323417;0;0.388219119956214;-0.31254723363382936;0;0.5;-0.12496751078742408;0.50006218368233576;0.87538530521057843;0.26750276037869245
1;4.05;0.31511490873172854;0.39035377458323417;0;-0.388219119956214;0.31254723363382936;0;0.5;-0.12496751078742408;0.50006218368233576;0.87538530521057843;0.26750276037869245
0;4.1;-0.29531398128831954;-0.405498052724443;0;0.40331195945795539;-0.29287221301566779;0;0.5;-0.12496716362883993;0.50006294687011614;0.87537639483835182;0.26748572173812057
1;4.1;0.29531398128831954;0.405498052724443;0;-0.40331195945795539;0.29287221301566779;0;0.5;-0.12496716362883993;0.50006294687011614;0.87537639483835182;0.26748572173812057
0;4.15;-0.27478284150263693;-0.41963973491038714;0;0.41741065939334016;-0.27246882055407012;0;0.5;-0.12496681756702911;0.50006371037862127;0.87536712470817399;0.26746796514784899
1;4.15;0.27478284150263693;0.41963973491038714;0;-0.41741065939334016;0.27246882055407012;0;0.5;-0.12496681756702911;0.50006371037862127;0.87536712470817399;0.26746796514784899
0;4.2;-0.25357210751379405;-0.4327436316145713;0;0.43048003952781855;-0.25138703973602516;0;0.5;-0.12496647250915991;0.50006447422074038;0.87535751760427105;0.26744953657715635
1;4.2;0.25357210751379405;0.4327436316145713;0;-0.43048003952781855;0.25138703973602516;0;0.5;-0.12496647250915991;0.50006447422074038;0.87535751760427105;0.26744953657715635
0;4.25;-0.23173409520343216;-0.44477709669480608;0;0.44248741061476132;-0.22967856042202908;0;0.5;-0.12496612835982014;0.50006523840852359;0.87534759716174638;0.26743048368221373
1;4.25;0.23173409520343216;0.44477709669480608;0;-0.44248741061476132;0.22967856042202908;0;0.5;-0.12496612835982014;0.50006523840852359;0.87534759716174638;0.26743048368221373
0;4.3;-0.20932269147947974;-0.4557101097104102;0;0.45340265813011105;-0.20739665676125152;0;0.5;-0.12496578502123409;0.50006600295315105;0.87533738781072801;0.26741085569044039
1;4.3;0.20932269147947974;0.4557101097104102;0;-0.45340265813011105;0.20739665676125152;0;0.5;-0.12496578502123409;0.50006600295315105;0.87533738781072801;0.26741085569044039
0;4.35;-0.18639322351513413;-0.46551535202641925;0;0.46319832022092328;-0.18459606088613514;0;0.5;-0.12496544239348653;0.50006676786490373;0.87532691471840295;0.26739070328080388
1;4.35;0.18639322351513413;0.46551535202641925;0;-0.46319832022092328;0.18459606088613514;0;0.5;-0.12496544239348653;0.50006676786490373;0.87532691471840295;0.26739070328080388
0;4.4;-0.16300232423810243;-0.47416827649998367;0;0.47184965964324299;-0.16133283264117224;0;0.5;-0.1249651003747531;0.5000675331531366;0.87531620372905346;0.26737007846033293
1;4.4;0.16300232423810243;0.47416827649998367;0;-0.47184965964324299;0.16133283264117224;0;0.5;-0.1249651003747531;0.5000675331531366;0.87531620372905346;0.26737007846033293
0;4.45;-0.13920779437614675;-0.4816471705572043;0;0.47933472947397232;-0.13766422561371142;0;0.5;-0.12496475886153748;0.50006829882625348;0.87530528130221721;0.26734903443712232
1;4.45;0.13920779437614675;0.4816471705572043;0;-0.47933472947397232;0.13766422561371142;0;0.5;-0.12496475886153748;0.50006829882625348;0.87530528130221721;0.26734903443712232
0;4.5;-0.11506846137550453;-0.48793321248237398;0;0.48563443239146742;-0.11364854974764761;0;0.5;-0.12496441774891381;0.50006906489168449;0.87529417444909912;0.26732762549011971
1;4.5;0.11506846137550453;0.48793321248237398;0;-0.48563443239146742;0.11364854974764761;0;0.5;-0.12496441774891381;0.50006906489168449;0.87529417444909912;0.26732762549011971
0;4.55;-0.090644035518754815;-0.49301052075596002;0;0.49073257333057874;-0.089345030833672914;0;0.5;-0.1249640769307751;0.50006983135586531;0.87528291066736974;0.26730590683599438
1;4.55;0.090644035518754815;0.49301052075596002;0;-0.49073257333057874;0.089345030833672914;0;0.5;-0.1249640769307751;0.50006983135586531;0.87528291066736974;0.26730590683599438
0;4.6;-0.065994963578129603;-0.49686619629266499;0;0.49461590532974981;-0.064813667182345699;0;0.5;-0.12496373630008623;0.50007059822421917;0.87527151787449064;0.2672839344933978
1;4.6;0.065994963578129603;0.49686619629266499;0;-0.49461590532974981;0.064813667182345699;0;0.5;-0.12496373630008623;0.50007059822421917;0.87527151787449064;0.2672839344933978
0;4.65;-0.041182280349078962;-0.49949035744652731;0;0.4972741684006276;-0.040115083798494808;0;0.5;-0.12496339574914143;0.50007136550114101;0.87526002433971398;0.26726176514493491
1;4.65;0.041182280349078962;0.49949035744652731;0;-0.4972741684006276;0.040115083798494808;0;0.5;-0.12496339574914143;0.50007136550114101;0.87526002433971398;0.26726176514493491
0;4.7;-0.016267458417043024;-0.50087616766625187;0;0.49870012126442842;-0.015310384387336661;0;0.5;-0.12496305516982583;0.50007213318998387;0.87524845861490928;0.26723945599717335
1;4.7;0.016267458417043024;0.50087616766625187;0;-0.49870012126442842;0.015310384387336661;0;0.5;-0.12496305516982583;0.50007213318998387;0.87524845861490928;0.26723945599717335
0;4.75;0.008687743482185253;-0.50101985570077101;0;0.49888956581404897;0.0095389984659367457;0;0.5;-0.12496271445387998;0.50007290129304827;0.87523684946437587;0.2672170646390264
1;4.75;-0.008687743482185253;0.50101985570077101;0;-0.49888956581404897;-0.0095389984659367457;0;0.5;-0.12496271445387998;0.50007290129304827;0.87523684946437587;0.2672170646390264
0;4.8;0.033621433141453355;-0.49992072827240286;0;0.49784136417660946;0.034371454590525763;0;0.5;-0.12496237349316735;0.50007366981157399;0.8752252257938056;0.26719464889885184
1;4.8;-0.033621433141453355;0.49992072827240286;0;-0.49784136417660946;-0.034371454590525763;0;0.5;-0.12496237349316735;0.50007366981157399;0.8752252257938056;0.26719464889885184
0;4.85;0.058471738227684263;-0.49758117515286565;0;0.495557448267755;0.059125348635611662;0;0.5;-0.12496203217994394;0.50007443874573402;0.87521361657856557;0.2671722667006158
1;4.85;-0.058471738227684263;0.49758117515286565;0;-0.495557448267755;-0.059125348635611662;0;0.5;-0.12496203217994394;0.50007443874573402;0.87521361657856557;0.2671722667006158
0;4.9;0.083176959915833557;-0.49400666659578968;0;0.4920428217466038;0.083739173215008234;0;0.5;-0.12496169040712905;0.50007520809463171;0.875202050791475;0.26714997591947653
1;4.9;-0.083176959915833557;0.49400666659578968;0;-0.4920428217466038;-0.083739173215008234;0;0.5;-0.12496169040712905;0.50007520809463171;0.875202050791475;0.26714997591947653
0;4.95;0.10767572642934424;-0.48920574309820214;0;0.48730555429868527;0.10815170241012588;0;0.5;-0.12496134806857689;0.50007597785630037;0.87519055733025562;0.26712783423714747
1;4.95;-0.10767572642934424;0.48920574309820214;0;-0.48730555429868527;-0.10815170241012588;0;0.5;-0.12496134806857689;0.50007597785630037;0.87519055733025562;0.26712783423714747
0;5;0.13190714610191515;-0.48318999748270253;0;0.48135676819352463;0.13230214524282208;0;0.5;-0.12496100505934842;0.50007674802770544;0.87517916494483896;0.2671058989974033
1;5;-0.13190714610191515;0.48318999748270253;0;-0.48135676819352463;-0.13230214524282208;0;0.5;-0.12496100505934842;0.50007674802770544;0.87517916494483896;0.2671058989974033
0;5.05;0.15581095957322541;-0.47597404931164722;0;0.47421061708365747;0.15613029872304138;0;0.5;-0.12496066127598198;0.50007751860474969;0.87516790216471711;0.26708422706209545
1;5.05;-0.15581095957322541;0.47597404931164722;0;-0.47421061708365747;-0.15613029872304138;0;0.5;-0.12496066127598198;0.50007751860474969;0.87516790216471711;0.26708422706209545
0;5.1;0.17932769073011051;-0.46757551166457129;0;0.46588425703274022;0.17957670007056603;0;0.5;-0.12496031661676295;0.50007828958228087;0.87515679722652747;0.26706287466804586
1;5.1;-0.17932769073011051;0.46757551166457129;0;-0.46588425703274022;-0.17957670007056603;0;0.5;-0.12496031661676295;0.50007828958228087;0.87515679722652747;0.26706287466804586
0;5.15;0.20239879600460065;-0.45801495033023498;0;0.45639780978200228;0.20258277770578903;0;0.5;-0.12495997098199071;0.50007906095410233;0.8751458780020639;0.26704189728518878
1;5.15;-0.20239879600460065;0.45801495033023498;0;-0.45639780978200228;-0.20258277770578903;0;0.5;-0.12495997098199071;0.50007906095410233;0.8751458780020639;0.26704189728518878
0;5.2;0.22496681164124266;-0.44731583548503218;0;0.44577431828648673;0.22509100060126039;0;0.5;-0.12495962427424291;0.5000798327129861;0.87513517192690938;0.26702134947633017
1;5.2;-0.22496681164124266;0.44731583548503218;0;-0.44577431828648673;-0.22509100060126039;0;0.5;-0.12495962427424291;0.5000798327129861;0.87513517192690938;0.26702134947633017
0;5.25;0.24697549854826295;-0.43550448594997365;0;0.43403969457527214;0.24704502558392022;0;0.5;-0.12495927639863541;0.50008060485068906;0.8751247059298861;0.26700128475889393
1;5.25;-0.24697549854826295;0.43550448594997365;0;-0.43403969457527214;-0.24704502558392022;0;0.5;-0.12495927639863541;0.50008060485068906;0.8751247059298861;0.26700128475889393
0;5.3;0.26836998435041315;-0.42261000613899163;0;0.42122266001306657;0.26838984217748429;0;0.5;-0.12495892726307808;0.50008137735797153;0.87511450636352008;0.266981755469021
1;5.3;-0.26836998435041315;0.42261000613899163;0;-0.42122266001306657;-0.26838984217748429;0;0.5;-0.12495892726307808;0.50008137735797153;0.87511450636352008;0.266981755469021
0;5.35;0.28909690226579704;-0.40866421583183221;0;0.40735467806412312;0.28907191457545095;0;0.5;-0.12495857677852455;0.50008215022461862;0.87510459893571751;0.26696281262838531
1;5.35;-0.28909690226579704;0.40866421583183221;0;-0.40735467806412312;-0.28907191457545095;0;0.5;-0.12495857677852455;0.50008215022461862;0.87510459893571751;0.26696281262838531
0;5.4;0.30910452643461728;-0.39370157292523511;0;0.39246987968324004;0.30903932033770659;0;0.5;-0.124958224859216;0.50008292343946433;0.87509500864284879;0.26694450581408499
1;5.4;-0.30910452643461728;0.39370157292523511;0;-0.39246987968324004;-0.30903932033770659;0;0.5;-0.124958224859216;0.50008292343946433;0.87509500864284879;0.26694450581408499
0;5.45;0.32834290333461813;-0.37775908933637015;0;0.37660498148256805;0.32824188540776206;0;0.5;-0.12495787142291758;0.50008369699041813;0.87508575970443568;0.26692688303196261
1;5.45;-0.32834290333461813;0.37775908933637015;0;-0.37660498148256805;-0.32824188540776206;0;0.5;-0.12495787142291758;0.50008369699041813;0.87508575970443568;0.26692688303196261
0;5.5;0.34676397892603728;-0.36087624025252618;0;0.35979919684693762;0.34663131505329586;0;0.5;-0.12495751639114694;0.50008447086449419;0.87507687549963406;0.2669099905937009
1;5.5;-0.34676397892603728;0.36087624025252618;0;-0.35979919684693762;-0.34663131505329586;0;0.5;-0.12495751639114694;0.50008447086449419;0.87507687549963406;0.2669099905937009
0;5.55;0.36432172117811595;-0.34309486694075425;0;0.34209414019432133;0.36416132033993148;0;0.5;-0.12495715968939383;0.50008524504784298;0.87506837850570239;0.26689387299803267
1;5.55;-0.36432172117811595;0.34309486694075425;0;-0.34209414019432133;-0.36416132033993148;0;0.5;-0.12495715968939383;0.50008524504784298;0.87506837850570239;0.26689387299803267
0;5.6;0.38097223763964377;-0.32445907335046759;0;0.32353372460173435;0.3807877397570576;0;0.5;-0.12495680124733034;0.50008601952578536;0.87506029023864179;0.26687857281639465
1;5.6;-0.38097223763964377;0.32445907335046759;0;-0.32353372460173435;-0.3807877397570576;0;0.5;-0.12495680124733034;0.50008601952578536;0.87506029023864179;0.26687857281639465
0;5.65;0.3966738877276198;-0.30501511676081866;0;0.30416405304022393;0.39646865562501316;0;0.5;-0.12495644099901056;0.50008679428284914;0.87505263119618948;0.26686413058334465
1;5.65;-0.3966738877276198;0.30501511676081866;0;-0.30416405304022393;-0.39646865562501316;0;0.5;-0.12495644099901056;0.50008679428284914;0.87505263119618948;0.26686413058334465
0;5.7;0.41138738942087283;-0.28481129274292344;0;0.28403330348547878;0.41116450492509743;0;0.5;-0.12495607888305922;0.50008756930280751;0.87504542080334182;0.26685058469204976
1;5.7;-0.41138738942087283;0.28481129274292344;0;-0.28403330348547878;-0.41116450492509743;0;0.5;-0.12495607888305922;0.50008756930280751;0.87504542080334182;0.26685058469204976
0;5.75;0.42507592005937789;-0.26389781472460594;0;0.2631916081928683;0.42483818420761499;0;0.5;-0.12495571484284859;0.50008834456872009;0.87503867736057697;0.2668379712951416
1;5.75;-0.42507592005937789;0.26389781472460594;0;-0.2631916081928683;-0.42483818420761499;0;0.5;-0.12495571484284859;0.50008834456872009;0.87503867736057697;0.2668379712951416
0;5.8;0.4377052109649946;-0.24232668846221128;0;0.24169092744727225;0.43745514824849341;0;0.5;-0.12495534882666263;0.50008912006297569;0.87503241799494059;0.26682632421121995
1;5.8;-0.4377052109649946;0.24232668846221128;0;-0.24169092744727225;-0.43745514824849341;0;0.5;-0.12495534882666263;0.50008912006297569;0.87503241799494059;0.26682632421121995
0;5.85;0.44924363561540148;-0.22015158174010557;0;0.21958491811875658;0.4489835021418781;0;0.5;-0.12495498078784826;0.50008989576733709;0.87502665861414995;0.26681567483727219
1;5.85;-0.44924363561540148;0.22015158174010557;0;-0.21958491811875658;-0.4489835021418781;0;0.5;-0.12495498078784826;0.50008989576733709;0.87502665861414995;0.26681567483727219
0;5.9;0.45966229112006024;-0.19742768963366933;0;0.19692879737485974;0.45939408653446256;0;0.5;-0.12495461068495267;0.50009067166298768;0.87502141386386372;0.26680605206726028
1;5.9;-0.45966229112006024;0.19742768963366933;0;-0.19692879737485974;-0.45939408653446256;0;0.5;-0.12495461068495267;0.50009067166298768;0.87502141386386372;0.26680605206726028
0;5.95;0.46893507276506141;-0.17421159568582517;0;0.1737792019188607;0.46866055572708776;0;0.5;-0.12495423848184625;0.5000914477305799;0.87501669708825534;0.26679748221710968
1;5.95;-0.46893507276506141;0.17421159568582517;0;-0.1737792019188607;-0.46866055572708776;0;0.5;-0.12495423848184625;0.5000914477305799;0.87501669708825534;0.26679748221710968
0;6;0.47703874141262398;-0.15056112936035193;0;0.15019404314078177;0.47675944839026507;0;0.5;-0.12495386414783085;0.50009222395028486;0.87501252029401852;0.26678998895631785
1;6;-0.47703874141262398;0.15056112936035193;0;-0.15019404314078177;-0.47675944839026507;0;0.5;-0.12495386414783085;0.50009222395028486;0.87501252029401852;0.26678998895631785
0;6.05;0.48395298356077748;-0.12653522014735885;0;0.12623235858392837;0.48367025066266156;0;0.5;-0.12495348765773263;0.50009300030184379;0.87500889411792217;0.266783593246381
1;6.05;-0.48395298356077748;0.12653522014735885;0;-0.12623235858392837;-0.48367025066266156;0;0.5;-0.12495348765773263;0.50009300030184379;0.87500889411792217;0.266783593246381
0;6.1;0.48966046388928036;-0.10219374870726626;0;0.101954160144379;0.48937545142513011;0;0.5;-0.12495310899197912;0.5000937767646205;0.87500582779802199;0.26677831328621872
1;6.1;-0.48966046388928036;0.10219374870726626;0;-0.101954160144379;-0.48937545142513011;0;0.5;-0.12495310899197912;0.5000937767646205;0.87500582779802199;0.26677831328621872
0;6.15;0.49414687013904579;-0.077597395449406401;0;0.077420279433914233;0.49386058956747264;0;0.5;-0.12495272813666044;0.50009455331765497;0.87500332914862372;0.26677416446475629
1;6.15;-0.49414687013904579;0.077597395449406401;0;-0.077420279433914233;-0.49386058956747264;0;0.5;-0.12495272813666044;0.50009455331765497;0.87500332914862372;0.26677416446475629
0;6.2;0.49740095019417868;-0.052807486949870086;0;0.052692210748329346;0.49711429309067034;0;0.5;-0.12495234508357384;0.50009532993971814;0.87500140453908108;0.26677115932080364
1;6.2;-0.49740095019417868;0.052807486949870086;0;-0.052692210748329346;-0.49711429309067034;0;0.5;-0.12495234508357384;0.50009532993971814;0.87500140453908108;0.26677115932080364
0;6.25;0.49941454125809009;-0.027885840620437412;0;0.027831952092830806;0.4991283099136819;0;0.5;-0.12495195983025198;0.5000961066093672;0.87500005887649937;0.26676930751034882
1;6.25;-0.49941454125809009;0.027885840620437412;0;-0.027831952092830806;-0.4991283099136819;0;0.5;-0.12495195983025198;0.5000961066093672;0.87500005887649937;0.26676930751034882
0;6.3;0.5001825910379637;-0.0028946080463060266;0;0.0029018447242080692;0.49989753028096695;0;0.5;-0.12495157237997439;0.50009688330500158;0.87499929559240226;0.26676861578136243
1;6.3;-0.5001825910379637;0.0028946080463060266;0;-0.0029018447242080692;-0.49989753028096695;0;0.5;-0.12495157237997439;0.50009688330500158;0.87499929559240226;0.26676861578136243
0;6.35;0.49970317087501048;0.022103882585162694;0;-0.022035588324356929;0.4994200006945031;0;0.5;-0.12495118274176227;0.5000976600049194;0.87499911663340656;0.26676908795618709
1;6.35;-0.49970317087501048;-0.022103882585162694;0;0.022035588324356929;-0.4994200006945031;0;0.5;-0.12495118274176227;0.5000976600049194;0.87499911663340656;0.26676908795618709
0;6.4;0.49797748078137299;0.047047284539345022;0;-0.046917804265673151;0.49769692932208887;0;0.5;-0.12495079093035592;0.50009843668737456;0.87499952245593602;0.26677072492156417
1;6.4;-0.49797748078137299;-0.047047284539345022;0;0.046917804265673151;-0.49769692932208887;0;0.5;-0.12495079093035592;0.50009843668737456;0.87499952245593602;0.26677072492156417
0;6.45;0.49500984636813194;0.071873390645864954;0;-0.071682402655533689;0.4947326828620181;0;0.5;-0.12495039696617617;0.50009921333063337;0.87500051202499223;0.26677352462632665
1;6.45;-0.49500984636813194;-0.071873390645864954;0;0.071682402655533689;-0.4947326828620181;0;0.5;-0.12495039696617617;0.50009921333063337;0.87500051202499223;0.26677352462632665
0;6.5;0.49080770767253518;0.096520291039389222;0;-0.096267287091234721;0.49053477487262748;0;0.5;-0.12495000087526874;0.50009998991303163;0.87500208281698627;0.26677748208676512
1;6.5;-0.49080770767253518;-0.096520291039389222;0;0.096267287091234721;-0.49053477487262748;0;0.5;-0.12495000087526874;0.50009998991303163;0.87500208281698627;0.26677748208676512
0;6.55;0.48538159991621072;0.12092653010352074;0;-0.12061082603995169;0.48511384560360804;0;0.5;-0.12494960268923198;0.50010076641303123;0.87500423082662167;0.26678258939965095
1;6.55;-0.48538159991621072;-0.12092653010352074;0;0.12061082603995169;-0.48511384560360804;0;0.5;-0.12494960268923198;0.50010076641303123;0.87500423082662167;0.26678258939965095
0;6.6;0.47874512624964971;0.14503126219415807;0;-0.14465201232862901;0.47848363339418931;0;0.5;-0.12494920244512886;0.5001015428092765;0.87500695057780557;0.2667888357628777
1;6.6;-0.47874512624964971;-0.14503126219415807;0;0.14465201232862901;-0.47848363339418931;0;0.5;-0.12494920244512886;0.5001015428092765;0.87500695057780557;0.2667888357628777
0;6.65;0.4709149225615552;0.16877440572264749;0;-0.1683306208322525;0.47066093773120049;0;0.5;-0.12494880018538268;0.50010231908064991;0.87501023513855095;0.26679620750365981
1;6.65;-0.4709149225615552;-0.16877440572264749;0;0.1683306208322525;-0.47066093773120049;0;0.5;-0.12494880018538268;0.50010231908064991;0.87501023513855095;0.26679620750365981
0;6.7;0.4619106144546552;0.19209679518439779;0;-0.19158736390444067;0.46166557408744663;0;0.5;-0.12494839595765743;0.50010309520632728;0.87501407613982029;0.26680468811420518
1;6.7;-0.4619106144546552;-0.19209679518439779;0;0.19158736390444067;-0.46166557408744663;0;0.5;-0.12494839595765743;0.50010309520632728;0.87501407613982029;0.26680468811420518
0;6.75;0.45175476651218133;0.21494033072533031;0;-0.21436404410316653;0.45152032068766634;0;0.5;-0.12494798981472307;0.5001038711658317;0.87501846379824732;0.26681425829475627
1;6.75;-0.45175476651218133;-0.21494033072533031;0;0.21436404410316653;-0.45152032068766634;0;0.5;-0.12494798981472307;0.5001038711658317;0.87501846379824732;0.26681425829475627
0;6.8;0.44047282400132998;0.23724812484656291;0;-0.23660370377504766;0.44025085737542857;0;0.5;-0.12494758181430617;0.50010464693908694;0.87502338694266119;0.26682489600387335
1;6.8;-0.44047282400132998;-0.23724812484656291;0;0.23660370377504766;-0.44025085737542857;0;0.5;-0.12494758181430617;0.50010464693908694;0.87502338694266119;0.26682489600387335
0;6.85;0.42809304718156199;0.25896464585703821;0;-0.25825077107394856;0.42788569677954791;0;0.5;-0.12494717201892658;0.50010542250646933;0.87502883304432474;0.26683657651581186
1;6.85;-0.42809304718156199;-0.25896464585703821;0;0.25825077107394856;-0.42788569677954791;0;0.5;-0.12494717201892658;0.50010542250646933;0.87502883304432474;0.26683657651581186
0;6.9;0.41464643840648202;0.28003585769435468;0;-0.27925120200354742;0.41445610800283122;0;0.5;-0.12494676049572094;0.50010619784885823;0.87503478825078734;0.26684927248482619
1;6.9;-0.41464643840648202;-0.28003585769435468;0;0.27925120200354742;-0.41445610800283122;0;0.5;-0.12494676049572094;0.50010619784885823;0.87503478825078734;0.26684927248482619
0;6.95;0.40016666222818803;0.30040935574579375;0;-0.29955261808893829;0.39999603307909909;0;0.5;-0.12494634731625291;0.50010697294768545;0.87504123742324034;0.26686295401621239
1;6.95;-0.40016666222818803;-0.30040935574579375;0;0.29955261808893829;-0.39999603307909909;0;0.5;-0.12494634731625291;0.50010697294768545;0.87504123742324034;0.26686295401621239
0;7;0.38468995873232259;0.32003449831439756;0;-0.31910443929917071;0.3845419964663474;0;0.5;-0.12494593255631179;0.5001077477849827;0.87504816417725352;0.266877588743883
1;7;-0.38468995873232259;-0.32003449831439756;0;0.31910443929917071;-0.3845419964663474;0;0.5;-0.12494593255631179;0.5001077477849827;0.87504816417725352;0.266877588743883
0;7.05;0.36825505035052486;0.33886253338887862;0;-0.33785801186076647;0.36813300786453501;0;0.5;-0.12494551629569985;0.50010852234342726;0.87505555092676007;0.26689314191424961
1;7.05;-0.36825505035052486;-0.33886253338887862;0;0.33785801186076647;-0.36813300786453501;0;0.5;-0.12494551629569985;0.50010852234342726;0.87505555092676007;0.26689314191424961
0;7.1;0.35090304241450998;0.35684672039106596;0;-0.35576673062158165;0.35081045866571697;0;0.5;-0.12494509861800876;0.50010929660638603;0.87506337893114828;0.26690957647617149
1;7.1;-0.35090304241450998;-0.35684672039106596;0;0.35576673062158165;-0.35081045866571697;0;0.5;-0.12494509861800876;0.50010929660638603;0.87506337893114828;0.26690957647617149
0;7.15;0.33267731773253556;0.37394244659044223;0;-0.37278615564478357;0.33261801236201632;0;0.5;-0.12494467961038678;0.50011007055795742;0.87507162834530918;0.26692685317671194
1;7.15;-0.33267731773253556;-0.37394244659044223;0;0.37278615564478357;-0.33261801236201632;0;0.5;-0.12494467961038678;0.50011007055795742;0.87507162834530918;0.26692685317671194
0;7.2;0.31362342548450356;0.3901073378920269;0;-0.38887412273406202;0.31360148925317782;0;0.5;-0.12494425936329667;0.50011084418301126;0.87508027827248167;0.26694493066242956
1;7.2;-0.31362342548450356;-0.3901073378920269;0;0.38887412273406202;-0.31360148925317782;0;0.5;-0.12494425936329667;0.50011084418301126;0.87508027827248167;0.26694493066242956
0;7.25;0.29378896474634325;0.40530136372133502;0;-0.40399084761336418;0.29380874581012656;0;0.5;-0.12494383797026583;0.50011161746722628;0.8750893068197288;0.26696376558591638
1;7.25;-0.29378896474634325;-0.40530136372133502;0;0.40399084761336418;-0.29380874581012656;0;0.5;-0.12494383797026583;0.50011161746722628;0.8750893068197288;0.26696376558591638
0;7.3;0.27322346296759303;0.41948693574830997;0;-0.41809902350730288;0.27328954906402092;0;0.5;-0.12494341552762917;0.50011239039712565;0.87509869115587249;0.26698331271728265
1;7.3;-0.27322346296759303;-0.41948693574830997;0;0.41809902350730288;-0.27328954906402092;0;0.5;-0.12494341552762917;0.50011239039712565;0.87509869115587249;0.26698331271728265
0;7.35;0.25197824973820987;0.43262900021090933;0;-0.43116391189180725;0.25209544640171871;0;0.5;-0.12494299213426565;0.5001131629601099;0.87510840757170842;0.26700352506027528
1;7.35;-0.25197824973820987;-0.43262900021090933;0;0.43116391189180725;-0.25209544640171871;0;0.5;-0.12494299213426565;0.5001131629601099;0.87510840757170842;0.26700352506027528
0;7.4;0.23010632619156482;0.44469512361833458;0;-0.4431534262084309;0.23027963115835209;0;0.5;-0.12494256789132975;0.50011393514448738;0.87511843154231744;0.26702435397270644
1;7.4;-0.23010632619156482;-0.44469512361833458;0;0.4431534262084309;-0.23027963115835209;0;0.5;-0.12494256789132975;0.50011393514448738;0.87511843154231744;0.26702435397270644
0;7.45;0.20766223040031082;0.45565557163365383;0;-0.45403820835987735;0.20789680440582708;0;0.5;-0.12494214290197799;0.50011470693950231;0.87512873779128579;0.267045749290859
1;7.45;-0.20766223040031082;-0.45565557163365383;0;0.45403820835987735;-0.20789680440582708;0;0.5;-0.12494214290197799;0.50011470693950231;0.87512873779128579;0.267045749290859
0;7.5;0.18470189913032259;0.46548338095569008;0;-0.46379169782861518;0.18500303334253462;0;0.5;-0.12494171727109224;0.50011547833536024;0.87513930035664319;0.26706765945752672
1;7.5;-0.18470189913032259;-0.46548338095569008;0;0.46379169782861518;-0.18500303334253462;0;0.5;-0.12494171727109224;0.50011547833536024;0.87513930035664319;0.26706765945752672
0;7.55;0.16128252632520582;0.47415442404045272;0;-0.47239019328481219;0.16165560669440301;0;0.5;-0.1249412911050001;0.50011624932325086;0.87515009265832482;0.26709003165333989
1;7.55;-0.16128252632520582;-0.47415442404045272;0;0.47239019328481219;-0.16165560669440301;0;0.5;-0.1249412911050001;0.50011624932325086;0.87515009265832482;0.26709003165333989
0;7.6;0.13746241869995104;0.481647466522998;0;-0.47981290657409814;0.13791288754066225;0;0.5;-0.12494086451119367;0.50011701989536816;0.8751610875669619;0.26711281193102075
1;7.6;-0.13746241869995104;-0.481647466522998;0;0.47981290657409814;-0.13791288754066225;0;0.5;-0.12494086451119367;0.50011701989536816;0.8751610875669619;0.26711281193102075
0;7.65;0.11330084882717611;0.48794421722133319;0;-0.48604200899975414;0.11383416397937091;0;0.5;-0.12494043759804708;0.50011779004492779;0.8751722574738041;0.26713594535220801
1;7.65;-0.11330084882717611;-0.48794421722133319;0;0.48604200899975414;-0.11383416397937091;0;0.5;-0.12494043759804708;0.50011779004492779;0.8751722574738041;0.26713594535220801
0;7.7;0.088857906103071357;0.49302937062475433;0;-0.4910626698377123;0.089479498047921199;0;0.5;-0.12494001047453401;0.50011855976618192;0.87518357436157663;0.26715937612648584
1;7.7;-0.088857906103071357;-0.49302937062475433;0;0.4910626698377123;-0.089479498047921199;0;0.5;-0.12494001047453401;0.50011855976618192;0.87518357436157663;0.26715937612648584
0;7.75;0.064194345982651266;0.49689064178975401;0;-0.49486308704612952;0.064909573312445484;0;0.5;-0.12493958324994601;0.50011932905443119;0.87519500987607566;0.2671830477522499
1;7.75;-0.064194345982651266;-0.49689064178975401;0;0.49486308704612952;-0.064909573312445484;0;0.5;-0.12493958324994601;0.50011932905443119;0.87519500987607566;0.2671830477522499
0;7.8;0.039371437875248536;0.49951879358728057;0;-0.49743451015417933;0.04018554153736028;0;0.5;-0.12493915603361222;0.50012009790603386;0.87520653539830625;0.26720690315904123
1;7.8;-0.039371437875248536;-0.49951879358728057;0;0.49743451015417933;-0.04018554153736028;0;0.5;-0.12493915603361222;0.50012009790603386;0.87520653539830625;0.26720690315904123
0;7.85;0.01445081209138855;0.50090765626560818;0;-0.49877125533699501;0.015368868842272196;0;0.5;-0.12493872893462122;0.50012086631841252;0.87521812211696883;0.26723088485097858
1;7.85;-0.01445081209138855;-0.50090765626560818;0;0.49877125533699501;-0.015368868842272196;0;0.5;-0.12493872893462122;0.50012086631841252;0.87521812211696883;0.26723088485097858
0;7.9;-0.01050569376871471;0.5010541393133211;0;-0.49887071270531819;-0.0094788182517895232;0;0.5;-0.12493830206154612;0.50012163429005778;0.87522974110110284;0.26725493505091976
1;7.9;0.01050569376871471;-0.5010541393133211;0;0.49887071270531819;0.0094788182517895232;0;0.5;-0.12493830206154612;0.50012163429005778;0.87522974110110284;0.26725493505091976
0;7.95;-0.035436188596760225;0.49995823562686659;0;-0.49773334585928819;-0.03429588649127744;0;0.5;-0.12493787552217318;0.50012240182052935;0.87524136337269847;0.26727899584498439
1;7.95;0.035436188596760225;-0.49995823562686659;0;0.49773334585928819;0.03429588649127744;0;0.5;-0.12493787552217318;0.50012240182052935;0.87524136337269847;0.26727899584498439
0;8;-0.060278881342762616;0.49762301800673331;0;-0.49536268377588366;-0.059020848886142105;0;0.5;-0.12493744942323496;0.50012316891045435;0.87525295997909142;0.26730300932707291
1;8;0.060278881342762616;-0.49762301800673331;0;0.49536268377588366;0.059020848886142105;0;0.5;-0.12493744942323496;0.50012316891045435;0.87525295997909142;0.26730300932707291
0;8.05;-0.08497223398492737;0.49405462802551114;0;-0.49176530511875077;-0.083592516653441917;0;0.5;-0.12493702387014834;0.50012393556152322;0.87526450206495889;0.26732691774302034
1;8.05;0.08497223398492737;-0.49405462802551114;0;0.49176530511875077;0.083592516653441917;0;0.5;-0.12493702387014834;0.50012393556152322;0.87526450206495889;0.26732691774302034
0;8.1;-0.10945511352657668;0.4892622573298393;0;-0.48695081507747212;-0.10795014973844266;0;0.5;-0.1249365989667582;0.5001247017764827;0.87527596094373988;0.26735066363402688
1;8.1;0.10945511352657668;-0.4892622573298393;0;0.48695081507747212;0.10795014973844266;0;0.5;-0.1249365989667582;0.5001247017764827;0.87527596094373988;0.26735066363402688
0;8.15;-0.13366694264950382;0.4832581214565087;0;-0.48093181486071529;-0.13203360555333216;0;0.5;-0.12493617481508742;0.50012546755912633;0.87528730816830732;0.26737418997901373
1;8.15;0.13366694264950382;-0.4832581214565087;0;0.48093181486071529;0.13203360555333216;0;0.5;-0.12493617481508742;0.50012546755912633;0.87528730816830732;0.26737418997901373
0;8.2;-0.15754784865977903;0.47605742626071207;0;-0.47372386398412258;-0.15578348558463084;0;0.5;-0.12493575151509353;0.50012623291428264;0.87529851560072454;0.2673974403355578
1;8.2;0.15754784865977903;-0.47605742626071207;0;0.47372386398412258;0.15578348558463084;0;0.5;-0.12493575151509353;0.50012623291428264;0.87529851560072454;0.2673974403355578
0;8.25;-0.18103881036947159;0.46767832707159762;0;-0.46534543550924484;-0.17914127953196882;0;0.5;-0.12493532916443235;0.5001269978478005;0.87530955548092438;0.26742035897906581
1;8.25;0.18103881036947159;-0.46767832707159762;0;0.46534543550924484;0.17914127953196882;0;0.5;-0.12493532916443235;0.5001269978478005;0.87530955548092438;0.26742035897906581
0;8.3;-0.20408180256594222;0.45814188070685236;0;-0.45581786440427385;-0.20204950665303684;0;0.5;-0.12493490785822979;0.50012776236653225;0.87532040049415453;0.26744289103985618
1;8.3;0.20408180256594222;-0.45814188070685236;0;0.45581786440427385;0.20204950665303684;0;0.5;-0.12493490785822979;0.50012776236653225;0.87532040049415453;0.26744289103985618
0;8.35;-0.22661993772924646;0.447471990493989;0;-0.44516528921078924;-0.22445185400211479;0;0.5;-0.12493448768886125;0.50012852647831464;0.87533102383703862;0.26746498263782499
1;8.35;0.22661993772924646;-0.447471990493989;0;0.44516528921078924;0.22445185400211479;0;0.5;-0.12493448768886125;0.50012852647831464;0.87533102383703862;0.26746498263782499
0;8.4;-0.24859760466772549;0.43569534446132047;0;-0.43341458721320891;-0.24629331126255413;0;0.5;-0.12493406874573969;0.50012929019194714;0.87534139928210905;0.26748658101438108
1;8.4;0.24859760466772549;-0.43569534446132047;0;0.43341458721320891;0.24629331126255413;0;0.5;-0.12493406874573969;0.50012929019194714;0.87534139928210905;0.26748658101438108
0;8.45;-0.2699606037519941;0.42284134687625752;0;-0.42059530331913636;-0.26752030188685999;0;0.5;-0.12493365111511257;0.50013005351716826;0.87535150124067329;0.26750763466134481
1;8.45;0.2699606037519941;-0.42284134687625752;0;0.42059530331913636;0.26752030188685999;0;0.5;-0.12493365111511257;0.50013005351716826;0.87535150124067329;0.26750763466134481
0;8.5;-0.29065627843822212;0.40894204332254797;0;-0.40673957286934681;-0.28808081027150717;0;0.5;-0.12493323487986784;0.50013081646462981;0.8753613048238819;0.26752809344651496
1;8.5;0.29065627843822212;-0.40894204332254797;0;0.40673957286934681;0.28808081027150717;0;0.5;-0.12493323487986784;0.50013081646462981;0.8753613048238819;0.26752809344651496
0;8.55;-0.31063364278279354;0.39403203952137839;0;-0.39188203860577708;-0.3079245047072629;0;0.5;-0.12493282011934923;0.50013157904586884;0.87537078590187324;0.26754790873561852
1;8.55;0.31063364278279354;-0.39403203952137839;0;0.39188203860577708;0.3079245047072629;0;0.5;-0.12493282011934923;0.50013157904586884;0.87537078590187324;0.26754790873561852
0;8.6;-0.32984350466207601;0.37814841411387834;0;-0.37605976203461078;-0.32700285585950983;0;0.5;-0.1249324069091813;0.50013234127327789;0.87537992116087566;0.26756703351036893
1;8.6;0.32984350466207601;-0.37814841411387834;0;0.37605976203461078;0.32700285585950983;0;0.5;-0.1249324069091813;0.50013234127327789;0.87537992116087566;0.26756703351036893
0;8.65;-0.34823858442309474;0.36133062563449764;0;-0.35931212942941648;-0.34526925054680419;0;0.5;-0.12493199532110434;0.50013310316007314;0.87538868815815514;0.26758542248236949
1;8.65;0.34823858442309474;-0.36133062563449764;0;0.35931212942941648;0.34526925054680419;0;0.5;-0.12493199532110434;0.50013310316007314;0.87538868815815514;0.26758542248236949
0;8.7;-0.3657736287033389;0.3436204139159722;0;-0.3416807527263418;-0.36267910059961361;0;0.5;-0.12493158542281926;0.50013386472026097;0.87539706537470217;0.26760303220261043
1;8.7;0.3657736287033389;-0.3436204139159722;0;0.3416807527263418;0.36267910059961361;0;0.5;-0.12493158542281926;0.50013386472026097;0.87539706537470217;0.26760303220261043
0;8.75;-0.38240551917069493;0.32506169617715402;0;-0.32320936556963337;-0.37918994659480482;0;0.5;-0.12493117727784255;0.50013462596860258;0.87540503226555871;0.26761982116631972
1;8.75;0.38240551917069493;-0.32506169617715402;0;0.32320936556963337;0.37918994659480482;0;0.5;-0.12493117727784255;0.50013462596860258;0.87540503226555871;0.26761982116631972
0;8.8;-0.39809337594756189;0.30570045805486229;0;-0.30394371477128973;-0.39476155627495146;0;0.5;-0.12493077094537195;0.50013538692057709;0.87541256930769172;0.26763574991293989
1;8.8;0.39809337594756189;-0.30570045805486229;0;0.30394371477128973;0.39476155627495146;0;0.5;-0.12493077094537195;0.50013538692057709;0.87541256930769172;0.26763574991293989
0;8.85;-0.41279865549652395;0.28558463985012339;0;-0.28393144745350546;-0.40935601747487038;0;0.5;-0.12493036648016197;0.50013614759234329;0.87541965804532664;0.26765078112101567
1;8.85;0.41279865549652395;-0.28558463985012339;0;0.28393144745350546;0.40935601747487038;0;0.5;-0.12493036648016197;0.50013614759234329;0.87541965804532664;0.26765078112101567
0;8.9;-0.42648524275850047;0.26476401826771589;0;-0.26322199414678221;-0.42293782539093816;0;0.5;-0.12492996393241049;0.5001369080006996;0.87542628113266014;0.26766487969778971
1;8.9;0.42648524275850047;-0.26476401826771589;0;0.26322199414678221;0.42293782539093816;0;0.5;-0.12492996393241049;0.5001369080006996;0.87542628113266014;0.26766487969778971
0;8.95;-0.43911953734803666;0.24329008393583149;0;-0.24186644812021518;-0.43547396404166833;0;0.5;-0.12492956334765555;0.50013766816304306;0.87543242237387737;0.26767801286331634
1;8.95;0.43911953734803666;-0.24329008393583149;0;0.24186644812021518;0.43547396404166833;0;0.5;-0.12492956334765555;0.50013766816304306;0.87543242237387737;0.26767801286331634
0;9;-0.4506705336243057;0.22121591499991944;0;-0.21991744122356177;-0.44693398178071858;0;0.5;-0.12492916476668296;0.50013842809732677;0.87543806676040533;0.26769015022891639
1;9;0.4506705336243057;-0.22121591499991944;0;0.21991744122356177;0.44693398178071858;0;0.5;-0.12492916476668296;0.50013842809732677;0.87543806676040533;0.26769015022891639
0;9.05;-0.46110989447044565;0.19859604709140838;0;-0.19742901652331191;-0.45729006073594247;0;0.5;-0.12492876822544446;0.50013918782201642;0.87544320050533922;0.26770126386980909
1;9.05;0.46110989447044565;-0.19859604709140838;0;0.19742901652331191;0.45729006073594247;0;0.5;-0.12492876822544446;0.50013918782201642;0.87544320050533922;0.26770126386980909
0;9.1;-0.47041201862802406;0.17548633997801041;0;-0.17445649801715574;-0.46651708006028697;0;0.5;-0.12492837375498667;0.5001399473560456;0.87544781107498511;0.26771132839177011
1;9.1;0.47041201862802406;-0.17548633997801041;0;0.17445649801715574;0.46651708006028697;0;0.5;-0.12492837375498667;0.5001399473560456;0.87544781107498511;0.26771132839177011
0;9.15;-0.47855410144769261;0.15194384120772089;0;-0.15105635771303094;-0.47459267289227142;0;0.5;-0.12492798138139066;0.50014070671877022;0.87545188721746698;0.2677203209916782
1;9.15;0.47855410144769261;-0.15194384120772089;0;0.15105635771303094;0.47459267289227142;0;0.5;-0.12492798138139066;0.50014070671877022;0.87545188721746698;0.2677203209916782
0;9.2;-0.48551618893144322;0.12802664706344494;0;-0.12728608036037228;-0.48149727693546451;0;0.5;-0.12492759112572213;0.50014146592992219;0.87545541898835252;0.26772822151182627
1;9.2;0.48551618893144322;-0.12802664706344494;0;0.12728608036037228;0.48149727693546451;0;0.5;-0.12492759112572213;0.50014146592992219;0.87545541898835252;0.26772822151182627
0;9.25;-0.49128122495628934;0.10379376114942165;0;-0.10320402612232354;-0.48721417857781635;0;0.5;-0.12492720300399233;0.50014222500956209;0.87545839777325678;0.26773501248788567
1;9.25;0.49128122495628934;-0.10379376114942165;0;0.10320402612232354;0.48721417857781635;0;0.5;-0.12492720300399233;0.50014222500956209;0.87545839777325678;0.26773501248788567
0;9.3;-0.49583509158366007;0.07930495093429113;0;-0.078869291478543768;-0.49172955048291367;0;0.5;-0.12492681702712962;0.50014298397803143;0.87546081630738815;0.26774067919042646
1;9.3;0.49583509158366007;-0.07930495093429113;0;0.078869291478543768;0.49172955048291367;0;0.5;-0.12492681702712962;0.50014298397803143;0.87546081630738815;0.26774067919042646
0;9.35;-0.49916664237329389;0.054620602578768003;0;-0.054341568648882094;-0.49503248259622706;0;0.5;-0.12492643320096143;0.50014374285590427;0.87546266869200669;0.26774520965990955
1;9.35;0.49916664237329389;-0.054620602578768003;0;0.054341568648882094;0.49503248259622706;0;0.5;-0.12492643320096143;0.50014374285590427;0.87546266869200669;0.26774520965990955
0;9.4;-0.5012677286349464;0.029801574378459334;0;-0.029681003828639384;-0.49711500652023061;0;0.5;-0.12492605152620708;0.50014450166393819;0.87546395040776921;0.26774859473507996
1;9.4;0.5012677286349464;-0.029801574378459334;0;0.029681003828639384;0.49711500652023061;0;0.5;-0.12492605152620708;0.50014450166393819;0.87546395040776921;0.26774859473507996
0;9.45;-0.50213321856577131;0.0049090491544023247;0;-0.0049480545264066408;-0.49797211322292068;0;0.5;-0.12492567199848086;0.50014526042302528;0.87546465832494092;0.26775082807470453
1;9.45;0.50213321856577131;-0.0049090491544023247;0;0.0049480545264066408;0.49797211322292068;0;0.5;-0.12492567199848086;0.50014526042302528;0.87546465832494092;0.26775082807470453
0;9.5;-0.50176100923578715;-0.019995614074593427;0;0.019796653704406305;-0.49760176405477036;0;0.5;-0.12492529460830554;0.50014601915414257;0.87546479071045819;0.26775190617261
1;9.5;0.50176100923578715;0.019995614074593427;0;-0.019796653704406305;0.49760176405477036;0;0.5;-0.12492529460830554;0.50014601915414257;0.87546479071045819;0.26775190617261
0;9.55;-0.50015203139840037;-0.044851028802727511;0;0.044492470849246596;-0.49600489505955553;0;0.5;-0.12492491934113654;0.50014677787830234;0.87546434723183197;0.26775182836599187
1;9.55;0.50015203139840037;0.044851028802727511;0;-0.044492470849246596;0.49600489505955553;0;0.5;-0.12492491934113654;0.50014677787830234;0.87546434723183197;0.26775182836599187
0;9.6;-0.49731024711750821;-0.069595929795573316;0;0.069078866040319459;-0.49318541457481357;0;0.5;-0.12492454617739612;0.50014753661650232;0.87546332895788588;0.26775059683697726
1;9.6;0.49731024711750821;0.069595929795573316;0;-0.069078866040319459;0.49318541457481357;0;0.5;-0.12492454617739612;0.50014753661650232;0.87546332895788588;0.26775059683697726
0;9.65;-0.49324264021724962;-0.094169321560530442;0;0.093495570897971794;-0.48915019412797306;0;0.5;-0.12492417509251804;0.5001482953896762;0.87546173835632804;0.26774821660743913
1;9.65;0.49324264021724962;0.094169321560530442;0;-0.093495570897971794;0.48915019412797306;0;0.5;-0.12492417509251804;0.5001482953896762;0.87546173835632804;0.26774821660743913
0;9.7;-0.48795919957500133;-0.11851062619442809;0;0.11768272231515908;-0.4839090526444591;0;0.5;-0.12492380605700224;0.50014905421864389;0.87545957928816051;0.26774469552707185
1;9.7;0.48795919957500133;0.11851062619442809;0;-0.11768272231515908;0.4839090526444591;0;0.5;-0.12492380605700224;0.50014905421864389;0.87545957928816051;0.26774469552707185
0;9.75;-0.48147289529272785;-0.14255983027441499;0;0.14158100439504939;-0.47747473399436441;0;0.5;-0.12492343903647988;0.50014981312406229;0.87545685699893471;0.26774004425475281
1;9.75;0.48147289529272785;0.14255983027441499;0;-0.14158100439504939;0.47747473399436441;0;0.5;-0.12492343903647988;0.50014981312406229;0.87545685699893471;0.26774004425475281
0;9.8;-0.47379964779627742;-0.16625763045985845;0;0.165131789252388;-0.4698628779146139;0;0.5;-0.12492307399178815;0.50015057212637622;0.87545357810686637;0.26773427623322736
1;9.8;0.47379964779627742;0.16625763045985845;0;-0.165131789252388;0.4698628779146139;0;0.5;-0.12492307399178815;0.50015057212637622;0.87545357810686637;0.26773427623322736
0;9.85;-0.46495828992666938;-0.18954557747508086;0;0.18827727638994451;-0.46109198435397225;0;0.5;-0.12492271087905514;0.50015133124576994;0.87544975058782809;0.26772740765716813
1;9.85;0.46495828992666938;0.18954557747508086;0;-0.18827727638994451;0.46109198435397225;0;0.5;-0.12492271087905514;0.50015133124576994;0.87544975058782809;0.26772740765716813
0;9.9;-0.45497052210183381;-0.21236621814539178;0;0.21096063036220902;-0.451183371298775;0;0.5;-0.12492234964979476;0.50015209050211889;0.8754453837572429;0.26771945743467361
1;9.9;0.45497052210183381;0.21236621814539178;0;-0.21096063036220902;0.451183371298775;0;0.5;-0.12492234964979476;0.50015209050211889;0.8754453837572429;0.26771945743467361
0;9.95;-0.44386086064163216;-0.23466323516203214;0;0.23312611643951514;-0.44016112614793856;0;0.5;-0.12492199025101106;0.50015284991494252;0.87544048824890648;0.26771044714228388
1;9.95;0.44386086064163216;0.23466323516203214;0;-0.23312611643951514;0.44016112614793856;0;0.5;-0.12492199025101106;0.50015284991494252;0.87544048824890648;0.26771044714228388
0;10;-0.43165657936330154;-0.25638158425534457;0;0.2547192339869741;-0.4280520507166381;0;0.5;-0.12492163262531253;0.5001536095033574;0.87543507599077189;0.2677004009736051
1;10;0.43165657936330154;0.25638158425534457;0;-0.2547192339869741;0.4280520507166381;0;0.5;-0.12492163262531253;0.5001536095033574;0.87543507599077189;0.2677004009736051
