# column style format: id;time;x;y;z;vx;vy;vz;mass;totalEnergy;totalSpecificAngularMomentum;rungeLenzVector;semiMajorAxis
# this file will be overwritten without any precaution
# used integrator was velocity_verlet
0;0;0.499975;0.0050000000000000001;0;-0.0049998749906254684;0.49997500000009376;0;0.5;-0.12499999999999217;0.50000000000000001;0.87500000015625055;0.26666666697777889
1;0;-0.499975;-0.0050000000000000001;0;0.0049998749906254684;-0.49997500000009376;0;0.5;-0.12499999999999217;0.50000000000000001;0.87500000015625055;0.26666666697777889
0;0.01;0.49990000250018751;0.0099995000000018749;0;-0.0099992499562603122;0.49990000250093747;0;0.5;-0.12499999999996874;0.50000000000000006;0.87500000062498658;0.26666666791108445
1;0.01;-0.49990000250018751;-0.0099995000000018749;0;0.0099992499562603122;-0.49990000250093747;0;0.5;-0.12499999999996874;0.50000000000000006;0.87500000062498658;0.26666666791108445
0;0.02;0.49977501500087479;0.014998000050018749;0;-0.014997624921942652;0.49977501500396804;0;0.5;-0.12499999999992968;0.50000000000000001;0.87500000140616124;0.26666666946648997
1;0.02;-0.49977501500087479;-0.014998000050018749;0;0.014997624921942652;-0.49977501500396804;0;0.5;-0.12499999999992968;0.50000000000000001;0.87500000140616124;0.26666666946648997
0;0.03;0.49960005000174862;0.019995000300081237;0;-0.019994500012763088;0.49960005001074603;0;0.5;-0.12499999999987501;0.5;0.87500000249969634;0.26666667164383993
1;0.03;-0.49960005000174862;-0.019995000300081237;0;0.019994500012763088;-0.49960005001074603;0;0.5;-0.12499999999987501;0.5;0.87500000249969634;0.26666667164383993
0;0.04;0.49937512500061954;0.024990001050233669;0;-0.024989375503878402;0.49937512502170395;0;0.5;-0.12499999999980468;0.50000000000000004;0.8750000039054825;0.26666667444291656
1;0.04;-0.49937512500061954;-0.024990001050233669;0;0.024989375503878402;-0.49937512502170395;0;0.5;-0.12499999999980468;0.50000000000000004;0.8750000039054825;0.26666667444291656
0;0.05;0.49910026249167105;0.029982502800515315;0;-0.029981751870510217;0.49910026253439421;0;0.5;-0.12499999999971881;0.50000000000000003;0.87500000562337914;0.26666667786343989
1;0.05;-0.49910026249167105;-0.029982502800515315;0;0.029981751870510217;-0.49910026253439421;0;0.5;-0.12499999999971881;0.50000000000000003;0.87500000562337914;0.26666667786343989
0;0.06;0.49877548996320931;0.034972006300921551;0;-0.034971129837923609;0.498775490041237;0;0.5;-0.12499999999961728;0.50000000000000004;0.87500000765321438;0.26666668190506783
1;0.06;-0.49877548996320931;-0.034972006300921551;0;0.034971129837923609;-0.498775490041237;0;0.5;-0.12499999999961728;0.50000000000000004;0.87500000765321438;0.26666668190506783
0;0.07;0.49840083989491257;0.039958012601340055;0;-0.039957010431380648;0.49840084002676782;0;0.5;-0.12499999999950018;0.50000000000000005;0.8750000099947852;0.26666668656739618
1;0.07;-0.49840083989491257;-0.039958012601340055;0;0.039957010431380648;-0.49840084002676782;0;0.5;-0.12499999999950018;0.50000000000000005;0.8750000099947852;0.26666668656739618
0;0.08;0.49797634975458172;0.044940023101456908;0;-0.044938895026063887;0.49797634996438545;0;0.5;-0.12499999999936751;0.5000000000000001;0.87500001264785736;0.26666669184995865
1;0.08;-0.49797634975458172;-0.044940023101456908;0;0.044938895026063887;-0.49797634996438545;0;0.5;-0.12499999999936751;0.5000000000000001;0.87500001264785736;0.26666669184995865
0;0.09;0.49750206199439134;0.04991753960062776;0;-0.04991628539696475;0.49750206231260036;0;0.5;-0.12499999999921927;0.50000000000000015;0.87500001561216549;0.26666669775222689
1;0.09;-0.49750206199439134;-0.04991753960062776;0;0.04991628539696475;-0.49750206231260036;0;0.5;-0.12499999999921927;0.50000000000000015;0.87500001561216549;0.26666669775222689
0;0.1;0.49697802404664243;0.054890064347708913;0;-0.054888683768731877;0.49697802451078416;0;0.5;-0.12499999999905547;0.50000000000000016;0.87500001888741308;0.26666670427361058
1;0.1;-0.49697802404664243;-0.054890064347708913;0;0.054888683768731877;-0.49697802451078416;0;0.5;-0.12499999999905547;0.50000000000000016;0.87500001888741308;0.26666670427361058
0;0.11;0.49640428831901667;0.05985710009084344;0;-0.059855592865474379;0.49640428897442029;0;0.5;-0.12499999999887619;0.50000000000000015;0.87500002247327251;0.26666671141345752
1;0.11;-0.49640428831901667;-0.05985710009084344;0;0.059855592865474379;-0.49640428897442029;0;0.5;-0.12499999999887619;0.50000000000000015;0.87500002247327251;0.26666671141345752
0;0.12;0.4957809121893329;0.064818150127197313;0;-0.064816515960515034;0.49578091308985667;0;0.5;-0.12499999999868139;0.50000000000000012;0.87500002636938511;0.26666671917105361
1;0.12;-0.4957809121893329;-0.064818150127197313;0;0.064816515960515034;-0.49578091308985667;0;0.5;-0.12499999999868139;0.50000000000000012;0.87500002636938511;0.26666671917105361
0;0.13;0.49510795799980634;0.069772718352640567;0;-0.069770956926088451;0.49510795920856066;0;0.5;-0.12499999999847105;0.50000000000000013;0.87500003057536111;0.26666672754562301
1;0.13;-0.49510795799980634;-0.069772718352640567;0;0.069770956926088451;-0.49510795920856066;0;0.5;-0.12499999999847105;0.50000000000000013;0.87500003057536111;0.26666672754562301
0;0.14;0.49438549305081114;0.074720309311368527;0;-0.074718420282979162;0.49438549464087683;0;0.5;-0.12499999999824525;0.50000000000000015;0.87500003509077983;0.26666673653632816
1;0.14;-0.49438549305081114;-0.074720309311368527;0;0.074718420282979162;-0.49438549464087683;0;0.5;-0.12499999999824525;0.50000000000000015;0.87500003509077983;0.26666673653632816
0;0.15;0.49361358959414675;0.079660428245458104;0;-0.079658411250094763;0.49361359164928864;0;0.5;-0.12499999999800402;0.50000000000000015;0.87500003991518959;0.26666674614226982
1;0.15;-0.49361358959414675;-0.079660428245458104;0;0.079658411250094763;-0.49361359164928864;0;0.5;-0.12499999999800402;0.50000000000000015;0.87500003991518959;0.26666674614226982
0;0.16;0.4927923248258092;0.084592581144354292;0;-0.084590435793969077;0.49279232744118395;0;0.5;-0.12499999999774735;0.50000000000000015;0.87500004504810782;0.26666675636248731
1;0.16;-0.4927923248258092;-0.084592581144354292;0;0.084590435793969077;-0.49279232744118395;0;0.5;-0.12499999999774735;0.50000000000000015;0.87500004504810782;0.26666675636248731
0;0.17;0.49192178087826738;0.089516274794281786;0;-0.089514000678190306;0.49192178416112581;0;0.5;-0.1249999999974753;0.50000000000000016;0.87500005048902107;0.26666676719595848
1;0.17;-0.49192178087826738;-0.089516274794281786;0;0.089514000678190306;-0.49192178416112581;0;0.5;-0.1249999999974753;0.50000000000000016;0.87500005048902107;0.26666676719595848
0;0.18;0.49100204481224541;0.094431016827576819;0;-0.094428613512749407;0.49100204888262894;0;0.5;-0.12499999999718787;0.50000000000000014;0.87500005623738512;0.2666667786415998
1;0.18;-0.49100204481224541;-0.094431016827576819;0;0.094428613512749407;-0.49100204888262894;0;0.5;-0.12499999999718787;0.50000000000000014;0.87500005623738512;0.2666667786415998
0;0.19;0.49003320860801236;0.099336315771934372;0;-0.099333782803303572;0.49003321359944263;0;0.5;-0.12499999999688508;0.50000000000000012;0.87500006229262495;0.26666679069826658
1;0.19;-0.49003320860801236;-0.099336315771934372;0;0.099333782803303572;-0.49003321359944263;0;0.5;-0.12499999999688508;0.50000000000000012;0.87500006229262495;0.26666679069826658
0;0.2;0.48901536915617932;0.10423168109956568;0;-0.10422901800034991;0.48901537521634131;0;0.5;-0.12499999999656699;0.50000000000000011;0.87500006865413488;0.266666803364753
1;0.2;-0.48901536915617932;-0.10423168109956568;0;0.10422901800034991;-0.48901537521634131;0;0.5;-0.12499999999656699;0.50000000000000011;0.87500006865413488;0.266666803364753
0;0.21;0.48794862824800539;0.1091166232762612;0;-0.10911382954830449;0.48794863553942336;0;0.5;-0.12499999999623361;0.50000000000000016;0.87500007532127854;0.26666681663979224
1;0.21;-0.48794862824800539;-0.1091166232762612;0;0.10911382954830449;-0.48794863553942336;0;0.5;-0.12499999999623361;0.50000000000000016;0.87500007532127854;0.26666681663979224
0;0.22;0.48683309256521323;0.11399065381035414;0;-0.11398772893448175;0.48683310126591922;0;0.5;-0.12499999999588498;0.50000000000000015;0.87500008229338908;0.26666683052205659
1;0.22;-0.48683309256521323;-0.11399065381035414;0;0.11398772893448175;-0.48683310126591922;0;0.5;-0.12499999999588498;0.50000000000000015;0.87500008229338908;0.26666683052205659
0;0.23;0.48566887366931571;0.11885328530157958;0;-0.11885022873796934;0.48566888397351005;0;0.5;-0.12499999999552114;0.50000000000000013;0.8750000895697691;0.26666684501015768
1;0.23;-0.48566887366931571;-0.11885328530157958;0;0.11885022873796934;-0.48566888397351005;0;0.5;-0.12499999999552114;0.50000000000000013;0.8750000895697691;0.26666684501015768
0;0.24;0.48445608799045381;0.12370403148982434;0;-0.12370084267839358;0.48445610010915779;0;0.5;-0.12499999999514214;0.50000000000000011;0.87500009714969073;0.26666686010264649
1;0.24;-0.48445608799045381;-0.12370403148982434;0;0.12370084267839358;-0.48445610010915779;0;0.5;-0.12499999999514214;0.50000000000000011;0.87500009714969073;0.26666686010264649
0;0.25;0.48319485681574781;0.12854240730376273;0;-0.12853908566457062;0.48319487097744768;0;0.5;-0.12499999999474795;0.50000000000000011;0.87500010503239577;0.26666687579801358
1;0.25;-0.48319485681574781;-0.12854240730376273;0;0.12853908566457062;-0.48319487097744768;0;0.5;-0.12499999999474795;0.50000000000000011;0.87500010503239577;0.26666687579801358
0;0.26;0.48188530627716236;0.1333679289093733;0;-0.13336447384303837;0.48188532272844453;0;0.5;-0.12499999999433871;0.50000000000000008;0.87500011321709575;0.26666689209468922
1;0.26;-0.48188530627716236;-0.1333679289093733;0;0.13336447384303837;-0.48188532272844453;0;0.5;-0.12499999999433871;0.50000000000000008;0.87500011321709575;0.26666689209468922
0;0.27;0.48052756733888702;0.13818011375833164;0;-0.13817652464646438;0.48052758634506421;0;0.5;-0.12499999999391439;0.5000000000000001;0.87500012170297195;0.26666690899104353
1;0.27;-0.48052756733888702;-0.13818011375833164;0;0.13817652464646438;-0.48052758634506421;0;0.5;-0.12499999999391439;0.5000000000000001;0.87500012170297195;0.26666690899104353
0;0.28;0.47912177578423309;0.14297848063627458;0;-0.14297475684192482;0.47912179762996093;0;0.5;-0.12499999999347503;0.50000000000000012;0.87500013048917557;0.26666692648538666
1;0.28;-0.47912177578423309;-0.14297848063627458;0;0.14297475684192482;-0.47912179762996093;0;0.5;-0.12499999999347503;0.50000000000000012;0.87500013048917557;0.26666692648538666
0;0.29;0.47766807220204854;0.14776254971093084;0;-0.14775869057904983;0.47766809719193254;0;0.5;-0.12499999999302071;0.50000000000000014;0.87500013957482773;0.26666694457596894
1;0.29;-0.47766807220204854;-0.14776254971093084;0;0.14775869057904983;-0.47766809719193254;0;0.5;-0.12499999999302071;0.50000000000000014;0.87500013957482773;0.26666694457596894
0;0.3;0.47616660197265209;0.15253184258011321;0;-0.15252784743803013;0.47616663043184432;0;0.5;-0.12499999999255146;0.50000000000000015;0.87500014895901964;0.26666696326098107
1;0.3;-0.47616660197265209;-0.15253184258011321;0;0.15252784743803013;-0.47616663043184432;0;0.5;-0.12499999999255146;0.50000000000000015;0.87500014895901964;0.26666696326098107
0;0.31;0.47461751525328794;0.15728588231956772;0;-0.15728175047748033;0.47461754752807339;0;0.5;-0.12499999999206735;0.50000000000000014;0.87500015864081264;0.26666698253855433
1;0.31;-0.47461751525328794;-0.15728588231956772;0;0.15728175047748033;-0.47461754752807339;0;0.5;-0.12499999999206735;0.50000000000000014;0.87500015864081264;0.26666698253855433
0;0.32;0.47302096696310247;0.16202419353067468;0;-0.16201992428215414;0.47302100342147491;0;0.5;-0.12499999999156841;0.50000000000000013;0.87500016861923825;0.26666700240676069
1;0.32;-0.47302096696310247;-0.16202419353067468;0;0.16201992428215414;-0.47302100342147491;0;0.5;-0.12499999999156841;0.50000000000000013;0.87500016861923825;0.26666700240676069
0;0.33;0.47137711676764482;0.1667463023879972;0;-0.16674189501050657;0.47137715779987127;0;0.5;-0.12499999999105467;0.50000000000000014;0.87500017889329837;0.26666702286361311
1;0.33;-0.47137711676764482;-0.1667463023879972;0;0.16674189501050657;-0.47137715779987127;0;0.5;-0.12499999999105467;0.50000000000000014;0.87500017889329837;0.26666702286361311
0;0.34;0.46968612906289231;0.1714517366866721;0;-0.1714471904420983;0.46968617508206645;0;0.5;-0.12499999999052621;0.50000000000000012;0.87500018946196534;0.26666704390706563
1;0.34;-0.46968612906289231;-0.1714517366866721;0;0.1714471904420983;-0.46968617508206645;0;0.5;-0.12499999999052621;0.50000000000000012;0.87500018946196534;0.26666704390706563
0;0.35;0.46794817295880287;0.17614002588963854;0;-0.1761353400248378;0.46794822440138684;0;0.5;-0.12499999998998305;0.50000000000000016;0.87500020032418198;0.26666706553501367
1;0.35;-0.46794817295880287;-0.17614002588963854;0;0.1761353400248378;-0.46794822440138684;0;0.5;-0.12499999998998305;0.50000000000000016;0.87500020032418198;0.26666706553501367
0;0.36;0.4661634222623956;0.18081070117469983;0;-0.18080587492205616;0.46616347958874987;0;0.5;-0.12499999998942525;0.50000000000000018;0.87500021147886179;0.26666708774529413
1;0.36;-0.4661634222623956;-0.18081070117469983;0;0.18080587492205616;-0.46616347958874987;0;0.5;-0.12499999998942525;0.50000000000000018;0.87500021147886179;0.26666708774529413
0;0.37;0.46433205546036177;0.18546329548141352;0;-0.18545832805940987;0.4643321191552629;0;0.5;-0.12499999998885292;0.5000000000000002;0.87500022292488902;0.26666711053568571
1;0.37;-0.46433205546036177;-0.18546329548141352;0;0.18545832805940987;-0.4643321191552629;0;0.5;-0.12499999998885292;0.5000000000000002;0.87500022292488902;0.26666711053568571
0;0.38;0.46245425570120741;0.19009734355780508;0;-0.19009223417160725;0.46245432627435323;0;0.5;-0.12499999998826607;0.50000000000000022;0.87500023466111874;0.26666713390390909
1;0.38;-0.46245425570120741;-0.19009734355780508;0;0.19009223417160725;-0.46245432627435323;0;0.5;-0.12499999998826607;0.50000000000000022;0.87500023466111874;0.26666713390390909
0;0.39;0.46053021077692963;0.19471238200690058;0;-0.19470712984895336;0.46053028876343177;0;0.5;-0.12499999998766477;0.5000000000000002;0.87500024668637706;0.26666715784762717
1;0.39;-0.46053021077692963;-0.19471238200690058;0;0.19470712984895336;-0.46053028876343177;0;0.5;-0.12499999998766477;0.5000000000000002;0.87500024668637706;0.26666715784762717
0;0.4;0.45856011310422834;0.19930794933307372;0;-0.19930255358370896;0.45856019906509193;0;0.5;-0.12499999998704909;0.50000000000000019;0.87500025899946111;0.26666718236444527
1;0.4;-0.45856011310422834;-0.19930794933307372;0;0.19930255358370896;-0.45856019906509193;0;0.5;-0.12499999998704909;0.50000000000000019;0.87500025899946111;0.26666718236444527
0;0.41;0.45654415970525541;0.20388358598820241;0;-0.2038780458162591;0.45654425422784534;0;0.5;-0.12499999998641908;0.50000000000000017;0.87500027159913926;0.2666672074519114
1;0.41;-0.45654415970525541;-0.20388358598820241;0;0.2038780458162591;-0.45654425422784534;0;0.5;-0.12499999998641908;0.50000000000000017;0.87500027159913926;0.2666672074519114
0;0.42;0.45448255218790312;0.20843883441763061;0;-0.20843314898108617;0.45448265588639675;0;0.5;-0.12499999998577481;0.50000000000000016;0.87500028448415121;0.26666723310751654
1;0.42;-0.45448255218790312;-0.20843883441763061;0;0.20843314898108617;-0.45448265588639675;0;0.5;-0.12499999998577481;0.50000000000000016;0.87500028448415121;0.26666723310751654
0;0.43;0.45237549672563371;0.21297323910593036;0;-0.21296740755254337;0.45237561024146006;0;0.5;-0.12499999998511629;0.5000000000000002;0.87500029765320813;0.26666725932869482
1;0.43;-0.45237549672563371;-0.21297323910593036;0;0.21296740755254337;-0.45237561024146006;0;0.5;-0.12499999998511629;0.5000000000000002;0.87500029765320813;0.26666725932869482
0;0.44;0.45022320403685229;0.21748634662245983;0;-0.21748036809042356;0.45022332803911708;0;0.5;-0.12499999998444365;0.5000000000000002;0.87500031110499279;0.26666728611282379
1;0.44;-0.45022320403685229;-0.21748634662245983;0;0.21748036809042356;-0.45022332803911708;0;0.5;-0.12499999998444365;0.5000000000000002;0.87500031110499279;0.26666728611282379
0;0.45;0.44802588936382526;0.22197770566671271;0;-0.2219715792853193;0.44802602454972179;0;0.5;-0.12499999998375695;0.50000000000000021;0.87500032483815966;0.26666731345722472
1;0.45;-0.44802588936382526;-0.22197770566671271;0;0.2219715792853193;-0.44802602454972179;0;0.5;-0.12499999998375695;0.50000000000000021;0.87500032483815966;0.26666731345722472
0;0.46;0.44578377245114592;0.22644686711345427;0;-0.2264405920037692;0.44578391954635144;0;0.5;-0.12499999998305626;0.50000000000000022;0.87500033885133507;0.26666734135916284
1;0.46;-0.44578377245114592;-0.22644686711345427;0;0.2264405920037692;-0.44578391954635144;0;0.5;-0.12499999998305626;0.50000000000000022;0.87500033885133507;0.26666734135916284
0;0.47;0.44349707752374989;0.23089338405763973;0;-0.23088695933318643;0.44349723728280721;0;0.5;-0.12499999998234162;0.50000000000000022;0.87500035314311735;0.26666736981584763
1;0.47;-0.44349707752374989;-0.23089338405763973;0;0.23088695933318643;-0.44349723728280721;0;0.5;-0.12499999998234162;0.50000000000000022;0.87500035314311735;0.26666736981584763
0;0.48;0.44116603326448223;0.23531681185911041;0;-0.23531023662656445;0.44116620647116656;0;0.5;-0.12499999998161313;0.50000000000000023;0.87500036771207697;0.2666673988244331
1;0.48;-0.44116603326448223;-0.23531681185911041;0;0.23531023662656445;-0.44116620647116656;0;0.5;-0.12499999998161313;0.50000000000000023;0.87500036771207697;0.2666673988244331
0;0.49;0.43879087279121864;0.23971670818706306;0;-0.23970998154695586;0.43879106025888925;0;0.5;-0.12499999998087085;0.50000000000000024;0.87500038255675666;0.26666742838201804
1;0.49;-0.43879087279121864;-0.23971670818706306;0;0.23970998154695586;-0.43879106025888925;0;0.5;-0.12499999998087085;0.50000000000000024;0.87500038255675666;0.26666742838201804
0;0.5;0.43637183363354315;0.24409263306428819;0;-0.24408575411171973;0.43637203620547971;0;0.5;-0.12499999998011484;0.50000000000000027;0.87500039767567158;0.26666745848564635
1;0.5;-0.43637183363354315;-0.24409263306428819;0;0.24408575411171973;-0.43637203620547971;0;0.5;-0.12499999998011484;0.50000000000000027;0.87500039767567158;0.26666745848564635
0;0.51;0.43390915770898425;0.24844414891117264;0;-0.24843711673653301;0.43390937625870757;0;0.5;-0.12499999997934525;0.50000000000000024;0.8750004130673095;0.2666674891323073
1;0.51;-0.43390915770898425;-0.24844414891117264;0;0.24843711673653301;-0.43390937625870757;0;0.5;-0.12499999997934525;0.50000000000000024;0.8750004130673095;0.2666674891323073
0;0.52;0.43140309129881249;0.25277082058946232;0;-0.25276363427916171;0.43140332673038956;0;0.5;-0.12499999997856206;0.50000000000000027;0.87500042873013082;0.26666752031893593
1;0.52;-0.43140309129881249;-0.25277082058946232;0;0.25276363427916171;-0.43140332673038956;0;0.5;-0.12499999997856206;0.50000000000000027;0.87500042873013082;0.26666752031893593
0;0.53;0.42885388502340105;0.25707221544578041;0;-0.25706487408298717;0.42885413827173424;0;0.5;-0.12499999997776535;0.50000000000000028;0.87500044466256891;0.26666755204241317
1;0.53;-0.42885388502340105;-0.25707221544578041;0;0.25706487408298717;-0.42885413827173424;0;0.5;-0.12499999997776535;0.50000000000000028;0.87500044466256891;0.26666755204241317
0;0.54;0.42626179381715273;0.26134790335489699;0;-0.26134040602028347;0.42626206584825288;0;0.5;-0.12499999997695532;0.50000000000000027;0.87500046086303016;0.26666758429956633
1;0.54;-0.42626179381715273;-0.26134790335489699;0;0.26134040602028347;-0.42626206584825288;0;0.5;-0.12499999997695532;0.50000000000000027;0.87500046086303016;0.26666758429956633
0;0.55;0.42362707690299534;0.26559745676274549;0;-0.26558980253524145;0.42362736871423839;0;0.5;-0.12499999997613193;0.50000000000000026;0.8750004773298941;0.26666761708716935
1;0.55;-0.42362707690299534;-0.26559745676274549;0;0.26558980253524145;-0.42362736871423839;0;0.5;-0.12499999997613193;0.50000000000000026;0.8750004773298941;0.26666761708716935
0;0.56;0.42094999776644787;0.26982045072918176;0;-0.26981263868673477;0.42095031038681541;0;0.5;-0.12499999997529532;0.50000000000000025;0.87500049406151366;0.26666765040194308
1;0.56;-0.42094999776644787;-0.26982045072918176;0;0.26981263868673477;-0.42095031038681541;0;0.5;-0.12499999997529532;0.50000000000000025;0.87500049406151366;0.26666765040194308
0;0.57;0.4182308241292606;0.27401646297048177;0;-0.2740084921908244;0.41823115861956345;0;0.5;-0.12499999997444556;0.50000000000000023;0.87500051105621529;0.26666768424055569
1;0.57;-0.4182308241292606;-0.27401646297048177;0;0.2740084921908244;-0.41823115861956345;0;0.5;-0.12499999997444556;0.50000000000000023;0.87500051105621529;0.26666768424055569
0;0.58;0.41546982792263137;0.27818507390157304;0;-0.27817694346299643;0.41547018537571667;0;0.5;-0.12499999997358268;0.50000000000000026;0.8750005283122991;0.26666771859962298
1;0.58;-0.41546982792263137;-0.27818507390157304;0;0.27817694346299643;-0.41547018537571667;0;0.5;-0.12499999997358268;0.50000000000000026;0.8750005283122991;0.26666771859962298
0;0.59;0.41266728526000068;0.28232586667799614;0;-0.28231757566012977;0.41266766680094202;0;0.5;-0.12499999997270687;0.50000000000000028;0.87500054582803908;0.26666775347570863
1;0.59;-0.41266728526000068;-0.28232586667799614;0;0.28231757566012977;-0.41266766680094202;0;0.5;-0.12499999997270687;0.50000000000000028;0.87500054582803908;0.26666775347570863
0;0.6;0.40982347640942879;0.28643842723759189;0;-0.28642997472218895;0.40982388319569923;0;0.5;-0.12499999997181814;0.5000000000000003;0.87500056360168327;0.26666778886532467
1;0.6;-0.40982347640942879;-0.28643842723759189;0;0.28642997472218895;-0.40982388319569923;0;0.5;-0.12499999997181814;0.5000000000000003;0.87500056360168327;0.26666778886532467
0;0.61;0.40693868576555692;0.2905223443419101;0;-0.29051372941363818;0.40693911898718499;0;0.5;-0.12499999997091661;0.50000000000000027;0.8750005816314539;0.26666782476493174
1;0.61;-0.40693868576555692;-0.2905223443419101;0;0.29051372941363818;-0.40693911898718499;0;0.5;-0.12499999997091661;0.50000000000000027;0.8750005816314539;0.26666782476493174
0;0.62;0.40401320182115602;0.29457720961733558;0;-0.2945684313645725;0.40401366270086425;0;0.5;-0.12499999997000236;0.50000000000000025;0.87500059991554757;0.26666786117093953
1;0.62;-0.40401320182115602;-0.29457720961733558;0;0.2945684313645725;-0.40401366270086425;0;0.5;-0.12499999997000236;0.50000000000000025;0.87500059991554757;0.26666786117093953
0;0.63;0.40104731713826547;0.29860261759592738;0;-0.29859367511156165;0.4010478069315917;0;0.5;-0.12499999996907551;0.50000000000000028;0.87500061845213542;0.26666789807970705
1;0.63;-0.40104731713826547;-0.29860261759592738;0;0.29859367511156165;-0.4010478069315917;0;0.5;-0.12499999996907551;0.50000000000000028;0.87500061845213542;0.26666789807970705
0;0.64;0.3980413283189248;0.30259816575596737;0;-0.30258905813820275;0.39804184831432576;0;0.5;-0.12499999996813609;0.50000000000000026;0.87500063723936342;0.26666793548754303
1;0.64;-0.3980413283189248;-0.30259816575596737;0;0.30258905813820275;-0.39804184831432576;0;0.5;-0.12499999996813609;0.50000000000000026;0.87500063723936342;0.26666793548754303
0;0.65;0.39499553597550141;0.30656345456221384;0;-0.30655418091537795;0.39499608749443899;0;0.5;-0.12499999996718428;0.50000000000000026;0.87500065627535241;0.2666679733907063
1;0.65;-0.39499553597550141;-0.30656345456221384;0;0.30655418091537795;-0.39499608749443899;0;0.5;-0.12499999996718428;0.50000000000000026;0.87500065627535241;0.2666679733907063
0;0.66;0.39191024470061725;0.31049808750585611;0;-0.31048864694121259;0.39191082909762665;0;0.5;-0.12499999996622008;0.50000000000000027;0.87500067555819836;0.26666801178540618
1;0.66;-0.39191024470061725;-0.31049808750585611;0;0.31048864694121259;-0.39191082909762665;0;0.5;-0.12499999996622008;0.50000000000000027;0.87500067555819836;0.26666801178540618
0;0.67;0.38878576303667717;0.31440167114416634;0;-0.31439206278073012;0.38878638169941765;0;0.5;-0.12499999996524366;0.50000000000000024;0.8750006950859726;0.26666805066780278
1;0.67;-0.38878576303667717;-0.31440167114416634;0;0.31439206278073012;-0.38878638169941765;0;0.5;-0.12499999996524366;0.50000000000000024;0.8750006950859726;0.26666805066780278
0;0.68;0.38562240344500265;0.31827381513984443;0;-0.31826403810519988;0.38562305779429012;0;0.5;-0.12499999996425511;0.50000000000000022;0.87500071485672189;0.2666680900340075
1;0.68;-0.38562240344500265;-0.31827381513984443;0;0.31826403810519988;-0.38562305779429012;0;0.5;-0.12499999996425511;0.50000000000000022;0.87500071485672189;0.2666680900340075
0;0.69;0.3824204822745732;0.32211413230005215;0;-0.32210418573117355;0.38242117376439505;0;0.5;-0.12499999996325447;0.50000000000000025;0.87500073486846873;0.26666812988008335
1;0.69;-0.3824204822745732;-0.32211413230005215;0;0.32210418573117355;-0.38242117376439505;0;0.5;-0.12499999996325447;0.50000000000000025;0.87500073486846873;0.26666812988008335
0;0.7;0.37918031973037919;0.32592223861513236;0;-0.32591212165920652;0.37918104984789103;0;0.5;-0.12499999996224188;0.50000000000000025;0.87500075511921154;0.26666817020204528
1;0.7;-0.37918031973037919;-0.32592223861513236;0;0.32591212165920652;-0.37918104984789103;0;0.5;-0.12499999996224188;0.50000000000000025;0.87500075511921154;0.26666817020204528
0;0.71;0.37590223984138904;0.32969775329700995;0;-0.32968746511226044;0.37590301010689331;0;0.5;-0.12499999996121748;0.50000000000000023;0.8750007756069248;0.2666682109958607
1;0.71;-0.37590223984138904;-0.32969775329700995;0;0.32968746511226044;-0.37590301010689331;0;0.5;-0.12499999996121748;0.50000000000000023;0.8750007756069248;0.2666682109958607
0;0.72;0.37258657042813398;0.33344029881727022;0;-0.33342983857378278;0.37258738239504041;0;0.5;-0.1249999999601813;0.50000000000000022;0.87500079632955932;0.2666682522574499
1;0.72;-0.37258657042813398;-0.33344029881727022;0;0.33342983857378278;-0.37258738239504041;0;0.5;-0.1249999999601813;0.50000000000000022;0.87500079632955932;0.2666682522574499
0;0.73;0.36923364306991341;0.33714950094491075;0;-0.33713886782545999;0.36923449832468164;0;0.5;-0.12499999995913352;0.50000000000000021;0.87500081728504241;0.26666829398268628
1;0.73;-0.36923364306991341;-0.33714950094491075;0;0.33713886782545999;-0.36923449832468164;0;0.5;-0.12499999995913352;0.50000000000000021;0.87500081728504241;0.26666829398268628
0;0.74;0.36584379307162479;0.34082498878376383;0;-0.34081418198464003;0.36584469323368835;0;0.5;-0.12499999995807414;0.50000000000000022;0.87500083847127806;0.26666833616739695
1;0.74;-0.36584379307162479;-0.34082498878376383;0;0.34081418198464003;-0.36584469323368835;0;0.5;-0.12499999995807414;0.50000000000000022;0.87500083847127806;0.26666833616739695
0;0.75;0.36241735943022063;0.34446639480958452;0;-0.3444554135414209;0.36241830615189297;0;0.5;-0.12499999995700337;0.50000000000000026;0.87500085988614723;0.26666837880736303
1;0.75;-0.36241735943022063;-0.34446639480958452;0;0.3444554135414209;-0.36241830615189297;0;0.5;-0.12499999995700337;0.50000000000000026;0.87500085988614723;0.26666837880736303
0;0.76;0.3589546848007964;0.34807335490680169;0;-0.3480621983954012;0.35895567976715864;0;0.5;-0.12499999995592126;0.50000000000000029;0.87500088152750801;0.26666842189832015
1;0.76;-0.3589546848007964;-0.34807335490680169;0;0.3480621983954012;-0.35895567976715864;0;0.5;-0.12499999995592126;0.50000000000000029;0.87500088152750801;0.26666842189832015
0;0.77;0.35545611546231259;0.3516455084049277;0;-0.35163417589208945;0.35545716039108305;0;0.5;-0.12499999995482791;0.5000000000000003;0.87500090339319584;0.2666684654359588
1;0.77;-0.35545611546231259;-0.3516455084049277;0;0.35163417589208945;-0.35545716039108305;0;0.5;-0.12499999995482791;0.5000000000000003;0.87500090339319584;0.2666684654359588
0;0.78;0.35192200128295459;0.35518249811462338;0;-0.35517098885896786;0.35192309792433984;0;0.5;-0.1249999999537235;0.50000000000000031;0.87500092548102372;0.26666850941592486
1;0.78;-0.35192200128295459;-0.35518249811462338;0;0.35517098885896786;-0.35192309792433984;0;0.5;-0.1249999999537235;0.50000000000000031;0.87500092548102372;0.26666850941592486
0;0.79;0.34835269568513322;0.35868397036341454;0;-0.35867228364120768;0.34835384582166135;0;0.5;-0.12499999995260808;0.50000000000000032;0.87500094778878243;0.26666855383381992
1;0.79;-0.34835269568513322;-0.35868397036341454;0;0.35867228364120768;-0.34835384582166135;0;0.5;-0.12499999995260808;0.50000000000000032;0.87500094778878243;0.26666855383381992
0;0.8;0.3447485556101304;0.3621495750310566;0;-0.36213771013703189;0.34474976105646554;0;0.5;-0.1249999999514818;0.50000000000000027;0.87500097031424079;0.26666859868520179
1;0.8;-0.3447485556101304;-0.3621495750310566;0;0.36213771013703189;-0.34474976105646554;0;0.5;-0.1249999999514818;0.50000000000000027;0.87500097031424079;0.26666859868520179
0;0.81;0.34110994148239254;0.36557896558454384;0;-0.36556692183272238;0.34111120408513157;0;0.5;-0.12499999995034474;0.50000000000000026;0.87500099305514578;0.26666864396558499
1;0.81;-0.34110994148239254;-0.36557896558454384;0;0.36556692183272238;-0.34111120408513157;0;0.5;-0.12499999995034474;0.50000000000000026;0.87500099305514578;0.26666864396558499
0;0.82;0.33743721717347591;0.36897179911275924;0;-0.3689595758372673;0.33743853881092678;0;0.5;-0.12499999994919701;0.50000000000000025;0.8750010160092229;0.26666868967044106
1;0.82;-0.33743721717347591;-0.36897179911275924;0;0.3689595758372673;-0.33743853881092678;0;0.5;-0.12499999994919701;0.50000000000000025;0.8750010160092229;0.26666868967044106
0;0.83;0.33373074996564717;0.37232773636076238;0;-0.37231533291664598;0.3337321325475891;0;0.5;-0.12499999994803872;0.50000000000000024;0.87500103917417633;0.26666873579519917
1;0.83;-0.33373074996564717;-0.37232773636076238;0;0.37231533291664598;-0.3337321325475891;0;0.5;-0.12499999994803872;0.50000000000000024;0.87500103917417633;0.26666873579519917
0;0.84;0.32999091051514295;0.37564644176371104;0;-0.37563385752774742;0.32999235598256865;0;0.5;-0.12499999994687003;0.50000000000000022;0.87500106254768913;0.26666878233524643
1;0.84;-0.32999091051514295;-0.37564644176371104;0;0.37563385752774742;-0.32999235598256865;0;0.5;-0.12499999994687003;0.50000000000000022;0.87500106254768913;0.26666878233524643
0;0.85;0.32621807281509219;0.37892758348041378;0;-0.37891481785191894;0.32621958313993188;0;0.5;-0.12499999994569102;0.50000000000000022;0.87500108612742353;0.26666882928592849
1;0.85;-0.32621807281509219;-0.37892758348041378;0;0.37891481785191894;-0.32621958313993188;0;0.5;-0.12499999994569102;0.50000000000000022;0.87500108612742353;0.26666882928592849
0;0.86;0.32241261415810457;0.3821708334265097;0;-0.3821578858281422;0.32241419134293214;0;0.5;-0.12499999994450179;0.50000000000000025;0.87500110991102112;0.26666887664254989
1;0.86;-0.32241261415810457;-0.3821708334265097;0;0.3821578858281422;-0.32241419134293214;0;0.5;-0.12499999994450179;0.50000000000000025;0.87500110991102112;0.26666887664254989
0;0.87;0.31857491509852937;0.38537586730727241;0;-0.38536273718583247;0.31857656117625049;0;0.5;-0.12499999994330253;0.50000000000000023;0.87500113389610316;0.26666892440037458
1;0.87;-0.31857491509852937;-0.38537586730727241;0;0.38536273718583247;-0.31857656117625049;0;0.5;-0.12499999994330253;0.50000000000000023;0.87500113389610316;0.26666892440037458
0;0.88;0.31470535941438793;0.38854236465003472;0;-0.38852905147725875;0.31470707644791057;0;0.5;-0.12499999994209328;0.50000000000000027;0.87500115808027068;0.26666897255462643
1;0.88;-0.31470535941438793;-0.38854236465003472;0;0.38852905147725875;-0.31470707644791057;0;0.5;-0.12499999994209328;0.50000000000000027;0.87500115808027068;0.26666897255462643
0;0.89;0.31080433406898417;0.39167000883623065;0;-0.39165651210958047;0.310806124150871;0;0.5;-0.12499999994087421;0.50000000000000028;0.87500118246110488;0.26666902110048962
1;0.89;-0.31080433406898417;-0.39167000883623065;0;0.39165651210958047;-0.310806124150871;0;0.5;-0.12499999994087421;0.50000000000000028;0.87500118246110488;0.26666902110048962
0;0.9;0.30687222917219631;0.39475848713305217;0;-0.39474480637649867;0.30687409442429975;0;0.5;-0.12499999993964544;0.50000000000000029;0.87500120703616726;0.26666907003310924
1;0.9;-0.30687222917219631;-0.39475848713305217;0;0.39474480637649867;-0.30687409442429975;0;0.5;-0.12499999993964544;0.50000000000000029;0.87500120703616726;0.26666907003310924
0;0.91;0.3029094379414542;0.39780749072471666;0;-0.3977936254895178;0.30291138051453376;0;0.5;-0.12499999993840707;0.50000000000000029;0.87500123180299989;0.26666911934759162
1;0.91;-0.3029094379414542;-0.39780749072471666;0;0.3977936254895178;-0.30291138051453376;0;0.5;-0.12499999993840707;0.50000000000000029;0.87500123180299989;0.26666911934759162
0;0.92;0.29891635666240596;0.40081671474334285;0;-0.40080266460881497;0.29891837873572807;0;0.5;-0.12499999993715924;0.50000000000000029;0.8750012567591257;0.26666916903900499
1;0.92;-0.29891635666240596;-0.40081671474334285;0;0.40080266460881497;-0.29891837873572807;0;0.5;-0.12499999993715924;0.50000000000000029;0.8750012567591257;0.26666916903900499
0;0.93;0.29489338464927789;0.40378585829943126;0;-0.4037716228737141;0.29489548843019864;0;0.5;-0.12499999993590207;0.50000000000000032;0.87500128190204864;0.26666921910237984
1;0.93;-0.29489338464927789;-0.40378585829943126;0;0.4037716228737141;-0.29489548843019864;0;0.5;-0.12499999993590207;0.50000000000000032;0.87500128190204864;0.26666921910237984
0;0.94;0.29084092420493168;0.40671462451194684;0;-0.40670020343276131;0.29084311192846191;0;0.5;-0.1249999999346357;0.50000000000000032;0.87500130722925405;0.26666926953270948
1;0.94;-0.29084092420493168;-0.40671462451194684;0;0.40670020343276131;-0.29084311192846191;0;0.5;-0.1249999999346357;0.50000000000000032;0.87500130722925405;0.26666926953270948
0;0.95;0.28675938058062267;0.40960272053800051;0;-0.40958811347339918;0.28676165450897645;0;0.5;-0.12499999993336024;0.50000000000000035;0.87500133273820879;0.26666932032495054
1;0.95;-0.28675938058062267;-0.40960272053800051;0;0.40958811347339918;-0.28676165450897645;0;0.5;-0.12499999993336024;0.50000000000000035;0.87500133273820879;0.26666932032495054
0;0.96;0.28264916193546369;0.41244985760212638;0;-0.41243506425123622;0.28265152435758939;0;0.5;-0.12499999993207584;0.50000000000000033;0.87500135842636159;0.26666937147402344
1;0.96;-0.28264916193546369;-0.41244985760212638;0;0.41243506425123622;-0.28265152435758939;0;0.5;-0.12499999993207584;0.50000000000000033;0.87500135842636159;0.26666937147402344
0;0.97;0.27851067929559792;0.41525575102515228;0;-0.41524077111890928;0.27851313252669285;0;0.5;-0.1249999999307826;0.5000000000000003;0.87500138429114324;0.26666942297481292
1;0.97;-0.27851067929559792;-0.41525575102515228;0;0.41524077111890928;-0.27851313252669285;0;0.5;-0.1249999999307826;0.5000000000000003;0.87500138429114324;0.26666942297481292
0;0.98;0.27434434651308548;0.41802012025266022;0;-0.41800495355453554;0.27434689289409353;0;0.5;-0.12499999992948065;0.50000000000000028;0.87500141032996687;0.26666947482216861
1;0.98;-0.27434434651308548;-0.41802012025266022;0;0.41800495355453554;-0.27434689289409353;0;0.5;-0.12499999992948065;0.50000000000000028;0.87500141032996687;0.26666947482216861
0;0.99;0.27015058022450722;0.42074268888303412;0;-0.42072733518975153;0.27015322212160026;0;0.5;-0.12499999992817014;0.50000000000000026;0.87500143654022821;0.26666952701090542
1;0.99;-0.27015058022450722;-0.42074268888303412;0;0.42072733518975153;-0.27015322212160026;0;0.5;-0.12499999992817014;0.50000000000000026;0.87500143654022821;0.26666952701090542
0;1;0.26592979980929043;0.42342318469509221;0;-0.42340764383733615;0.2659325396133333;0;0.5;-0.12499999992685119;0.50000000000000025;0.87500146291930586;0.26666957953580416
1;1;-0.26592979980929043;-0.42342318469509221;0;0.42340764383733615;-0.2659325396133333;0;0.5;-0.12499999992685119;0.50000000000000025;0.87500146291930586;0.26666957953580416
0;1.01;0.26168242734776048;0.4260613396753008;0;-0.42604561151841519;0.26168526747375964;0;0.5;-0.12499999992552393;0.50000000000000024;0.87500148946456154;0.26666963239161202
1;1.01;-0.26168242734776048;-0.4260613396753008;0;0.42604561151841519;-0.26168526747375964;0;0.5;-0.12499999992552393;0.50000000000000024;0.87500148946456154;0.26666963239161202
0;1.02;0.25740888757892216;0.42865689004456742;0;-0.42864097448924454;0.25741183046545862;0;0.5;-0.12499999992418848;0.50000000000000027;0.87500151617334034;0.26666968557304312
1;1.02;-0.25740888757892216;-0.42865689004456742;0;0.42864097448924454;-0.25741183046545862;0;0.5;-0.12499999992418848;0.50000000000000027;0.87500151617334034;0.26666968557304312
0;1.03;0.25310960785797559;0.43120957628460999;0;-0.43119347326756907;0.25311265596662197;0;0.5;-0.12499999992284499;0.50000000000000027;0.87500154304297103;0.26666973907477897
1;1.03;-0.25310960785797559;-0.43120957628460999;0;0.43119347326756907;-0.25311265596662197;0;0.5;-0.12499999992284499;0.50000000000000027;0.87500154304297103;0.26666973907477897
0;1.04;0.24878501811357076;0.43371914316389987;0;-0.43370285265855524;0.2487881739282925;0;0.5;-0.12499999992149361;0.50000000000000026;0.87500157007076631;0.26666979289146912
1;1.04;-0.24878501811357076;-0.43371914316389987;0;0.43370285265855524;-0.2487881739282925;0;0.5;-0.12499999992149361;0.50000000000000026;0.87500157007076631;0.26666979289146912
0;1.05;0.2444355508048045;0.43618533976317586;0;-0.43616886178029435;0.24443881683134597;0;0.5;-0.12499999992013442;0.5000000000000003;0.87500159725402301;0.26666984701773161
1;1.05;-0.2444355508048045;-0.43618533976317586;0;0.43616886178029435;-0.24443881683134597;0;0.5;-0.12499999992013442;0.5000000000000003;0.87500159725402301;0.26666984701773161
0;1.06;0.24006164087796489;0.4386079195005268;0;-0.43859125408887373;0.24006501964322022;0;0.5;-0.12499999991876764;0.50000000000000028;0.87500162459002249;0.2666699014481535
1;1.06;-0.24006164087796489;-0.4386079195005268;0;0.43859125408887373;-0.24006501964322022;0;0.5;-0.12499999991876764;0.50000000000000028;0.87500162459002249;0.2666699014481535
0;1.07;0.23566372572302702;0.44098664015604028;0;-0.44096978740301418;0.23566721977439586;0;0.5;-0.12499999991739334;0.50000000000000031;0.87500165207603078;0.26666995617729147
1;1.07;-0.23566372572302702;-0.44098664015604028;0;0.44096978740301418;-0.23566721977439586;0;0.5;-0.12499999991739334;0.50000000000000031;0.87500165207603078;0.26666995617729147
0;1.08;0.2312422451299046;0.44332126389601473;0;-0.44330422392827007;0.23124585703463321;0;0.5;-0.1249999999160117;0.5000000000000003;0.87500167970929896;0.26667001119967233
1;1.08;-0.2312422451299046;-0.44332126389601473;0;0.44330422392827007;-0.23124585703463321;0;0.5;-0.1249999999160117;0.5000000000000003;0.87500167970929896;0.26667001119967233
0;1.09;0.22679764124446161;0.44561155729673296;0;-0.44559433028079082;0.2268013735889694;0;0.5;-0.1249999999146228;0.50000000000000033;0.87500170748706335;0.26667006650979358
1;1.09;-0.22679764124446161;-0.44561155729673296;0;0.44559433028079082;-0.2268013735889694;0;0.5;-0.1249999999146228;0.50000000000000033;0.87500170748706335;0.26667006650979358
0;1.1;0.22233035852428878;0.44785729136779412;0;-0.44783987751064047;0.22233421391348046;0;0.5;-0.12499999991322683;0.50000000000000033;0.87500173540654586;0.26667012210212391
1;1.1;-0.22233035852428878;-0.44785729136779412;0;0.44783987751064047;-0.22233421391348046;0;0.5;-0.12499999991322683;0.50000000000000033;0.87500173540654586;0.26667012210212391
0;1.11;0.2178408436942488;0.45005824157500257;0;-0.45004064112467357;0.21784482475081265;0;0.5;-0.12499999991182391;0.50000000000000035;0.87500176346495423;0.26667017797110385
1;1.11;-0.2178408436942488;-0.45005824157500257;0;0.45004064112467357;-0.21784482475081265;0;0.5;-0.12499999991182391;0.50000000000000035;0.87500176346495423;0.26667017797110385
0;1.12;0.2133295457017953;0.45221418786281037;0;-0.45219640110896492;0.21333365506548746;0;0.5;-0.12499999991041423;0.50000000000000031;0.87500179165948232;0.26667023411114623
1;1.12;-0.2133295457017953;-0.45221418786281037;0;0.45219640110896492;-0.21333365506548746;0;0.5;-0.12499999991041423;0.50000000000000031;0.87500179165948232;0.26667023411114623
0;1.13;0.20879691567206951;0.45432491467631231;0;-0.45430694195079102;0.2088011559989848;0;0.5;-0.12499999990899784;0.50000000000000032;0.87500181998731033;0.26667029051663683
1;1.13;-0.20879691567206951;-0.45432491467631231;0;0.45430694195079102;-0.2088011559989848;0;0.5;-0.12499999990899784;0.50000000000000032;0.87500181998731033;0.26667029051663683
0;1.14;0.20424340686277948;0.45639021098279009;0;-0.45637205266016073;0.20424778082460893;0;0.5;-0.12499999990757497;0.50000000000000031;0.87500184844560521;0.26667034718193484
1;1.14;-0.20424340686277948;-0.45639021098279009;0;0.45637205266016073;-0.20424778082460893;0;0.5;-0.12499999990757497;0.50000000000000031;0.87500184844560521;0.26667034718193484
0;1.15;0.19966947461886628;0.4584098702928045;0;-0.45839152679089351;0.19967398490214155;0;0.5;-0.12499999990614568;0.50000000000000031;0.87500187703152081;0.26667040410137349
1;1.15;-0.19966947461886628;-0.4584098702928045;0;0.45839152679089351;-0.19967398490214155;0;0.5;-0.12499999990614568;0.50000000000000031;0.87500187703152081;0.26667040410137349
0;1.16;0.1950755763269616;0.4603836906808329;0;-0.46036516246124265;0.19508022563228669;0;0.5;-0.12499999990471019;0.50000000000000031;0.87500190574219826;0.26667046126926062
1;1.16;-0.1950755763269616;-0.4603836906808329;0;0.46036516246124265;-0.19508022563228669;0;0.5;-0.12499999990471019;0.50000000000000031;0.87500190574219826;0.26667046126926062
0;1.17;0.19046217136964141;0.46231147480545021;0;-0.46229276237406169;0.19046696241091191;0;0.5;-0.12499999990326857;0.50000000000000031;0.87500193457476621;0.26667051867987922
1;1.17;-0.19046217136964141;-0.46231147480545021;0;0.46229276237406169;-0.19046696241091191;0;0.5;-0.12499999990326857;0.50000000000000031;0.87500193457476621;0.26667051867987922
0;1.18;0.18582972107948034;0.46419302992905115;0;-0.46417413383651213;0.18583465658309034;0;0.5;-0.12499999990182102;0.50000000000000032;0.87500196352634114;0.26667057632748804
1;1.18;-0.18582972107948034;-0.46419302992905115;0;0.46417413383651213;-0.18583465658309034;0;0.5;-0.12499999990182102;0.50000000000000032;0.87500196352634114;0.26667057632748804
0;1.19;0.18117868869291115;0.46602816793711205;0;-0.46600908877931008;0.18118377139694847;0;0.5;-0.12499999990036763;0.50000000000000036;0.87500199259402761;0.2666706342063221
1;1.19;-0.18117868869291115;-0.46602816793711205;0;0.46600908877931008;-0.18118377139694847;0;0.5;-0.12499999990036763;0.50000000000000036;0.87500199259402761;0.2666706342063221
0;1.2;0.17650953930389413;0.46781670535699016;0;-0.46779744377551025;0.17651477195732368;0;0.5;-0.12499999989890865;0.50000000000000036;0.87500202177491863;0.26667069231059331
1;1.2;-0.17650953930389413;-0.46781670535699016;0;0.46779744377551025;-0.17651477195732368;0;0.5;-0.12499999989890865;0.50000000000000036;0.87500202177491863;0.26667069231059331
0;1.21;0.17182273981740093;0.46955846337625856;0;-0.46953902005882553;0.17182812517923693;0;0.5;-0.1249999998974441;0.50000000000000037;0.87500205106609582;0.26667075063449107
1;1.21;-0.17182273981740093;-0.46955846337625856;0;0.46953902005882553;-0.17182812517923693;0;0.5;-0.1249999998974441;0.50000000000000037;0.87500205106609582;0.26667075063449107
0;1.22;0.1671187589027176;0.47125326786057492;0;-0.47123364354147979;0.16712429974118465;0;0.5;-0.1249999998959742;0.5000000000000004;0.87500208046462982;0.26667080917218281
1;1.22;-0.1671187589027176;-0.47125326786057492;0;0.47123364354147979;-0.16712429974118465;0;0.5;-0.1249999998959742;0.5000000000000004;0.87500208046462982;0.26667080917218281
0;1.23;0.16239806694657133;0.47290094937108224;0;-0.4728811448315926;0.16240376603825485;0;0.5;-0.1249999998944991;0.5000000000000004;0.87500210996758057;0.26667086791781456
1;1.23;-0.16239806694657133;-0.47290094937108224;0;0.4728811448315926;-0.16240376603825485;0;0.5;-0.1249999998944991;0.5000000000000004;0.87500210996758057;0.26667086791781456
0;1.24;0.15766113600608575;0.47450134318134002;0;-0.47448135925009421;0.15766699613507201;0;0.5;-0.1249999998930189;0.50000000000000044;0.87500213957199751;0.26667092686551165
1;1.24;-0.15766113600608575;-0.47450134318134002;0;0.47448135925009421;-0.15766699613507201;0;0.5;-0.1249999998930189;0.50000000000000044;0.87500213957199751;0.26667092686551165
0;1.25;0.15290843976156945;0.47605428929378368;0;-0.47603412684716861;0.15291446371857551;0;0.5;-0.12499999989153379;0.50000000000000045;0.87500216927492;0.2666709860093791
1;1.25;-0.15290843976156945;-0.47605428929378368;0;0.47603412684716861;-0.15291446371857551;0;0.5;-0.12499999989153379;0.50000000000000045;0.87500216927492;0.2666709860093791
0;1.26;0.1481404534691424;0.47755963245571154;0;-0.47753929241822346;0.14814664405063627;0;0.5;-0.1249999998900439;0.50000000000000047;0.87500219907337755;0.26667104534350243
1;1.26;-0.1481404534691424;-0.47755963245571154;0;0.47753929241822346;-0.14814664405063627;0;0.5;-0.1249999998900439;0.50000000000000047;0.87500219907337755;0.26667104534350243
0;1.27;0.14335765391320499;0.47901722217479642;0;-0.47899670551938534;0.14336401392051643;0;0.5;-0.1249999998885494;0.50000000000000047;0.87500222896439009;0.26667110486194803
1;1.27;-0.14335765391320499;-0.47901722217479642;0;0.47899670551938534;-0.14336401392051643;0;0.5;-0.1249999998885494;0.50000000000000047;0.87500222896439009;0.26667110486194803
0;1.28;0.13856051935875469;0.48042691273412186;0;-0.48040622048251819;0.13856705159717683;0;0.5;-0.12499999988705042;0.5000000000000005;0.87500225894496831;0.26667116455876398
1;1.28;-0.13856051935875469;-0.48042691273412186;0;0.48040622048251819;-0.13856705159717683;0;0.5;-0.12499999988705042;0.5000000000000005;0.87500225894496831;0.26667116455876398
0;1.29;0.13374952950355462;0.48178856320673996;0;-0.4817676964297643;0.13375623678143694;0;0.5;-0.1249999998855471;0.50000000000000049;0.875002289012114;0.26667122442798045
1;1.29;-0.13374952950355462;-0.48178856320673996;0;0.4817676964297643;-0.13375623678143694;0;0.5;-0.1249999998855471;0.50000000000000049;0.875002289012114;0.26667122442798045
0;1.3;0.12892516543015939;0.48310203746975061;0;-0.48308099728760584;0.12893205055799214;0;0.5;-0.1249999998840396;0.50000000000000052;0.87500231916282024;0.26667128446361043
1;1.3;-0.12892516543015939;-0.48310203746975061;0;0.48308099728760584;-0.12893205055799214;0;0.5;-0.1249999998840396;0.50000000000000052;0.87500231916282024;0.26667128446361043
0;1.31;0.12408790955780249;0.4843672042178998;0;-0.48434599180044552;0.12409497534729318;0;0.5;-0.1249999998825281;0.50000000000000053;0.87500234939407179;0.26667134465965022
1;1.31;-0.12408790955780249;-0.4843672042178998;0;0.48434599180044552;-0.12409497534729318;0;0.5;-0.1249999998825281;0.50000000000000053;0.87500234939407179;0.26667134465965022
0;1.32;0.11923824559415047;0.48558393697669644;0;-0.48556255354370531;0.11924549485729252;0;0.5;-0.12499999988101275;0.50000000000000049;0.8750023797028454;0.26667140501008014
1;1.32;-0.11923824559415047;-0.48558393697669644;0;0.48556255354370531;-0.11924549485729252;0;0.5;-0.12499999988101275;0.50000000000000049;0.8750023797028454;0.26667140501008014
0;1.33;0.11437665848692839;0.48675211411504565;0;-0.48673056093644201;0.11438409403506253;0;0.5;-0.12499999987949363;0.50000000000000051;0.87500241008610997;0.26667146550886509
1;1.33;-0.11437665848692839;-0.48675211411504565;0;0.48673056093644201;-0.11438409403506253;0;0.5;-0.12499999987949363;0.50000000000000051;0.87500241008610997;0.26667146550886509
0;1.34;0.10950363437542164;0.48787161885739772;0;-0.48784989725347772;0.10951125901829022;0;0.5;-0.12499999987797096;0.50000000000000053;0.87500244054082708;0.26667152614995508
1;1.34;-0.10950363437542164;-0.48787161885739772;0;0.48784989725347772;-0.10951125901829022;0;0.5;-0.12499999987797096;0.50000000000000053;0.87500244054082708;0.26667152614995508
0;1.35;0.10461966054185884;0.48894233929541148;0;-0.48892045063704487;0.10462747708665351;0;0.5;-0.12499999987644487;0.50000000000000055;0.8750024710639511;0.26667158692728595
1;1.35;-0.10461966054185884;-0.48894233929541148;0;0.48892045063704487;-0.10462747708665351;0;0.5;-0.12499999987644487;0.50000000000000055;0.8750024710639511;0.26667158692728595
0;1.36;0.099725225362680747;0.48996416839913082;0;-0.48994211410794419;0.099733236613083878;0;0.5;-0.12499999987491549;0.50000000000000058;0.87500250165242961;0.26667164783477992
1;1.36;-0.099725225362680747;-0.48996416839913082;0;0.48994211410794419;-0.099733236613083878;0;0.5;-0.12499999987491549;0.50000000000000058;0.87500250165242961;0.26667164783477992
0;1.37;0.094820818259699957;0.49093700402767315;0;-0.4909147855762146;0.094829027014920103;0;0.5;-0.12499999987338304;0.50000000000000057;0.87500253230320363;0.26667170886634616
1;1.37;-0.094820818259699957;-0.49093700402767315;0;0.4909147855762146;-0.094829027014920103;0;0.5;-0.12499999987338304;0.50000000000000057;0.87500253230320363;0.26667170886634616
0;1.38;0.089906929651156445;0.49186074893942922;0;-0.49183836785131385;0.089915338704958284;0;0.5;-0.12499999987184757;0.50000000000000061;0.87500256301320797;0.26667177001588152
1;1.38;-0.089906929651156445;-0.49186074893942922;0;0.49183836785131385;-0.089915338704958284;0;0.5;-0.12499999987184757;0.50000000000000061;0.87500256301320797;0.26667177001588152
0;1.39;0.084984050902673677;0.49273531080177235;0;-0.49271276865180919;0.084992663042402744;0;0.5;-0.12499999987030935;0.50000000000000061;0.87500259377937156;0.26667183127727099
1;1.39;-0.084984050902673677;-0.49273531080177235;0;0.49271276865180919;-0.084992663042402744;0;0.5;-0.12499999987030935;0.50000000000000061;0.87500259377937156;0.26667183127727099
0;1.4;0.080052674278120267;0.49356060220027731;0;-0.49353790061457692;0.080061492283722946;0;0.5;-0.12499999986876845;0.50000000000000062;0.87500262459861767;0.26667189264438843
1;1.4;-0.080052674278120267;-0.49356060220027731;0;0.49353790061457692;-0.080061492283722946;0;0.5;-0.12499999986876845;0.50000000000000062;0.87500262459861767;0.26667189264438843
0;1.41;0.075113292890382141;0.49433654064744681;0;-0.49431368130350983;0.075122319533421189;0;0.5;-0.12499999986722509;0.5000000000000006;0.8750026554678643;0.26667195411109708
1;1.41;-0.075113292890382141;-0.49433654064744681;0;0.49431368130350983;-0.075122319533421189;0;0.5;-0.12499999986722509;0.5000000000000006;0.8750026554678643;0.26667195411109708
0;1.42;0.07016640065205007;0.49506304859094569;0;-0.49504003321773182;0.07017563869471613;0;0.5;-0.12499999986567936;0.50000000000000059;0.87500268638402444;0.2666720156712503
1;1.42;-0.07016640065205007;-0.49506304859094569;0;0.49504003321773182;-0.07017563869471613;0;0.5;-0.12499999986567936;0.50000000000000059;0.87500268638402444;0.2666720156712503
0;1.43;0.065212492226027499;0.49574005342134109;0;-0.49571688379931883;0.065221944420146921;0;0.5;-0.12499999986413147;0.50000000000000056;0.87500271734400643;0.26667207731869209
1;1.43;-0.065212492226027499;-0.49574005342134109;0;0.49571688379931883;-0.065221944420146921;0;0.5;-0.12499999986413147;0.50000000000000056;0.87500271734400643;0.26667207731869209
0;1.44;0.06025206297606369;0.49636748747934861;0;-0.49634416544052551;0.060261732062103113;0;0.5;-0.12499999986258152;0.50000000000000059;0.8750027483447142;0.26667213904725774
1;1.44;-0.06025206297606369;-0.49636748747934861;0;0.49634416544052551;-0.060261732062103113;0;0.5;-0.12499999986258152;0.50000000000000059;0.8750027483447142;0.26667213904725774
0;1.45;0.05528560891721699;0.49694528806258315;0;-0.49692181549051639;0.055295497623285048;0;0.5;-0.12499999986102967;0.5000000000000006;0.87500277938304764;0.26667220085077439
1;1.45;-0.05528560891721699;-0.49694528806258315;0;0.49692181549051639;-0.055295497623285048;0;0.5;-0.12499999986102967;0.5000000000000006;0.87500277938304764;0.26667220085077439
0;1.46;0.050313626666253358;0.49747339743181429;0;-0.49744977626160158;0.050323737707099851;0;0.5;-0.12499999985947612;0.5000000000000006;0.8750028104559029;0.26667226272306175
1;1.46;-0.050313626666253358;-0.49747339743181429;0;0.49744977626160158;-0.050323737707099851;0;0.5;-0.12499999985947612;0.5000000000000006;0.8750028104559029;0.26667226272306175
0;1.47;0.045336613391984956;0.49795176281672515;0;-0.49792799503497587;0.045346949467997964;0;0.5;-0.12499999985792098;0.50000000000000061;0.87500284156017267;0.26667232465793265
1;1.47;-0.045336613391984956;-0.49795176281672515;0;0.49792799503497587;-0.045346949467997964;0;0.5;-0.12499999985792098;0.50000000000000061;0.87500284156017267;0.26667232465793265
0;1.48;0.040355066765553838;0.49838033642117424;0;-0.49835642406596092;0.0403656305617551;0;0.5;-0.12499999985636447;0.50000000000000058;0.8750028726927465;0.26667238664919362
1;1.48;-0.040355066765553838;-0.49838033642117424;0;0.49835642406596092;-0.0403656305617551;0;0.5;-0.12499999985636447;0.50000000000000058;0.8750028726927465;0.26667238664919362
0;1.49;0.035369484910665737;0.49875907542796022;0;-0.49873502058874991;0.035380279095704716;0;0.5;-0.12499999985480669;0.50000000000000056;0.87500290385051113;0.26667244869064565
1;1.49;-0.035369484910665737;-0.49875907542796022;0;0.49873502058874991;-0.035380279095704716;0;0.5;-0.12499999985480669;0.50000000000000056;0.87500290385051113;0.26667244869064565
0;1.5;0.030380366353778842;0.49908794200308831;0;-0.49906374682065424;0.030391393578925882;0;0.5;-0.12499999985324781;0.50000000000000057;0.87500293503035076;0.26667251077608465
1;1.5;-0.030380366353778842;-0.49908794200308831;0;0.49906374682065424;-0.030391393578925882;0;0.5;-0.12499999985324781;0.50000000000000057;0.87500293503035076;0.26667251077608465
0;1.51;0.025388209974252653;0.4993669032995387;0;-0.4993425699658518;0.025399472872391613;0;0.5;-0.124999999851688;0.50000000000000053;0.87500296622914747;0.26667257289930217
1;1.51;-0.025388209974252653;-0.4993669032995387;0;0.4993425699658518;-0.025399472872391613;0;0.5;-0.124999999851688;0.50000000000000053;0.87500296622914747;0.26667257289930217
0;1.52;0.020393514954461806;0.4995959314605361;0;-0.49957146221863674;0.020405016139082559;0;0.5;-0.12499999985012737;0.50000000000000051;0.87500299744378137;0.26667263505408599
1;1.52;-0.020393514954461806;-0.4995959314605361;0;0.49957146221863674;-0.020405016139082559;0;0.5;-0.12499999985012737;0.50000000000000051;0.87500299744378137;0.26667263505408599
0;1.53;0.015396780729879917;0.49977500362232036;0;-0.49975040076616989;0.015408522794071134;0;0.5;-0.12499999984856609;0.50000000000000055;0.87500302867113103;0.26667269723422077
1;1.53;-0.015396780729879917;-0.49977500362232036;0;0.49975040076616989;-0.015408522794071134;0;0.5;-0.12499999984856609;0.50000000000000055;0.87500302867113103;0.26667269723422077
0;1.54;0.010398506939138408;0.49990410191641754;0;-0.49987936779073;0.010410492454581;0;0.5;-0.12499999984700436;0.50000000000000053;0.87500305990807378;0.26667275943348857
1;1.54;-0.010398506939138408;-0.49990410191641754;0;0.49987936779073;-0.010410492454581;0;0.5;-0.12499999984700436;0.50000000000000053;0.87500305990807378;0.26667275943348857
0;1.55;0.005399193374065317;0.49998321347141195;0;-0.49995835047146558;0.0054114248900269651;0;0.5;-0.12499999984544232;0.50000000000000051;0.87500309115148597;0.26667282164566961
1;1.55;-0.005399193374065317;-0.49998321347141195;0;0.49995835047146558;-0.0054114248900269651;0;0.5;-0.12499999984544232;0.50000000000000051;0.87500309115148597;0.26667282164566961
0;1.56;0.00039933992970909597;0.50001233041421811;0;-0.49998734098564684;0.00041181997204024214;0;0.5;-0.12499999984388009;0.50000000000000055;0.8750031223982433;0.26667288386454285
1;1.56;-0.00039933992970909597;-0.50001233041421811;0;0.49998734098564684;-0.00041181997204024214;0;0.5;-0.12499999984388009;0.50000000000000055;0.8750031223982433;0.26667288386454285
0;1.57;-0.0046005534456476198;0.49999144987085281;0;-0.49996633650941796;-0.0045878223755159049;0;0.5;-0.12499999984231784;0.50000000000000056;0.8750031536452212;0.2666729460838865
1;1.57;0.0046005534456476198;-0.49999144987085281;0;0.49996633650941796;0.0045878223755159049;0;0.5;-0.12499999984231784;0.50000000000000056;0.8750031536452212;0.2666729460838865
0;1.58;-0.0095999868004792623;0.4999205739667078;0;-0.49989533921804946;-0.0095870022265351421;0;0.5;-0.12499999984075577;0.50000000000000057;0.87500318488929502;0.2666730082974788
1;1.58;0.0095999868004792623;-0.4999205739667078;0;0.49989533921804946;0.0095870022265351421;0;0.5;-0.12499999984075577;0.50000000000000057;0.87500318488929502;0.2666730082974788
0;1.59;-0.014598460230008608;0.4997997098263221;0;-0.49977435628569067;-0.014585219702656665;0;0.5;-0.12499999983919398;0.50000000000000057;0.87500321612734048;0.26667307049909855
1;1.59;0.014598460230008608;-0.4997997098263221;0;0.49977435628569067;0.014585219702656665;0;0.5;-0.12499999983919398;0.50000000000000057;0.87500321612734048;0.26667307049909855
0;1.6;-0.019595473926193076;0.49962886957265468;0;-0.49960339988462243;-0.019581975023248436;0;0.5;-0.12499999983763265;0.50000000000000058;0.87500324735623386;0.2666731326825258
1;1.6;0.019595473926193076;-0.49962886957265468;0;0.49960339988462243;0.019581975023248436;0;0.5;-0.12499999983763265;0.50000000000000058;0.87500324735623386;0.2666731326825258
0;1.61;-0.024590528227701056;0.49940807032585716;0;-0.49938248718401002;-0.024576768555380032;0;0.5;-0.12499999983607196;0.50000000000000056;0.87500327857285239;0.26667319484154237
1;1.61;0.024590528227701056;-0.49940807032585716;0;0.49938248718401002;0.024576768555380032;0;0.5;-0.12499999983607196;0.50000000000000056;0.87500327857285239;0.26667319484154237
0;1.62;-0.029583123669873274;0.4991373342015471;0;-0.49911164034815642;-0.029569100863780146;0;0.5;-0.124999999834512;0.50000000000000059;0.87500330977407451;0.26667325696993257
1;1.62;0.029583123669873274;-0.4991373342015471;0;0.49911164034815642;0.029569100863780146;0;0.5;-0.124999999834512;0.50000000000000059;0.87500330977407451;0.26667325696993257
0;1.63;-0.034572761034664182;0.49881668830858156;0;-0.49879088653425613;-0.034558472760773708;0;0.5;-0.12499999983295301;0.50000000000000058;0.87500334095678025;0.26667331906148375
1;1.63;0.034572761034664182;-0.49881668830858156;0;0.49879088653425613;0.034558472760773708;0;0.5;-0.12499999983295301;0.50000000000000058;0.87500334095678025;0.26667331906148375
0;1.64;-0.039558941400558392;0.49844616474633163;0;-0.49842025788964989;-0.039544385356193659;0;0.5;-0.12499999983139508;0.50000000000000058;0.87500337211785147;0.266673381109987
1;1.64;0.039558941400558392;-0.49844616474633163;0;0.49842025788964989;0.039544385356193659;0;0.5;-0.12499999983139508;0.50000000000000058;0.87500337211785147;0.266673381109987
0;1.65;-0.044541166192457175;0.49802580060145768;0;-0.49799979154858048;-0.044526340107262384;0;0.5;-0.12499999982983841;0.50000000000000056;0.87500340325417222;0.26667344310923767
1;1.65;0.044541166192457175;-0.49802580060145768;0;0.49799979154858048;0.044526340107262384;0;0.5;-0.12499999982983841;0.50000000000000056;0.87500340325417222;0.26667344310923767
0;1.66;-0.049518937231530002;0.49755563794418634;0;-0.49752952962844982;-0.049503838868437809;0;0.5;-0.12499999982828317;0.50000000000000051;0.87500343436262903;0.26667350505303609
1;1.66;0.049518937231530002;-0.49755563794418634;0;0.49752952962844982;0.049503838868437809;0;0.5;-0.12499999982828317;0.50000000000000051;0.87500343436262903;0.26667350505303609
0;1.67;-0.054491756785026171;0.49703572382408889;0;-0.49700951922557807;-0.054476383941219189;0;0.5;-0.12499999982672944;0.50000000000000048;0.8750034654401112;0.26667356693518814
1;1.67;0.054491756785026171;-0.49703572382408889;0;0.49700951922557807;0.054476383941219189;0;0.5;-0.12499999982672944;0.50000000000000048;0.8750034654401112;0.26667356693518814
0;1.68;-0.059459127616041559;0.49646611026536197;0;-0.49643981241046486;-0.0594434781239076;0;0.5;-0.12499999982517739;0.50000000000000052;0.87500349648351115;0.26667362874950587
1;1.68;0.059459127616041559;-0.49646611026536197;0;0.49643981241046486;0.0594434781239076;0;0.5;-0.12499999982517739;0.50000000000000052;0.87500349648351115;0.26667362874950587
0;1.69;-0.064420553033235461;0.49584685426161079;0;-0.49582046622255327;-0.06440462476131617;0;0.5;-0.12499999982362721;0.50000000000000057;0.87500352748972475;0.2666736904898081
1;1.69;0.064420553033235461;-0.49584685426161079;0;0.49582046622255327;0.06440462476131617;0;0.5;-0.12499999982362721;0.50000000000000057;0.87500352748972475;0.2666736904898081
0;1.7;-0.069375536940492616;0.49517801777013565;0;-0.49515154266449707;-0.06935932779442508;0;0.5;-0.12499999982207906;0.50000000000000056;0.87500355845565159;0.26667375214992105
1;1.7;0.069375536940492616;-0.49517801777013565;0;0.49515154266449707;0.06935932779442508;0;0.5;-0.12499999982207906;0.50000000000000056;0.87500355845565159;0.26667375214992105
0;1.71;-0.074323583886525393;0.49445966770572225;0;-0.49443310869593193;-0.074307091809976369;0;0.5;-0.12499999982053307;0.50000000000000055;0.87500358937819527;0.26667381372367902
1;1.71;0.074323583886525393;-0.49445966770572225;0;0.49443310869593193;0.074307091809976369;0;0.5;-0.12499999982053307;0.50000000000000055;0.87500358937819527;0.26667381372367902
0;1.72;-0.079264199114411252;0.4936918759339361;0;-0.49366523622675107;-0.079247422090003572;0;0.5;-0.12499999981898942;0.50000000000000056;0.87500362025426375;0.26667387520492493
1;1.72;0.079264199114411252;-0.4936918759339361;0;0.49366523622675107;0.079247422090003572;0;0.5;-0.12499999981898942;0.50000000000000056;0.87500362025426375;0.26667387520492493
0;1.73;-0.084196888611060422;0.49287471926392218;0;-0.49284800210988594;-0.084179824661291286;0;0.5;-0.12499999981744825;0.5000000000000006;0.87500365108076964;0.26667393658751097
1;1.73;0.084196888611060422;-0.49287471926392218;0;0.49284800210988594;0.084179824661291286;0;0.5;-0.12499999981744825;0.5000000000000006;0.87500365108076964;0.26667393658751097
0;1.74;-0.089121159156608981;0.49200827944071029;0;-0.49198148813359299;-0.089103806344759687;0;0.5;-0.12499999981590969;0.50000000000000062;0.87500368185463053;0.26667399786529918
1;1.74;0.089121159156608981;-0.49200827944071029;0;0.49198148813359299;0.089103806344759687;0;0.5;-0.12499999981590969;0.50000000000000062;0.87500368185463053;0.26667399786529918
0;1.75;-0.094036518373732295;0.491092643137027;0;-0.4910657810132471;-0.094018874804769045;0;0.5;-0.12499999981437394;0.50000000000000062;0.87500371257276929;0.26667405903216211
1;1.75;0.094036518373732295;-0.491092643137027;0;0.4910657810132471;0.094018874804769045;0;0.5;-0.12499999981437394;0.50000000000000062;0.87500371257276929;0.26667405903216211
0;1.76;-0.098942474776873929;0.49012790194461492;0;-0.4901009723826425;-0.098924538598339343;0;0.5;-0.12499999981284112;0.50000000000000062;0.87500374323211435;0.2666741200819834
1;1.76;0.098942474776873929;-0.49012790194461492;0;0.4901009723826425;0.098924538598339343;0;0.5;-0.12499999981284112;0.50000000000000062;0.87500374323211435;0.2666741200819834
0;1.77;-0.10383853782138515;0.48911415236506023;0;-0.48908715878480208;-0.10382030722428011;0;0.5;-0.12499999981131139;0.50000000000000065;0.87500377382960002;0.26667418100865842
1;1.77;0.10383853782138515;-0.48911415236506023;0;0.48908715878480208;0.10382030722428011;0;0.5;-0.12499999981131139;0.50000000000000065;0.87500377382960002;0.26667418100865842
0;1.78;-0.10872421795256998;0.48805149580012935;0;-0.48802444166229603;-0.10870569117222549;0;0.5;-0.12499999980978491;0.5000000000000007;0.87500380436216682;0.26667424180609486
1;1.78;0.10872421795256998;-0.48805149580012935;0;0.48802444166229603;0.10870569117222549;0;0.5;-0.12499999980978491;0.5000000000000007;0.87500380436216682;0.26667424180609486
0;1.79;-0.11359902665463108;0.48694003854161572;0;-0.48691292734707087;-0.11358020197156969;0;0.5;-0.12499999980826186;0.5000000000000007;0.8750038348267618;0.26667430246821329
1;1.79;0.11359902665463108;-0.48694003854161572;0;0.48691292734707087;0.11358020197156969;0;0.5;-0.12499999980826186;0.5000000000000007;0.8750038348267618;0.26667430246821329
0;1.8;-0.1184624764995114;0.48577989176069791;0;-0.48575272704978972;-0.11844335224029789;0;0.5;-0.12499999980674234;0.50000000000000066;0.87500386522033879;0.26667436298894789
1;1.8;0.1184624764995114;-0.48577989176069791;0;0.48575272704978972;0.11844335224029789;0;0.5;-0.12499999980674234;0.50000000000000066;0.87500386522033879;0.26667436298894789
0;1.81;-0.12331408119562687;0.48457117149680973;0;-0.48454395684868523;-0.12329465573370786;0;0.5;-0.12499999980522654;0.50000000000000067;0.87500389553985868;0.26667442336224699
1;1.81;0.12331408119562687;-0.48457117149680973;0;0.48454395684868523;0.12329465573370786;0;0.5;-0.12499999980522654;0.50000000000000067;0.87500389553985868;0.26667442336224699
0;1.82;-0.12815335563648511;0.48331399864602376;0;-0.48328673767792557;-0.12813362739301712;0;0.5;-0.12499999980371457;0.5000000000000007;0.87500392578228986;0.26667448358207363
1;1.82;0.12815335563648511;-0.48331399864602376;0;0.48328673767792557;0.12813362739301712;0;0.5;-0.12499999980371457;0.5000000000000007;0.87500392578228986;0.26667448358207363
0;1.83;-0.1329798159491854;0.48200849894894937;0;-0.48198119531549566;-0.13295978339385123;0;0.5;-0.12499999980220664;0.50000000000000069;0.87500395594460839;0.26667454364240619
1;1.83;0.1329798159491854;-0.48200849894894937;0;0.48198119531549566;0.13295978339385123;0;0.5;-0.12499999980220664;0.50000000000000069;0.87500395594460839;0.26667454364240619
0;1.84;-0.13779297954279504;0.48065480297814672;0;-0.48062746037059406;-0.13777264119460791;0;0.5;-0.12499999980070284;0.50000000000000072;0.87500398602379835;0.26667460353723909
1;1.84;0.13779297954279504;-0.48065480297814672;0;0.48062746037059406;0.13777264119460791;0;0.5;-0.12499999980070284;0.50000000000000072;0.87500398602379835;0.26667460353723909
0;1.85;-0.14259236515659729;0.4792530461250572;0;-0.47922566827054713;-0.1425717195846925;0;0.5;-0.12499999979920334;0.50000000000000071;0.87500401601685217;0.2666746632605832
1;1.85;0.14259236515659729;-0.4792530461250572;0;0.47922566827054713;0.1425717195846925;0;0.5;-0.12499999979920334;0.50000000000000071;0.87500401601685217;0.2666746632605832
0;1.86;-0.14737749290820598;0.47780336858645284;0;-0.4777759592472417;-0.14735653873261975;0;0.5;-0.12499999979770834;0.50000000000000069;0.87500404592077087;0.26667472280646664
1;1.86;0.14737749290820598;-0.47780336858645284;0;0.4777759592472417;0.14735653873261975;0;0.5;-0.12499999979770834;0.50000000000000069;0.87500404592077087;0.26667472280646664
0;1.87;-0.15214788434154211;0.47630591535040478;0;-0.47627847832307774;-0.15212662023397724;0;0.5;-0.12499999979621793;0.50000000000000067;0.8750040757325644;0.26667478216893523
1;1.87;0.15214788434154211;-0.47630591535040478;0;0.47627847832307774;0.15212662023397724;0;0.5;-0.12499999979621793;0.50000000000000067;0.8750040757325644;0.26667478216893523
0;1.88;-0.15690306247466754;0.47476083618177328;0;-0.47473337529644216;-0.15688148715924555;0;0.5;-0.12499999979473229;0.50000000000000066;0.87500410544925193;0.26667484134205318
1;1.88;0.15690306247466754;-0.47476083618177328;0;0.47473337529644216;0.15688148715924555;0;0.5;-0.12499999979473229;0.50000000000000066;0.87500410544925193;0.26667484134205318
0;1.89;-0.16164255184747095;0.47316828560721985;0;-0.47314080472670561;-0.16162066410147055;0;0.5;-0.12499999979325154;0.50000000000000063;0.87500413506786216;0.26667490031990358
1;1.89;0.16164255184747095;-0.47316828560721985;0;0.47314080472670561;0.16162066410147055;0;0.5;-0.12499999979325154;0.50000000000000063;0.87500413506786216;0.26667490031990358
0;1.9;-0.16636587856920163;0.47152842289974384;0;-0.47150092591874332;-0.16634367722378285;0;0.5;-0.12499999979177586;0.50000000000000063;0.87500416458543358;0.26667495909658913
1;1.9;0.16636587856920163;-0.47152842289974384;0;0.47150092591874332;0.16634367722378285;0;0.5;-0.12499999979177586;0.50000000000000063;0.87500416458543358;0.26667495909658913
0;1.91;-0.17107257036584581;0.46984141206274421;0;-0.46981390290698194;-0.17105005430675985;0;0.5;-0.12499999979030536;0.50000000000000065;0.87500419399901481;0.26667501766623262
1;1.91;0.17107257036584581;-0.46984141206274421;0;0.46981390290698194;0.17105005430675985;0;0.5;-0.12499999979030536;0.50000000000000065;0.87500419399901481;0.26667501766623262
0;1.92;-0.17576215662734126;0.46810742181360865;0;-0.4680799044389739;-0.17573932479562548;0;0.5;-0.1249999997888402;0.50000000000000062;0.8750042233056649;0.2666750760229775
1;1.92;0.17576215662734126;-0.46810742181360865;0;0.4680799044389739;0.17573932479562548;0;0.5;-0.1249999997888402;0.50000000000000062;0.8750042233056649;0.2666750760229775
0;1.93;-0.18043416845462529;0.46632662556683169;0;-0.46629910395850066;-0.18041101984728322;0;0.5;-0.12499999978738056;0.50000000000000062;0.87500425250245355;0.26667513416098861
1;1.93;0.18043416845462529;-0.46632662556683169;0;0.46629910395850066;0.18041101984728322;0;0.5;-0.12499999978738056;0.50000000000000062;0.87500425250245355;0.26667513416098861
0;1.94;-0.18508813870651128;0.46449920141666301;0;-0.46447167958820684;-0.18506467237717728;0;0.5;-0.12499999978592655;0.50000000000000062;0.87500428158646147;0.26667519207445263
1;1.94;0.18508813870651128;-0.46449920141666301;0;0.46447167958820684;0.18506467237717728;0;0.5;-0.12499999978592655;0.50000000000000062;0.87500428158646147;0.26667519207445263
0;1.95;-0.18972360204638941;0.46262533211928819;0;-0.46259781411176704;-0.18969981710597761;0;0.5;-0.12499999978447831;0.50000000000000063;0.87500431055478068;0.26667524975757867
1;1.95;0.18972360204638941;-0.46262533211928819;0;0.46259781411176704;0.18969981710597761;0;0.5;-0.12499999978447831;0.50000000000000063;0.87500431055478068;0.26667524975757867
0;1.96;-0.1943400949887466;0.46070520507454349;0;-0.46067769495558675;-0.19431599060608393;0;0.5;-0.12499999978303601;0.50000000000000065;0.87500433940451475;0.26667530720459891
1;1.96;0.1943400949887466;-0.46070520507454349;0;0.46067769495558675;0.19431599060608393;0;0.5;-0.12499999978303601;0.50000000000000065;0.87500433940451475;0.26667530720459891
0;1.97;-0.19893715594550115;0.45873901230716652;0;-0.45871151417003958;-0.19891273134794418;0;0.5;-0.12499999978159977;0.50000000000000065;0.87500436813277912;0.26667536440976915
1;1.97;0.19893715594550115;-0.45873901230716652;0;0.45871151417003958;0.19891273134794418;0;0.5;-0.12499999978159977;0.50000000000000065;0.87500436813277912;0.26667536440976915
0;1.98;-0.20351432527214741;0.4567269504475846;0;-0.45669946841024261;-0.20348957974618276;0;0.5;-0.1249999997801698;0.50000000000000065;0.8750043967367014;0.26667542136736937
1;1.98;0.20351432527214741;-0.4567269504475846;0;0.45669946841024261;0.20348957974618276;0;0.5;-0.1249999997801698;0.50000000000000065;0.8750043967367014;0.26667542136736937
0;1.99;-0.20807114531370602;0.45466922071224286;0;-0.45464175891637154;-0.20804607820553389;0;0.5;-0.12499999977874615;0.50000000000000066;0.87500442521342161;0.26667547807170433
1;1.99;0.20807114531370602;-0.45466922071224286;0;0.45464175891637154;0.20804607820553389;0;0.5;-0.12499999977874615;0.50000000000000066;0.87500442521342161;0.26667547807170433
0;2;-0.21260716045047484;0.45256602888347391;0;-0.45253859149351794;-0.21258177116657564;0;0.5;-0.12499999977732901;0.50000000000000063;0.87500445356009254;0.2666755345171041
1;2;0.21260716045047484;-0.45256602888347391;0;0.45253859149351794;0.21258177116657564;0;0.5;-0.12499999977732901;0.50000000000000063;0.87500445356009254;0.2666755345171041
