# column style format: id;time;x;y;z;vx;vy;vz;mass;totalEnergy;totalSpecificAngularMomentum;rungeLenzVector;semiMajorAxis
# this file will be overwritten without any precaution
# used integrator was velocity_verlet
0;0.5;0.4375;0.25;0;-0.23186069441531806;0.43893674604838967;0;0.5;-0.12485704485526591;0.49999999999999999;0.87597493335253434;0.26862319926793779
1;0.5;-0.4375;-0.25;0;0.23186069441531806;-0.43893674604838967;0;0.5;-0.12485704485526591;0.49999999999999999;0.87597493335253434;0.26862319926793779
0;1;0.26813930558468191;0.43893674604838967;0;-0.40029774704477217;0.27707466945088771;0;0.5;-0.12451706722845428;0.49999999999999999;0.87851672981941762;0.27387253145463437
1;1;-0.26813930558468191;-0.43893674604838967;0;0.40029774704477217;-0.27707466945088771;0;0.5;-0.12451706722845428;0.49999999999999999;0.87851672981941762;0.27387253145463437
0;1.5;0.037202252955227812;0.52707466945088766;0;-0.46975481757263887;0.064623365897560944;0;0.5;-0.12414661485616611;0.49999999999999994;0.88175016961767968;0.28087787257280522
1;1.5;-0.037202252955227812;-0.52707466945088766;0;0.46975481757263887;-0.064623365897560944;0;0.5;-0.12414661485616611;0.49999999999999994;0.88175016961767968;0.28087787257280522
0;2;-0.20161551198795696;0.50356011194595063;0;-0.43815689444271605;-0.1456319749161448;0;0.5;-0.12385282174777153;0.50000000000000001;0.88480308184137861;0.28785459965454551
1;2;0.20161551198795696;-0.50356011194595063;0;0.43815689444271605;0.1456319749161448;0;0.5;-0.12385282174777153;0.50000000000000001;0.88480308184137861;0.28785459965454551
0;2.5;-0.40095464148748822;0.38144269453474289;0;-0.32475124899248259;-0.31456428104404421;0;0.5;-0.12366509474591137;0.5;0.88707595713560802;0.29329470177639823
1;2.5;0.40095464148748822;-0.38144269453474289;0;0.32475124899248259;0.31456428104404421;0;0.5;-0.12366509474591137;0.5;0.88707595713560802;0.29329470177639823
0;3;-0.52636676098043955;0.18899583090190639;0;-0.1567919262177466;-0.41865671611805233;0;0.5;-0.12357761508573332;0.50000000000000001;0.88824820855728114;0.29618730639560743
1;3;0.52636676098043955;-0.18899583090190639;0;0.1567919262177466;0.41865671611805233;0;0.5;-0.12357761508573332;0.50000000000000001;0.88824820855728114;0.29618730639560743
0;3.5;-0.55774656770523479;-0.037214021583309442;0;0.037029354706381384;-0.44576157558021173;0;0.5;-0.12358164333182786;0.49999999999999999;0.88819239959153443;0.29604821395209714
1;3.5;0.55774656770523479;0.037214021583309442;0;-0.037029354706381384;0.44576157558021173;0;0.5;-0.12358164333182786;0.49999999999999999;0.88819239959153443;0.29604821395209714
0;4;-0.48933740627405814;-0.25676574467830532;0;0.2274329057287561;-0.39155604729897964;0;0.5;-0.12367766054456061;0.49999999999999999;0.88691404522206407;0.29289990517542846
1;4;0.48933740627405814;0.25676574467830532;0;-0.2274329057287561;0.39155604729897964;0;0.5;-0.12367766054456061;0.49999999999999999;0.88691404522206407;0.29289990517542846
0;4.5;-0.33031366197647871;-0.42877006888228908;0;0.38314798975627151;-0.25950367758690152;0;0.5;-0.12387487801180235;0.50000000000000006;0.88455462545648404;0.28727296039881544
1;4.5;0.33031366197647871;0.42877006888228908;0;-0.38314798975627151;0.25950367758690152;0;0.5;-0.12387487801180235;0.50000000000000006;0.88455462545648404;0.28727296039881544
0;5;-0.10618941651778667;-0.51626942226520689;0;0.4709110380814383;-0.064818422184607857;0;0.5;-0.12417762128297707;0.50000000000000012;0.88145645184483893;0.28022567546449723
1;5;0.10618941651778667;0.51626942226520689;0;-0.4709110380814383;0.064818422184607857;0;0.5;-0.12417762128297707;0.50000000000000012;0.88145645184483893;0.28022567546449723
0;5.5;0.14059737610495956;-0.49358849106689695;0;0.46107155760187329;0.15946517801790377;0;0.5;-0.12455107063724292;0.50000000000000009;0.87824647736968666;0.27330394406387309
1;5.5;-0.14059737610495956;0.49358849106689695;0;-0.46107155760187329;-0.15946517801790377;0;0.5;-0.12455107063724292;0.50000000000000009;0.87824647736968666;0.27330394406387309
0;6;0.35488214108408661;-0.35680424424730312;0;0.34155166271651832;0.36105766472667566;0;0.5;-0.12488029065489926;0.5000000000000001;0.87581298376799308;0.26829605512319868
1;6;-0.35488214108408661;0.35680424424730312;0;-0.34155166271651832;-0.36105766472667566;0;0.5;-0.12488029065489926;0.5000000000000001;0.87581298376799308;0.26829605512319868
0;6.5;0.48214903882147786;-0.13253082634022129;0;0.13401975877483904;0.4816731589703383;0;0.5;-0.12499877985623501;0.50000000000000012;0.87500811523374321;0.26668282605283509
1;6.5;-0.48214903882147786;0.13253082634022129;0;-0.13401975877483904;-0.4816731589703383;0;0.5;-0.12499877985623501;0.50000000000000012;0.87500811523374321;0.26668282605283509
0;7;0.48890189985892563;0.12486891472303518;0;-0.10541015658289439;0.48442754715219788;0;0.5;-0.12483216345451059;0.50000000000000009;0.87614981374023418;0.26897742937437278
1;7;-0.48890189985892563;-0.12486891472303518;0;0.10541015658289439;-0.48442754715219788;0;0.5;-0.12483216345451059;0.50000000000000009;0.87614981374023418;0.26897742937437278
0;7.5;0.37673888223858343;0.35189672081197659;0;-0.31025656619839148;0.37379134032473377;0;0.5;-0.12448287350114618;0.50000000000000007;0.87879250619759552;0.27445536620870128
1;7.5;-0.37673888223858343;-0.35189672081197659;0;0.31025656619839148;-0.37379134032473377;0;0.5;-0.12448287350114618;0.50000000000000007;0.87879250619759552;0.27445536620870128
0;8;0.17864533366053412;0.49866025504776895;0;-0.43375054452981082;0.18867463340354865;0;0.5;-0.12411628032675751;0.50000000000000006;0.88204223076274751;0.28152962530829184
1;8;-0.17864533366053412;-0.49866025504776895;0;0.43375054452981082;-0.18867463340354865;0;0.5;-0.12411628032675751;0.50000000000000006;0.88204223076274751;0.28152962530829184
0;8.5;-0.057011662291227408;0.54057135421552527;0;-0.46022100073465971;-0.021358970173865163;0;0.5;-0.1238316386995681;0.5000000000000001;0.88504508200635643;0.28842355154934187
1;8.5;0.057011662291227408;-0.54057135421552527;0;0.46022100073465971;0.021358970173865163;0;0.5;-0.1238316386995681;0.5000000000000001;0.88504508200635643;0.28842355154934187
0;9;-0.28157566707412557;0.47730128487390378;0;-0.39742420438023868;-0.21418369433693529;0;0.5;-0.12365333406573382;0.50000000000000005;0.88722890517747286;0.29366868662280969
1;9;0.28157566707412557;-0.47730128487390378;0;0.39742420438023868;0.21418369433693529;0;0.5;-0.12365333406573382;0.50000000000000005;0.88722890517747286;0.29366868662280969
0;9.5;-0.45443586667146607;0.32638765987858992;0;-0.26463902927993954;-0.36006199888943069;0;0.5;-0.12357431466801097;0.49999999999999999;0.88829407269195124;0.29630171780779313
1;9.5;0.45443586667146607;-0.32638765987858992;0;0.26463902927993954;0.36006199888943069;0;0.5;-0.12357431466801097;0.49999999999999999;0.88829407269195124;0.29630171780779313
0;10;-0.54621469635406517;0.11723928598447306;0;-0.0856578042095026;-0.43930993032076127;0;0.5;-0.12358640354318759;0.50000000000000003;0.8881266880070524;0.2958846198129146
1;10;0.54621469635406517;-0.11723928598447306;0;0.0856578042095026;0.43930993032076127;0;0.5;-0.12358640354318759;0.50000000000000003;0.8881266880070524;0.2958846198129146
0;10.5;-0.54009367088096871;-0.11292227044217135;0;0.11271277963483764;-0.43931678856514217;0;0.5;-0.12369104031909155;0.50000000000000003;0.8867433209163858;0.2924848482460598
1;10.5;0.54009367088096871;0.11292227044217135;0;-0.11271277963483764;0.43931678856514217;0;0.5;-0.12369104031909155;0.50000000000000003;0.8867433209163858;0.2924848482460598
0;11;-0.4335019167192275;-0.32207750258066914;0;0.2991898716759972;-0.35441059752608361;0;0.5;-0.12389780597079935;0.50000000000000002;0.88430003914823584;0.28667957251363638
1;11;0.4335019167192275;0.32207750258066914;0;-0.2991898716759972;0.35441059752608361;0;0.5;-0.12389780597079935;0.50000000000000002;0.88430003914823584;0.28667957251363638
0;11.5;-0.24090379920497151;-0.46733286796825502;0;0.43699327620809092;-0.19002887915386743;0;0.5;-0.12420925443694882;0.50000000000000005;0.88116163530251099;0.27957429427136448
1;11.5;0.24090379920497151;0.46733286796825502;0;-0.43699327620809092;0.19002887915386743;0;0.5;-0.12420925443694882;0.50000000000000005;0.88116163530251099;0.27957429427136448
0;12;0.0034913594888634084;-0.5121063817345366;0;0.48797798503949991;0.029604432210888005;0;0.5;-0.12458476814256618;0.50000000000000005;0.87798245838437613;0.27275091445598837
1;12;-0.0034913594888634084;0.5121063817345366;0;-0.48797798503949991;-0.029604432210888005;0;0.5;-0.12458476814256618;0.50000000000000005;0.87798245838437613;0.27275091445598837
0;12.5;0.24707418583452839;-0.43772843575736703;0;0.42636703507850243;0.25646962859575778;0;0.5;-0.12490177808789399;0.50000000000000008;0.8756644947423479;0.26799685423335295
1;12.5;-0.24707418583452839;0.43772843575736703;0;-0.42636703507850243;-0.25646962859575778;0;0.5;-0.12490177808789399;0.50000000000000008;0.8756644947423479;0.26799685423335295
0;13;0.42985839456736585;-0.25563675313877887;0;0.2581865493056264;0.42804335371091368;0;0.5;-0.12499512679809962;0.5000000000000001;0.87503243236113017;0.26673125994035565
1;13;-0.42985839456736585;0.25563675313877887;0;-0.2581865493056264;-0.42804335371091368;0;0.5;-0.12499512679809962;0.5000000000000001;0.87503243236113017;0.26673125994035565
0;13.5;0.50526073514015479;-0.0096850820464533718;0;0.028461545661089854;0.49424847455409771;0;0.5;-0.12480577440437216;0.50000000000000006;0.87633706094839546;0.26935782502538071
1;13.5;-0.50526073514015479;0.0096850820464533718;0;-0.028461545661089854;-0.49424847455409771;0;0.5;-0.12480577440437216;0.50000000000000006;0.87633706094839546;0.26935782502538071
0;14;0.45831994022845568;0.23861172141531883;0;-0.19769886873772261;0.44254398468355793;0;0.5;-0.12444859934501155;0.50000000000000006;0.87907310073314506;0.27505112438603676
1;14;-0.45831994022845568;-0.23861172141531883;0;0.19769886873772261;-0.44254398468355793;0;0.5;-0.12444859934501155;0.50000000000000006;0.87907310073314506;0.27505112438603676
0;14.5;0.30756186640243216;0.43285890263710453;0;-0.36571076920232465;0.29814761769108977;0;0.5;-0.1240866573068658;0.50000000000000004;0.88233209814148738;0.28217969499981486
1;14.5;-0.30756186640243216;-0.43285890263710453;0;0.36571076920232465;-0.29814761769108977;0;0.5;-0.1240866573068658;0.50000000000000004;0.88233209814148738;0.28217969499981486
0;15;0.092609171026131018;0.53675933910640861;0;-0.4478137641143437;0.10400460153686072;0;0.5;-0.12381132836752556;0.50000000000000006;0.88528031841692319;0.28897891142396385
1;15;-0.092609171026131018;-0.53675933910640861;0;0.4478137641143437;-0.10400460153686072;0;0.5;-0.12381132836752556;0.50000000000000006;0.88528031841692319;0.28897891142396385
0;15.5;-0.14025189771191154;0.53686350417396522;0;-0.44006790598504969;-0.097992270640056348;0;0.5;-0.12364236968878803;0.49999999999999999;0.88737274989489929;0.29402134262479614
1;15.5;0.14025189771191154;-0.53686350417396522;0;0.44006790598504969;0.097992270640056348;0;0.5;-0.12364236968878803;0.49999999999999999;0.88737274989489929;0.29402134262479614
0;16;-0.34745873495891866;0.43876706846635222;0;-0.3524797101952773;-0.27440240025918933;0;0.5;-0.12357173864924598;0.5;0.88832995763260059;0.2963913011723518
1;16;0.34745873495891866;-0.43876706846635222;0;0.3524797101952773;0.27440240025918933;0;0.5;-0.12357173864924598;0.5;0.88832995763260059;0.2963913011723518
0;16.5;-0.49273160790718878;0.2624611039147759;0;-0.20205102142436129;-0.39975001138338861;0;0.5;-0.12359190053888329;0.49999999999999998;0.88805112406889117;0.2956967357563196
1;16.5;0.49273160790718878;-0.2624611039147759;0;0.20205102142436129;0.39975001138338861;0;0.5;-0.12359190053888329;0.49999999999999998;0.88805112406889117;0.2956967357563196
0;17;-0.54950975638327992;0.039017057082963595;0;-0.010843814478022204;-0.45418102840277047;0;0.5;-0.12370524285495279;0.5;0.88656394827892744;0.292050116927485
1;17;0.54950975638327992;-0.039017057082963595;0;0.010843814478022204;0.45418102840277047;0;0.5;-0.12370524285495279;0.5;0.88656394827892744;0.292050116927485
0;17.5;-0.50357542238521102;-0.19171992448799458;0;0.19245607518705218;-0.42317858720847085;0;0.5;-0.12392160180590893;0.50000000000000003;0.88403966851989753;0.28607540836902979
1;17.5;0.50357542238521102;0.19171992448799458;0;-0.19245607518705218;0.42317858720847085;0;0.5;-0.12392160180590893;0.50000000000000003;0.88403966851989753;0.28607540836902979
0;18;-0.35705368119622777;-0.38416153012550724;0;0.37038716087718898;-0.3016675284727876;0;0.5;-0.12424146330583327;0.5;0.88086629804002655;0.27892500876368098
1;18;0.35705368119622777;0.38416153012550724;0;-0.37038716087718898;0.3016675284727876;0;0.5;-0.12424146330583327;0.5;0.88086629804002655;0.27892500876368098
0;18.5;-0.13318826150802204;-0.49338745296078218;0;0.4789147308653961;-0.10293310084310997;0;0.5;-0.12461803895191277;0.50000000000000002;0.8777253833754762;0.2722147352876601
1;18.5;0.13318826150802204;0.49338745296078218;0;-0.4789147308653961;0.10293310084310997;0;0.5;-0.12461803895191277;0.50000000000000002;0.8777253833754762;0.2722147352876601
0;19;0.12186104966916832;-0.48709463096861721;0;0.48001525259881977;0.13283282656776396;0;0.5;-0.12492139089522319;0.5;0.87552995836400411;0.2677263868115137
1;19;-0.12186104966916832;0.48709463096861721;0;-0.48001525259881977;-0.13283282656776396;0;0.5;-0.12492139089522319;0.5;0.87552995836400411;0.2677263868115137
0;19.5;0.34682699109079773;-0.36055462639301822;0;0.36337506030041394;0.34306280638260489;0;0.5;-0.1249890628482156;0.49999999999999998;0.87507286587419693;0.26681183574408972
1;19.5;-0.34682699109079773;0.36055462639301822;0;-0.36337506030041394;-0.34306280638260489;0;0.5;-0.1249890628482156;0.49999999999999998;0.87507286587419693;0.26681183574408972
0;20;0.48523610996958227;-0.14403182458601232;0;0.15988543596884597;0.46775457198951065;0;0.5;-0.12477800952368278;0.50000000000000001;0.87653608032758725;0.26976340683691044
1;20;-0.48523610996958227;0.14403182458601232;0;-0.15988543596884597;-0.46775457198951065;0;0.5;-0.12477800952368278;0.50000000000000001;0.87653608032758725;0.26976340683691044
0;20.5;0.5067124270596437;0.10719994559649242;0;-0.071020804569498011;0.478351350134541;0;0.5;-0.12441434857167168;0.49999999999999999;0.87935781400592963;0.27565847262531217
1;20.5;-0.5067124270596437;-0.10719994559649242;0;0.071020804569498011;-0.478351350134541;0;0.5;-0.12441434857167168;0.49999999999999999;0.87935781400592963;0.27565847262531217
0;21;0.41421530540008422;0.33431952554852867;0;-0.27081758978580095;0.38496982075202318;0;0.5;-0.12405778015649114;0.5;0.88261925570661183;0.28282686653347819
1;21;-0.41421530540008422;-0.33431952554852867;0;0.27081758978580095;-0.38496982075202318;0;0.5;-0.12405778015649114;0.5;0.88261925570661183;0.28282686653347819
0;21.5;0.23589483727384275;0.49216976634851561;0;-0.40198411991944666;0.22109669811419627;0;0.5;-0.12379188849370225;0.50000000000000002;0.88550850172407574;0.28951980902925401
1;21.5;-0.23589483727384275;-0.49216976634851561;0;0.40198411991944666;-0.22109669811419627;0;0.5;-0.12379188849370225;0.50000000000000002;0.88550850172407574;0.28951980902925401
0;22;0.012231185480637568;0.55541622366272492;0;-0.44955649338837878;0.025265753647436842;0;0.5;-0.1236321929448662;0.49999999999999999;0.88750736333202267;0.29435218683774403
1;22;-0.012231185480637568;-0.55541622366272492;0;0.44955649338837878;-0.025265753647436842;0;0.5;-0.1236321929448662;0.49999999999999999;0.88750736333202267;0.29435218683774403
0;22.5;-0.21366165611453602;0.51743551999595239;0;-0.41372757428445256;-0.16812870459172824;0;0.5;-0.12356988432782662;0.49999999999999996;0.88835583669840058;0.29645594168912728
1;22.5;0.21366165611453602;-0.51743551999595239;0;0.41372757428445256;0.16812870459172824;0;0.5;-0.12356988432782662;0.49999999999999996;0.88835583669840058;0.29645594168912728
0;23;-0.401496388803815;0.38728751907099668;0;-0.30339395285172405;-0.330013699733814;0;0.5;-0.12359813978956938;0.49999999999999998;0.8879657663338552;0.29548480614501618
1;23;0.401496388803815;-0.38728751907099668;0;0.30339395285172405;0.330013699733814;0;0.5;-0.12359813978956938;0.49999999999999998;0.8879657663338552;0.29548480614501618
0;23.5;-0.51705560896626002;0.18742182026213841;0;-0.13398776598850959;-0.4349392311113115;0;0.5;-0.12372027673948119;0.49999999999999995;0.88637610452646838;0.29159633182909536
1;23.5;0.51705560896626002;-0.18742182026213841;0;0.13398776598850959;0.4349392311113115;0;0.5;-0.12372027673948119;0.49999999999999995;0.88637610452646838;0.29159633182909536
0;24;-0.53548415479232458;-0.047651712040314806;0;0.07084357767162229;-0.46056298777418314;0;0.5;-0.1239462591084272;0.5;0.88377387898544153;0.28546147343455665
1;24;0.53548415479232458;0.047651712040314806;0;-0.07084357767162229;0.46056298777418314;0;0.5;-0.1239462591084272;0.5;0.88377387898544153;0.28546147343455665
0;24.5;-0.44621203129463777;-0.2731411675120447;0;0.27592032262137833;-0.39137178895022612;0;0.5;-0.12427419078058539;0.49999999999999996;0.88057103760001716;0.27827911586007358
1;24.5;0.44621203129463777;0.2731411675120447;0;-0.27592032262137833;0.39137178895022612;0;0.5;-0.12427419078058539;0.49999999999999996;0.88057103760001716;0.27827911586007358
0;25;-0.25956383217094625;-0.43902350099054088;0;0.43443930193318631;-0.22834821092628427;0;0.5;-0.12465075766081336;0.49999999999999998;0.87747596085110016;0.2716966770866197
1;25;0.25956383217094625;0.43902350099054088;0;-0.43443930193318631;0.22834821092628427;0;0.5;-0.12465075766081336;0.49999999999999998;0.87747596085110016;0.2716966770866197
0;25.5;-0.011772729361451493;-0.50148937843832897;0;0.49849683308890536;-0.00077577768833580422;0;0.5;-0.12493902062247548;0.5;0.87540982577538949;0.26748537227201873
1;25.5;0.011772729361451493;0.50148937843832897;0;-0.49849683308890536;0.00077577768833580422;0;0.5;-0.12493902062247548;0.5;0.87540982577538949;0.26748537227201873
0;26;0.2389330009179591;-0.43979927867887669;0;0.44186137931742608;0.23299286363233435;0;0.5;-0.12498062439033793;0.49999999999999996;0.87512927396839979;0.26692433324570491
1;26;-0.2389330009179591;0.43979927867887669;0;-0.44186137931742608;-0.23299286363233435;0;0.5;-0.12498062439033793;0.49999999999999996;0.87512927396839979;0.26692433324570491
0;26.5;0.43008864995597457;-0.26849651480599462;0;0.27919211615484152;0.40698095583092492;0;0.5;-0.12474900320219824;0.49999999999999998;0.87674625020014792;0.27019314077859303
1;26.5;-0.43008864995597457;0.26849651480599462;0;-0.27919211615484152;-0.40698095583092492;0;0.5;-0.12474900320219824;0.49999999999999998;0.87674625020014792;0.27019314077859303
0;27;0.51812511707280062;-0.032818322847951803;0;0.060362543793187867;0.47868554211592668;0;0.5;-0.12438021863204273;0.50000000000000002;0.87964595532163159;0.27627607208301674
1;27;-0.51812511707280062;0.032818322847951803;0;-0.060362543793187867;-0.47868554211592668;0;0.5;-0.12438021863204273;0.50000000000000002;0.87964595532163159;0.27627607208301674
0;27.5;0.49045119374916246;0.21018902730993205;0;-0.15623009093000231;0.44278034576860775;0;0.5;-0.12402967830530925;0.50000000000000002;0.88290320872881853;0.28346995010513192
1;27.5;-0.49045119374916246;-0.21018902730993205;0;0.15623009093000231;-0.44278034576860775;0;0.5;-0.12402967830530925;0.50000000000000002;0.88290320872881853;0.28346995010513192
0;28;0.36189502614279828;0.40996202292065592;0;-0.3262708293004597;0.32120184695248188;0;0.5;-0.12377331530842859;0.5;0.8857293601637888;0.29004540877728534
1;28;-0.36189502614279828;-0.40996202292065592;0;0.3262708293004597;-0.32120184695248188;0;0.5;-0.12377331530842859;0.5;0.8857293601637888;0.29004540877728534
0;28.5;0.16418036444870276;0.53139087426241394;0;-0.42525120996130461;0.14633532967347992;0;0.5;-0.12362279540113043;0.50000000000000002;0.88763262852631336;0.29466077026183202
1;28.5;-0.16418036444870276;-0.53139087426241394;0;0.42525120996130461;-0.14633532967347992;0;0.5;-0.12362279540113043;0.50000000000000002;0.88763262852631336;0.29466077026183202
0;29;-0.063356183818506315;0.55629735259413582;0;-0.44379274289412918;-0.049233900142117031;0;0.5;-0.12356874974555436;0.49999999999999999;0.8883716907596392;0.29649555669216475
1;29;0.063356183818506315;-0.55629735259413582;0;0.44379274289412918;0.049233900142117031;0;0.5;-0.12356874974555436;0.49999999999999999;0.8883716907596392;0.29649555669216475
0;29.5;-0.27961237844542641;0.48215697412029684;0;-0.38204838583840633;-0.23529969124543418;0;0.5;-0.12360512738122234;0.49999999999999999;0.887870681924842;0.29524910808481411
1;29.5;0.27961237844542641;-0.48215697412029684;0;0.38204838583840633;0.23529969124543418;0;0.5;-0.12360512738122234;0.49999999999999999;0.887870681924842;0.29524910808481411
0;30;-0.44540456965691266;0.32099766134870161;0;-0.24747656354173164;-0.38293410863716693;0;0.5;-0.12373615022299229;0.49999999999999997;0.8861799806265006;0.29112414836239345
1;30;0.44540456965691266;-0.32099766134870161;0;0.24747656354173164;0.38293410863716693;0;0.5;-0.12373615022299229;0.49999999999999997;0.8861799806265006;0.29112414836239345
0;30.5;-0.52708894198715806;0.099222865483129891;0;-0.056611647877835465;-0.46364628549500725;0;0.5;-0.12397176857473089;0.49999999999999996;0.88350305622359669;0.28483880562543767
1;30.5;0.52708894198715806;-0.099222865483129891;0;0.056611647877835465;0.46364628549500725;0;0.5;-0.12397176857473089;0.49999999999999996;0.88350305622359669;0.28483880562543767
0;31;-0.50201621753474812;-0.14264862414630564;0;0.16051047322510939;-0.45238260020483551;0;0.5;-0.12430737343714981;0.49999999999999995;0.88027647014035978;0.27763792709043666
1;31;0.50201621753474812;0.14264862414630564;0;-0.16051047322510939;0.45238260020483551;0;0.5;-0.12430737343714981;0.49999999999999995;0.88027647014035978;0.27763792709043666
0;31.5;-0.36657846876204864;-0.35315973472170564;0;0.35773391306137881;-0.3373432885458339;0;0.5;-0.12468279495748195;0.49999999999999996;0.87723489416006839;0.27119798378438472
1;31.5;0.36657846876204864;0.35315973472170564;0;-0.35773391306137881;0.3373432885458339;0;0.5;-0.12468279495748195;0.49999999999999996;0.87723489416006839;0.27119798378438472
0;32;-0.14428230447336929;-0.47999191269213953;0;0.48040268907585887;-0.13453205144511643;0;0.5;-0.1249545678716613;0.49999999999999995;0.87530450409743071;0.26727445578470421
1;32;0.14428230447336929;0.47999191269213953;0;-0.48040268907585887;0.13453205144511643;0;0.5;-0.1249545678716613;0.49999999999999995;0.87530450409743071;0.26727445578470421
0;32.5;0.11382422031381023;-0.48769178616682207;0;0.4878929090561408;0.10594085943253957;0;0.5;-0.12496986169619598;0.49999999999999994;0.87520145959476395;0.26706844572039396
1;32.5;-0.11382422031381023;0.48769178616682207;0;-0.4878929090561408;-0.10594085943253957;0;0.5;-0.12496986169619598;0.49999999999999994;0.87520145959476395;0.26706844572039396
0;33;0.34361060458277154;-0.37405105325959997;0;0.37762608794795199;0.31648779931228815;0;0.5;-0.12471889114726215;0.49999999999999995;0.87696692553642451;0.27064594262071974
1;33;-0.34361060458277154;0.37405105325959997;0;-0.37762608794795199;-0.31648779931228815;0;0.5;-0.12471889114726215;0.49999999999999995;0.87696692553642451;0.27064594262071974
0;33.5;0.49145030826176223;-0.17120398685453392;0;0.18671758678456574;0.44365259531080281;0;0.5;-0.12434630042787308;0.49999999999999995;0.87993684487046397;0.27690258219848244
1;33.5;-0.49145030826176223;0.17120398685453392;0;-0.18671758678456574;-0.44365259531080281;0;0.5;-0.12434630042787308;0.49999999999999995;0.87993684487046397;0.27690258219848244
0;34;0.53032819136733722;0.069601542051202822;0;-0.03054594868938398;0.46739728134895531;0;0.5;-0.12400237658450978;0.49999999999999994;0.88318348389122056;0.28410778279223582
1;34;-0.53032819136733722;-0.069601542051202822;0;0.03054594868938398;-0.46739728134895531;0;0.5;-0.12400237658450978;0.49999999999999994;0.88318348389122056;0.28410778279223582
0;34.5;0.46090435957237824;0.29619329449442139;0;-0.22643159961768547;0.39689899809435214;0;0.5;-0.12375560376092826;0.49999999999999994;0.88594263893991318;0.29055490991470529
1;34.5;-0.46090435957237824;-0.29619329449442139;0;0.22643159961768547;-0.39689899809435214;0;0.5;-0.12375560376092826;0.49999999999999994;0.88594263893991318;0.29055490991470529
0;35;0.30389659174965178;0.46650054014555498;0;-0.36904356655632753;0.25614297421392618;0;0.5;-0.12361416894465395;0.49999999999999993;0.88774843903323563;0.29494667763664067
1;35;-0.30389659174965178;-0.46650054014555498;0;0.36904356655632753;-0.25614297421392618;0;0.5;-0.12361416894465395;0.49999999999999993;0.88774843903323563;0.29494667763664067
0;35.5;0.091860793016050726;0.55233626870834762;0;-0.44042451716343772;0.073345388397571834;0;0.5;-0.12356833369874282;0.49999999999999998;0.88837750814318971;0.29651009558996459
1;35.5;-0.091860793016050726;-0.55233626870834762;0;0.44042451716343772;-0.073345388397571834;0;0.5;-0.12356833369874282;0.49999999999999998;0.88837750814318971;0.29651009558996459
0;36;-0.13652792541378594;0.53984592854312685;0;-0.43206733512389589;-0.12268704901301233;0;0.5;-0.12361286997278212;0.49999999999999998;0.88776594683999419;0.29498995159807786
1;36;0.13652792541378594;-0.53984592854312685;0;0.43206733512389589;0.12268704901301233;0;0.5;-0.12361286997278212;0.49999999999999998;0.88776594683999419;0.29498995159807786
0;36.5;-0.34020654210784518;0.42964921969533526;0;-0.3427657572411707;-0.30196644434452014;0;0.5;-0.12375287106639547;0.49999999999999996;0.88597578190685381;0.29063425684157109
1;36.5;0.34020654210784518;-0.42964921969533526;0;0.3427657572411707;0.30196644434452014;0;0.5;-0.12375287106639547;0.49999999999999996;0.88597578190685381;0.29063425684157109
0;37;-0.47929368265495664;0.23787948419860672;0;-0.18040576200047753;-0.43206321694406791;0;0.5;-0.12399811768959809;0.49999999999999994;0.88322760657195635;0.28420847452409561
1;37;0.47929368265495664;-0.23787948419860672;0;0.18040576200047753;0.43206321694406791;0;0.5;-0.12399811768959809;0.49999999999999994;0.88322760657195635;0.28420847452409561
0;37.5;-0.52061230410832271;-0.002413997248732641;0;0.032656877316909895;-0.48005236222001424;0;0.5;-0.12434094136276648;0.49999999999999992;0.87998322936548006;0.27700276585340958
1;37.5;0.52061230410832271;0.002413997248732641;0;-0.032656877316909895;0.48005236222001424;0;0.5;-0.12434094136276648;0.49999999999999992;0.87998322936548006;0.27700276585340958
0;38;-0.44663680533804678;-0.24217287802140755;0;0.25437544659313732;-0.42181289976307834;0;0.5;-0.12471401843539739;0.49999999999999995;0.87700287818020012;0.27071986817292986
1;38;0.44663680533804678;0.24217287802140755;0;-0.25437544659313732;0.42181289976307834;0;0.5;-0.12471401843539739;0.49999999999999995;0.87700287818020012;0.27071986817292986
0;38.5;-0.26623685751518539;-0.42422689701181099;0;0.42702088733061044;-0.25859024423234922;0;0.5;-0.12496794348227267;0.49999999999999994;0.87521435359724386;0.26709420513591814
1;38.5;0.26623685751518539;0.42422689701181099;0;-0.42702088733061044;0.25859024423234922;0;0.5;-0.12496794348227267;0.49999999999999994;0.87521435359724386;0.26709420513591814
0;39;-0.019615918007436329;-0.50076312225375674;0;0.49811225854240609;-0.028739423728242224;0;0.5;-0.12495683827831102;0.49999999999999992;0.87528917191127067;0.26724378149719108
1;39;0.019615918007436329;0.50076312225375674;0;-0.49811225854240609;0.028739423728242224;0;0.5;-0.12495683827831102;0.49999999999999992;0.87528917191127067;0.26724378149719108
0;39.5;0.23187540102722071;-0.45296632074005316;0;0.44799131269766074;0.20301861756481707;0;0.5;-0.12468780919085971;0.49999999999999991;0.87719744162990207;0.2711206824708231
1;39.5;-0.23187540102722071;0.45296632074005316;0;-0.44799131269766074;-0.20301861756481707;0;0.5;-0.12468780919085971;0.49999999999999991;0.87719744162990207;0.2711206824708231
0;40;0.4283753946902244;-0.29774450468893965;0;0.29871454731553365;0.37597720845433741;0;0.5;-0.12431267821040821;0.49999999999999991;0.88022981566776734;0.27753666427352182
1;40;-0.4283753946902244;0.29774450468893965;0;-0.29871454731553365;-0.37597720845433741;0;0.5;-0.12431267821040821;0.49999999999999991;0.88022981566776734;0.27753666427352182
0;40.5;0.5305899483427543;-0.076989112285715741;0;0.096842370823877422;0.4571217238400172;0;0.5;-0.12397589556359903;0.49999999999999989;0.88345962926403747;0.28473922995311557
1;40.5;-0.5305899483427543;0.076989112285715741;0;-0.096842370823877422;-0.4571217238400172;0;0.5;-0.12397589556359903;0.49999999999999989;0.88345962926403747;0.28473922995311557
0;41;0.52521776551410182;0.15937721915107755;0;-0.11000761053271474;0.4426112523446229;0;0.5;-0.12373874773402766;0.49999999999999992;0.88614809959718387;0.29104754662683105
1;41;-0.52521776551410182;-0.15937721915107755;0;0.11000761053271474;-0.4426112523446229;0;0.5;-0.12373874773402766;0.49999999999999992;0.88614809959718387;0.29104754662683105
0;41.5;0.42058233781003962;0.36562214005890714;0;-0.28520966544027915;0.34647444425509044;0;0.5;-0.12360630585586837;0.49999999999999996;0.88785469848073601;0.29520952723494553
1;41.5;-0.42058233781003962;-0.36562214005890714;0;0.28520966544027915;-0.34647444425509044;0;0.5;-0.12360630585586837;0.49999999999999996;0.88785469848073601;0.29520952723494553
0;42;0.2400081000738227;0.50585166340616794;0;-0.40387925465451224;0.19039777075738684;0;0.5;-0.12356863574495157;0.49999999999999994;0.88837328457457525;0.2964995398286125
1;42;-0.2400081000738227;-0.50585166340616794;0;0.40387925465451224;-0.19039777075738684;0;0.5;-0.12356863574495157;0.49999999999999994;0.88837328457457525;0.2964995398286125
0;42.5;0.016703083155527373;0.55601991081629398;0;-0.44964244453015567;-0.00060778640584292429;0;0.5;-0.12362137474721347;0.49999999999999995;0.88765164629603573;0.29470767980962232
1;42.5;-0.016703083155527373;-0.55601991081629398;0;0.44964244453015567;0.00060778640584292429;0;0.5;-0.12362137474721347;0.49999999999999995;0.88765164629603573;0.29470767980962232
0;43;-0.20963434445633297;0.50524387700032503;0;-0.41264988409641384;-0.1980170416400443;0;0.5;-0.12377044637466224;0.49999999999999994;0.88576372867686876;0.29012738254625512
1;43;0.20963434445633297;-0.50524387700032503;0;0.41264988409641384;0.1980170416400443;0;0.5;-0.12377044637466224;0.49999999999999994;0.88576372867686876;0.29012738254625512
0;43.5;-0.39594680094088647;0.35800286917624968;0;-0.29127503514529479;-0.36803606280513274;0;0.5;-0.12402529039998229;0.49999999999999996;0.88294795735055606;0.28357158046740178
1;43.5;0.39594680094088647;-0.35800286917624968;0;0.29127503514529479;0.36803606280513274;0;0.5;-0.12402529039998229;0.49999999999999996;0.88294795735055606;0.28357158046740178
0;44;-0.50090937960162774;0.13720781419519232;0;-0.098187295815578349;-0.47219705877242291;0;0.5;-0.12437481803507518;0.49999999999999993;0.87969196525788496;0.27637496446787904
1;44;0.50090937960162774;-0.13720781419519232;0;0.098187295815578349;0.47219705877242291;0;0.5;-0.12437481803507518;0.49999999999999993;0.87969196525788496;0.27637496446787904
0;44.5;-0.49413409675646475;-0.11419418959617322;0;0.13192722033245521;-0.47544721064704748;0;0.5;-0.12474429351027895;0.49999999999999989;0.87678059587328471;0.27026350731303125
1;44.5;0.49413409675646475;0.11419418959617322;0;-0.13192722033245521;0.47544721064704748;0;0.5;-0.12474429351027895;0.49999999999999989;0.87678059587328471;0.27026350731303125
0;45;-0.36898215926917249;-0.33823939645185519;0;0.34224379014817763;-0.36381072528484265;0;0.5;-0.12497906961761895;0.49999999999999991;0.87513968513700665;0.26694510792776959
1;45;0.36898215926917249;0.33823939645185519;0;-0.34224379014817763;0.36381072528484265;0;0.5;-0.12497906961761895;0.49999999999999991;0.87513968513700665;0.26694510792776959
0;45.5;-0.15189030660828712;-0.47800491488101587;0;0.4718037536086126;-0.16113922910756651;0;0.5;-0.12494163008338607;0.4999999999999999;0.87539210811248478;0.26744986593618071
1;45.5;0.15189030660828712;0.47800491488101587;0;-0.4718037536086126;0.16113922910756651;0;0.5;-0.12494163008338607;0.4999999999999999;0.87539210811248478;0.26744986593618071
0;46;0.1028215943394401;-0.4993786255594217;0;0.485180242353483;0.074997450433158516;0;0.5;-0.12465589217202764;0.4999999999999999;0.87743711773465386;0.27161618936406666
1;46;-0.1028215943394401;0.4993786255594217;0;-0.485180242353483;-0.074997450433158516;0;0.5;-0.12465589217202764;0.4999999999999999;0.87743711773465386;0.27161618936406666
0;46.5;0.33328993574519589;-0.4030074644478574;0;0.38811798638300238;0.28079322044913291;0;0.5;-0.12427942955840455;0.49999999999999993;0.88052421527733217;0.27817698485798905
1;46.5;-0.33328993574519589;0.4030074644478574;0;-0.38811798638300238;-0.28079322044913291;0;0.5;-0.12427942955840455;0.49999999999999993;0.88052421527733217;0.27817698485798905
0;47;0.49093958072244248;-0.21858540511028879;0;0.21644865500060873;0.41285626789930008;0;0.5;-0.12395025188772597;0.49999999999999992;0.88373121417194803;0.28536318646224891
1;47;-0.49093958072244248;0.21858540511028879;0;-0.21644865500060873;-0.41285626789930008;0;0.5;-0.12395025188772597;0.49999999999999992;0.88373121417194803;0.28536318646224891
0;47.5;0.54973859074580467;0.0098488034514426955;0;0.014243727840229172;0.4550167804966368;0;0.5;-0.12372274024316384;0.49999999999999998;0.88634551939040685;0.29152258808068106
1;47.5;-0.54973859074580467;-0.0098488034514426955;0;-0.014243727840229172;-0.4550167804966368;0;0.5;-0.12372274024316384;0.49999999999999998;0.88634551939040685;0.29152258808068106
0;48;0.50518330856267168;0.23643137538634801;0;-0.18008683292141567;0.41058724405120767;0;0.5;-0.12359919887358857;0.49999999999999998;0.8879513201549241;0.29544897065943363
1;48;-0.50518330856267168;-0.23643137538634801;0;0.18008683292141567;-0.41058724405120767;0;0.5;-0.12359919887358857;0.49999999999999998;0.8879513201549241;0.29544897065943363
0;48.5;0.36965175782438897;0.42043604750265035;0;-0.3369009796766953;0.29312638560868332;0;0.5;-0.12356965620544448;0.49999999999999993;0.8883590231567062;0.29646390287820019
1;48.5;-0.36965175782438897;-0.42043604750265035;0;0.3369009796766953;-0.29312638560868332;0;0.5;-0.12356965620544448;0.49999999999999993;0.8883590231567062;0.29646390287820019
0;49;0.16828232888597636;0.52955776099503127;0;-0.43339216361993738;0.12178234242598192;0;0.5;-0.12363064935545395;0.49999999999999993;0.88752787510503121;0.29440266914240211
1;49;-0.16828232888597636;-0.52955776099503127;0;0.43339216361993738;-0.12178234242598192;0;0.5;-0.12363064935545395;0.49999999999999993;0.88752787510503121;0.29440266914240211
0;49.5;-0.063740405795548391;0.54221838992863225;0;-0.45180490661728806;-0.078805130112127184;0;0.5;-0.12378888241554374;0.49999999999999991;0.88554405685583982;0.28960428573951005
1;49.5;0.063740405795548391;-0.54221838992863225;0;0.45180490661728806;0.078805130112127184;0;0.5;-0.12378888241554374;0.49999999999999991;0.88554405685583982;0.28960428573951005
0;50;-0.28352257773131173;0.45075263088290407;0;-0.38088795769061801;-0.27621698288012142;0;0.5;-0.12405326678181418;0.4999999999999999;0.88266455710376902;0.28292925348998682
1;50;0.28352257773131173;-0.45075263088290407;0;0.38088795769061801;0.27621698288012142;0;0.5;-0.12405326678181418;0.4999999999999999;0.88266455710376902;0.28292925348998682
0;50.5;-0.44462836348616641;0.26600140704851083;0;-0.22231528824250191;-0.42926595825467956;0;0.5;-0.12440892026249277;0.49999999999999993;0.87940334260229858;0.27575586101990756
1;50.5;0.44462836348616641;-0.26600140704851083;0;0.22231528824250191;0.42926595825467956;0;0.5;-0.12440892026249277;0.49999999999999993;0.87940334260229858;0.27575586101990756
0;51;-0.50583786597381364;0.021486672628224544;0;-0.00061740516581927781;-0.49420328297499266;0;0.5;-0.12477348443526805;0.49999999999999994;0.87656871473336717;0.26983003792442858
1;51;0.50583786597381364;-0.021486672628224544;0;0.00061740516581927781;0.49420328297499266;0;0.5;-0.12477348443526805;0.49999999999999994;0.87656871473336717;0.26983003792442858
0;51.5;-0.44524576865198567;-0.22820187592648183;0;0.23228233305562423;-0.44243595272906616;0;0.5;-0.12498788073362885;0.49999999999999991;0.87508075793904077;0.2668275691442936
1;51.5;0.44524576865198567;0.22820187592648183;0;-0.23228233305562423;0.44243595272906616;0;0.5;-0.12498788073362885;0.49999999999999991;0.87508075793904077;0.2668275691442936
0;52;-0.2735555329181894;-0.42094928010084165;0;0.41094438107785192;-0.28152696383890785;0;0.5;-0.12492432454414323;0.49999999999999994;0.87550991561129041;0.26768614380166382
1;52;0.2735555329181894;0.42094928010084165;0;-0.41094438107785192;0.28152696383890785;0;0.5;-0.12492432454414323;0.49999999999999994;0.87550991561129041;0.26768614380166382
0;52.5;-0.034301387574133771;-0.50972883976538974;0;0.48654726723131664;-0.058097532610100304;0;0.5;-0.1246232729068343;0.49999999999999997;0.87768526063130769;0.27213125587305049
1;52.5;0.034301387574133771;0.50972883976538974;0;-0.48654726723131664;0.058097532610100304;0;0.5;-0.1246232729068343;0.49999999999999997;0.87768526063130769;0.27213125587305049
0;53;0.21299173431312723;-0.47904681271094202;0;0.44839432393962153;0.16525584146519298;0;0.5;-0.12424662542724302;0.5;0.88081940732077129;0.27882221893505865
1;53;-0.21299173431312723;0.47904681271094202;0;-0.44839432393962153;-0.16525584146519298;0;0.5;-0.12424662542724302;0.5;0.88081940732077129;0.27882221893505865
0;53.5;0.41409293636548777;-0.34447299830019679;0;0.31939893277398307;0.33802965392753614;0;0.5;-0.1239254586117144;0.50000000000000003;0.88399782896622068;0.28597857779067939
1;53.5;-0.41409293636548777;0.34447299830019679;0;-0.31939893277398307;-0.33802965392753614;0;0.5;-0.1239254586117144;0.50000000000000003;0.88399782896622068;0.28597857779067939
0;54;0.53239066708711036;-0.14101715878340587;0;0.13700523376075449;0.43329067441908775;0;0.5;-0.12370757362005849;0.50000000000000005;0.88653469065529083;0.2919793384147376
1;54;-0.53239066708711036;0.14101715878340587;0;-0.13700523376075449;-0.43329067441908775;0;0.5;-0.12370757362005849;0.50000000000000005;0.88653469065529083;0.2919793384147376
0;54.5;0.55109817012624229;0.088817676118890979;0;-0.061596911956693381;0.4437124248986189;0;0.5;-0.12359284125224592;0.50000000000000004;0.88803822661808782;0.29566469264572489
1;54.5;-0.55109817012624229;-0.088817676118890979;0;0.061596911956693381;-0.4437124248986189;0;0.5;-0.12359284125224592;0.50000000000000004;0.88803822661808782;0.29566469264572489
0;55;0.47079375513041699;0.30269526611521302;0;-0.24451618718205906;0.3738072260595271;0;0.5;-0.12357139616340567;0.50000000000000007;0.88833473438531735;0.29640323024268633
1;55;-0.47079375513041699;-0.30269526611521302;0;0.24451618718205906;-0.3738072260595271;0;0.5;-0.12357139616340567;0.50000000000000007;0.88833473438531735;0.29640323024268633
0;55.5;0.30658198294418326;0.46262490217841806;0;-0.38446898717846251;0.23528803526938294;0;0.5;-0.1236407018526675;0.50000000000000007;0.88739473808364326;0.29407532952001032
1;55.5;-0.30658198294418326;-0.46262490217841806;0;0.38446898717846251;-0.23528803526938294;0;0.5;-0.1236407018526675;0.50000000000000007;0.88739473808364326;0.29407532952001032
0;56;0.086324767951954484;0.53798330138459594;0;-0.45719144892412794;0.046784196920616979;0;0.5;-0.12380818442302523;0.50000000000000005;0.8853170186039166;0.28906576163377208
1;56;-0.086324767951954484;-0.53798330138459594;0;0.45719144892412794;-0.046784196920616979;0;0.5;-0.12380818442302523;0.50000000000000005;0.8853170186039166;0.28906576163377208
0;56.5;-0.15060946597994468;0.50940909909903498;0;-0.44246981582592249;-0.16334862873012845;0;0.5;-0.12408202270295926;0.5;0.88237787574886879;0.28228265211415596
1;56.5;0.15060946597994468;-0.50940909909903498;0;0.44246981582592249;0.16334862873012845;0;0.5;-0.12408202270295926;0.5;0.88237787574886879;0.28228265211415596
0;57;-0.356145047873968;0.37463467265446743;0;-0.33048776593100754;-0.35431581808428192;0;0.5;-0.12444315819435348;0.49999999999999997;0.87911803929658416;0.27514679600861239
1;57;0.356145047873968;-0.37463467265446743;0;0.33048776593100754;0.35431581808428192;0;0.5;-0.12444315819435348;0.49999999999999997;0.87911803929658416;0.27514679600861239
0;57.5;-0.48109723191095222;0.15509328101475303;0;-0.13349848718486551;-0.4766090228813335;0;0.5;-0.12480145540536066;0.49999999999999997;0.87636788315846557;0.26942055179009815
1;57.5;0.48109723191095222;-0.15509328101475303;0;0.13349848718486551;0.4766090228813335;0;0.5;-0.12480145540536066;0.49999999999999997;0.87636788315846557;0.26942055179009815
0;58;-0.48964353505883351;-0.10197435022686607;0;0.10520851326964903;-0.48866453468489696;0;0.5;-0.12499432440920137;0.49999999999999997;0.87503777769842104;0.26674190910988573
1;58;0.48964353505883351;0.10197435022686607;0;-0.10520851326964903;0.48866453468489696;0;0.5;-0.12499432440920137;0.49999999999999997;0.87503777769842104;0.26674190910988573
0;58.5;-0.37588871864130319;-0.33357125367014395;0;0.32005549749025164;-0.38106673426089854;0;0.5;-0.1249050195101631;0.49999999999999999;0.87564219454207576;0.26795198200649938
1;58.5;0.37588871864130319;0.33357125367014395;0;-0.32005549749025164;0.38106673426089854;0;0.5;-0.1249050195101631;0.49999999999999999;0.87564219454207576;0.26795198200649938
0;59;-0.16958803756858187;-0.48304108448776462;0;0.45209913093133702;-0.18643735697551683;0;0.5;-0.12459008125533142;0.49999999999999997;0.87794116809088112;0.27266464270442507
1;59;0.16958803756858187;0.48304108448776462;0;-0.45209913093133702;0.18643735697551683;0;0.5;-0.12459008125533142;0.49999999999999997;0.87794116809088112;0.27266464270442507
0;59.5;0.076210412290033835;-0.52000861064566073;0;0.47519142624411109;0.038004867852532952;0;0.5;-0.12421433026066637;0.49999999999999992;0.8811147727784436;0.27947105290234398
1;59.5;-0.076210412290033835;0.52000861064566073;0;-0.47519142624411109;-0.038004867852532952;0;0.5;-0.12421433026066637;0.49999999999999992;0.8811147727784436;0.27947105290234398
0;60;0.30560338867552922;-0.44503621663523163;0;0.39808987734319262;0.23833370245686122;0;0.5;-0.12390152552758162;0.49999999999999991;0.88425908471334416;0.2865843609409783
1;60;-0.30560338867552922;0.44503621663523163;0;-0.39808987734319262;-0.23833370245686122;0;0.5;-0.12390152552758162;0.49999999999999991;0.88425908471334416;0.2865843609409783
0;60.5;0.47430028963322646;-0.28167490818879948;0;0.24909654091090314;0.37916011994814441;0;0.5;-0.12369323968155289;0.49999999999999991;0.88671542018582107;0.29241713668283193
1;60.5;-0.47430028963322646;0.28167490818879948;0;-0.24909654091090314;-0.37916011994814441;0;0.5;-0.12369323968155289;0.49999999999999991;0.88671542018582107;0.29241713668283193
0;61;0.55469992958643233;-0.065876096687087202;0;0.061348059917147681;0.44340843788588924;0;0.5;-0.12358722681191925;0.49999999999999991;0.88811534935999713;0.29585641087473672
1;61;-0.55469992958643233;0.065876096687087202;0;-0.061348059917147681;-0.44340843788588924;0;0.5;-0.12358722681191925;0.49999999999999991;0.88811534935999713;0.29585641087473672
0;61.5;0.5356483495503741;0.16173352969708976;0;-0.13365812959120196;0.42636740899175668;0;0.5;-0.12357385745788897;0.49999999999999987;0.88830043620108623;0.29631759949309091
1;61.5;-0.5356483495503741;-0.16173352969708976;0;0.13365812959120196;-0.42636740899175668;0;0.5;-0.12357385745788897;0.49999999999999987;0.88830043620108623;0.29631759949309091
0;62;0.42104179999523034;0.36049131230466952;0;-0.30647749526027956;0.33136264746957217;0;0.5;-0.12365154062617785;0.49999999999999987;0.88725235049377812;0.29372610457266215
1;62;-0.42104179999523034;-0.36049131230466952;0;0.30647749526027956;-0.33136264746957217;0;0.5;-0.12365154062617785;0.49999999999999987;0.88725235049377812;0.29372610457266215
0;62.5;0.22917085429009454;0.49309617716666199;0;-0.42828840001294882;0.16936109676345676;0;0.5;-0.12382835638512776;0.49999999999999992;0.8850828829500923;0.28851264029698418
1;62.5;-0.22917085429009454;-0.49309617716666199;0;0.42828840001294882;-0.16936109676345676;0;0.5;-0.12382835638512776;0.49999999999999992;0.8850828829500923;0.28851264029698418
0;63;-0.0072466000177184688;0.52985240906812625;0;-0.47131296791442101;-0.037767853176151146;0;0.5;-0.12411152948605219;0.4999999999999999;0.88208840461919968;0.28163296197725195
1;63;0.0072466000177184688;-0.52985240906812625;0;0.47131296791442101;0.037767853176151146;0;0.5;-0.12411152948605219;0.4999999999999999;0.88208840461919968;0.28163296197725195
0;63.5;-0.24214211362432647;0.45532832399051082;0;-0.41462090042219485;-0.25279105481953634;0;0.5;-0.12447743540911333;0.49999999999999994;0.87883674444576129;0.27454910879682149
1;63.5;0.24214211362432647;-0.45532832399051082;0;0.41462090042219485;0.25279105481953634;0;0.5;-0.12447743540911333;0.49999999999999994;0.87883674444576129;0.27454910879682149
0;64;-0.42186750043991333;0.27706135424858996;0;-0.25691091934026317;-0.42387695800190173;0;0.5;-0.12482807173932099;0.49999999999999996;0.87617872677904694;0.2690360912087714
1;64;0.42186750043991333;-0.27706135424858996;0;0.25691091934026317;0.42387695800190173;0;0.5;-0.12482807173932099;0.49999999999999996;0.87617872677904694;0.2690360912087714
0;64.5;-0.49905303296458964;0.03145136598860912;0;-0.029640077204011142;-0.49908078426927144;0;0.5;-0.12499836201976139;0.49999999999999991;0.87501089507000509;0.26668836186157913
1;64.5;0.49905303296458964;-0.03145136598860912;0;0.029640077204011142;0.49908078426927144;0;0.5;-0.12499836201976139;0.49999999999999991;0.87501089507000509;0.26668836186157913
0;65;-0.45150757764392446;-0.22201943002068147;0;0.2058664163892987;-0.45247004854027301;0;0.5;-0.12488382208028166;0.49999999999999992;0.87578850055087611;0.26824667269943559
1;65;0.45150757764392446;0.22201943002068147;0;-0.2058664163892987;0.45247004854027301;0;0.5;-0.12488382208028166;0.49999999999999992;0.87578850055087611;0.26824667269943559
0;65.5;-0.29318661657529094;-0.42101868255166386;0;0.38448849357161835;-0.30057020340685675;0;0.5;-0.12455644329209786;0.4999999999999999;0.87820413220928289;0.2732150832518086
1;65.5;0.29318661657529094;0.42101868255166386;0;-0.38448849357161835;0.30057020340685675;0;0.5;-0.12455644329209786;0.4999999999999999;0.87820413220928289;0.2732150832518086
0;66;-0.067019084072306098;-0.52258963342753817;0;0.4666549425857921;-0.091480877451672563;0;0.5;-0.1241826021566515;0.49999999999999988;0.8814097110892882;0.28012218734712879
1;66;0.067019084072306098;0.52258963342753817;0;-0.4666549425857921;0.091480877451672563;0;0.5;-0.1241826021566515;0.49999999999999988;0.8814097110892882;0.28012218734712879
0;66.5;0.17346832601050116;-0.51249956000333641;0;0.44675077047613526;0.12129261395279387;0;0.5;-0.12387845948288316;0.49999999999999993;0.88451461281139305;0.28717952524637341
1;66.5;-0.17346832601050116;0.51249956000333641;0;-0.44675077047613526;-0.12129261395279387;0;0.5;-0.12387845948288316;0.49999999999999993;0.88451461281139305;0.28717952524637341
0;67;0.37973168640382915;-0.40129701947474433;0;0.34215885168237364;0.29676921012358776;0;0.5;-0.12367972988419468;0.49999999999999992;0.88688752862253604;0.29283535675912818
1;67;-0.37973168640382915;0.40129701947474433;0;-0.34215885168237364;-0.29676921012358776;0;0.5;-0.12367972988419468;0.49999999999999992;0.88688752862253604;0.29283535675912818
0;67.5;0.51562717769287481;-0.21573034987974865;0;0.17951335757206874;0.40974085483277395;0;0.5;-0.12358234998170407;0.49999999999999994;0.88818262848328058;0.2960238757970958
1;67.5;-0.51562717769287481;0.21573034987974865;0;-0.17951335757206874;-0.40974085483277395;0;0.5;-0.12358234998170407;0.49999999999999994;0.88818262848328058;0.2960238757970958
0;68;0.55924504397589792;0.0084438353580296114;0;-0.012648570138884816;0.44684025410335604;0;0.5;-0.12357704267341952;0.49999999999999996;0.88825615407836176;0.29620712032364878
1;68;-0.55924504397589792;-0.0084438353580296114;0;0.012648570138884816;-0.44684025410335604;0;0.5;-0.12357704267341952;0.49999999999999996;0.88825615407836176;0.29620712032364878
0;68.5;0.50297860755399004;0.23110990422360739;0;-0.20520901603260494;0.40274906510241493;0;0.5;-0.12366317431441651;0.49999999999999997;0.88710083851329164;0.29335547184298041
1;68.5;-0.50297860755399004;-0.23110990422360739;0;0.20520901603260494;-0.40274906510241493;0;0.5;-0.12366317431441651;0.49999999999999997;0.88710083851329164;0.29335547184298041
0;69;0.35403602794329297;0.41119290046044454;0;-0.36713903150173993;0.27973152150612129;0;0.5;-0.12384940081581859;0.49999999999999996;0.88484193641130571;0.2879457864908074
1;69;-0.35403602794329297;-0.41119290046044454;0;0.36713903150173993;-0.27973152150612129;0;0.5;-0.12384940081581859;0.49999999999999996;0.88484193641130571;0.2879457864908074
0;69.5;0.13583957605225008;0.51084142572972868;0;-0.46513445921013791;0.091210897892533324;0;0.5;-0.12414175357554698;0.49999999999999995;0.8817966563895897;0.28098139428774624
1;69.5;-0.13583957605225008;-0.51084142572972868;0;0.46513445921013791;-0.091210897892533324;0;0.5;-0.12414175357554698;0.49999999999999995;0.8817966563895897;0.28098139428774624
0;70;-0.11109843126684495;0.50240379835297788;0;-0.46839023074422603;-0.1321257986750142;0;0.5;-0.12451164908848945;0.49999999999999995;0.87856015623786371;0.27396413387479209
1;70;0.11109843126684495;-0.50240379835297788;0;0.46839023074422603;0.1321257986750142;0;0.5;-0.12451164908848945;0.49999999999999995;0.87856015623786371;0.27396413387479209
0;70.5;-0.33255065469197598;0.37871562705471451;0;-0.36173032598095017;-0.33981912582938861;0;0.5;-0.12485320112453915;0.49999999999999996;0.87600184477942289;0.2686776445312989
1;70.5;0.33255065469197598;-0.37871562705471451;0;0.36173032598095017;0.33981912582938861;0;0.5;-0.12485320112453915;0.49999999999999996;0.87600184477942289;0.2686776445312989
0;71;-0.47282875724779511;0.16258467252358927;0;-0.16234958987301409;-0.47290787979499455;0;0.5;-0.12499996923886773;0.49999999999999993;0.87500020455173277;0.26666707395256417
1;71;0.47282875724779511;-0.16258467252358927;0;0.16234958987301409;0.47290787979499455;0;0.5;-0.12499996923886773;0.49999999999999993;0.87500020455173277;0.26666707395256417
0;71.5;-0.49490024456499004;-0.09419225274028005;0;0.07681493887037065;-0.49053244675011093;0;0.5;-0.12486084736038643;0.49999999999999994;0.87594834783492135;0.26856943666434723
1;71.5;0.49490024456499004;0.09419225274028005;0;-0.07681493887037065;0.49053244675011093;0;0.5;-0.12486084736038643;0.49999999999999994;0.87594834783492135;0.26856943666434723
0;72;-0.39601381837742444;-0.32794777422652166;0;0.28881146445587963;-0.39211996110851971;0;0.5;-0.12452248058433016;0.49999999999999992;0.87847344258891945;0.27378128807687388
1;72;0.39601381837742444;0.32794777422652166;0;-0.28881146445587963;0.39211996110851971;0;0.5;-0.12452248058433016;0.49999999999999992;0.87847344258891945;0.27378128807687388
0;72.5;-0.20608878010911041;-0.48631221384879975;0;0.42355829299538555;-0.21358964236719033;0;0.5;-0.12415149307909681;0.49999999999999988;0.88170364105847978;0.28077433961595335
1;72.5;0.20608878010911041;0.48631221384879975;0;-0.42355829299538555;0.21358964236719033;0;0.5;-0.12415149307909681;0.49999999999999988;0.88170364105847978;0.28077433961595335
0;73;0.027544474617961119;-0.54153741659371202;0;0.46186747692327601;-0.0043028688450470354;0;0.5;-0.12385626468774326;0.49999999999999996;0.88476406454481251;0.28776309304375407
1;73;-0.027544474617961119;0.54153741659371202;0;-0.46186747692327601;0.0043028688450470354;0;0.5;-0.12385626468774326;0.49999999999999996;0.88476406454481251;0.28776309304375407
0;73.5;0.2557786968141656;-0.49061508269384685;0;0.40927689055718147;0.19236388763977372;0;0.5;-0.12366703546524026;0.49999999999999999;0.8870508498555712;0.29323340721076646
1;73.5;-0.2557786968141656;0.49061508269384685;0;-0.40927689055718147;-0.19236388763977372;0;0.5;-0.12366703546524026;0.49999999999999999;0.8870508498555712;0.29323340721076646
0;74;0.43682136517514258;-0.34917352895393833;0;0.28403243750431151;0.34527475870773466;0;0.5;-0.12357820583691246;0.5;0.88824001242351881;0.29616687047198422
1;74;-0.43682136517514258;0.34917352895393833;0;-0.28403243750431151;-0.34527475870773466;0;0.5;-0.12357820583691246;0.5;0.88824001242351881;0.29616687047198422
0;74.5;0.53981113431847705;-0.14534032398611219;0;0.10942439640512321;0.43366319790725699;0;0.5;-0.12358095512511294;0.49999999999999995;0.88820192115038563;0.29607193463028578
1;74.5;-0.53981113431847705;0.14534032398611219;0;-0.10942439640512321;-0.43366319790725699;0;0.5;-0.12358095512511294;0.49999999999999995;0.88820192115038563;0.29607193463028578
0;75;0.54624576158026572;0.084489668953318678;0;-0.088212407279116944;0.44402534531294857;0;0.5;-0.12367561171618907;0.49999999999999994;0.88694033973518886;0.29296394298752765
1;75;-0.54624576158026572;-0.084489668953318678;0;0.088212407279116944;-0.44402534531294857;0;0.5;-0.12367561171618907;0.49999999999999994;0.88694033973518886;0.29296394298752765
0;75.5;0.45159872703936005;0.29868502132683639;0;-0.27820571622612533;0.36958500926244869;0;0.5;-0.12387131851098493;0.49999999999999992;0.88459448359606182;0.28736609943240811
1;75.5;-0.45159872703936005;-0.29868502132683639;0;0.27820571622612533;-0.36958500926244869;0;0.5;-0.12387131851098493;0.49999999999999992;0.88459448359606182;0.28736609943240811
0;76;0.26804004535414039;0.45407467821576741;0;-0.42425389891017756;0.21398685892175179;0;0.5;-0.12417265621396685;0.49999999999999997;0.88150316487147173;0.28032918410191761
1;76;-0.26804004535414039;-0.45407467821576741;0;0.42425389891017756;-0.21398685892175179;0;0.5;-0.12417265621396685;0.49999999999999997;0.88150316487147173;0.28032918410191761
0;76.5;0.027344828129182513;0.51267188024858823;0;-0.4877051828825949;-0.0011970495936880587;0;0.5;-0.12454569028471346;0.50000000000000001;0.87828897960312083;0.27339319694786856
1;76.5;-0.027344828129182513;-0.51267188024858823;0;0.4877051828825949;0.0011970495936880587;0;0.5;-0.12454569028471346;0.50000000000000001;0.87828897960312083;0.27339319694786856
0;77;-0.21966513752845451;0.45287762862207942;0;-0.44018955300346452;-0.23056912745208435;0;0.5;-0.12487671490767273;0.50000000000000003;0.87583780625058505;0.26834614181749781
1;77;0.21966513752845451;-0.45287762862207942;0;0.44018955300346452;0.23056912745208435;0;0.5;-0.12487671490767273;0.50000000000000003;0.87583780625058505;0.26834614181749781
0;77.5;-0.41284472487428203;0.28210275279650388;0;-0.28316206780939507;-0.41206582265335578;0;0.5;-0.12499913635643692;0.50000000000000001;0.87500574378048563;0.26667810369984828
1;77.5;0.41284472487428203;-0.28210275279650388;0;0.28316206780939507;0.41206582265335578;0;0.5;-0.12499913635643692;0.50000000000000001;0.87500574378048563;0.26667810369984828
0;78;-0.50282720533784964;0.040811805968723615;0;-0.057578026672861458;-0.49251538921997878;0;0.5;-0.12483621717101517;0.50000000000000004;0.8761212123917779;0.26891942699792768
1;78;0.50282720533784964;-0.040811805968723615;0;0.057578026672861458;0.49251538921997878;0;0.5;-0.12483621717101517;0.50000000000000004;0.8761212123917779;0.26891942699792768
0;78.5;-0.47042275154714353;-0.21041263642347491;0;0.17222448349932207;-0.45440360115918893;0;0.5;-0.12448830957894768;0.50000000000000008;0.87874838934758166;0.2743619492930401
1;78.5;0.47042275154714353;0.21041263642347491;0;-0.17222448349932207;0.45440360115918893;0;0.5;-0.12448830957894768;0.50000000000000008;0.87874838934758166;0.2743619492930401
0;79;-0.33060272183852757;-0.41359179519046529;0;0.34923711889490577;-0.31929075617431435;0;0.5;-0.12412104910731935;0.50000000000000004;0.88199600158306521;0.2814262461805716
1;79;0.33060272183852757;0.41359179519046529;0;-0.34923711889490577;0.31929075617431435;0;0.5;-0.12412104910731935;0.50000000000000004;0.88199600158306521;0.2814262461805716
0;79.5;-0.12118563265223772;-0.5297033925977892;0;0.44243725128958877;-0.12905396983109654;0;0.5;-0.12383494300889945;0.49999999999999999;0.88500711058770041;0.28833412023026128
1;79.5;0.12118563265223772;0.5297033925977892;0;-0.44243725128958877;0.12905396983109654;0;0.5;-0.12383494300889945;0.49999999999999999;0.88500711058770041;0.28833412023026128
0;80;0.11183452945106122;-0.54264576502156181;0;0.44549187321132322;0.073820864547613468;0;0.5;-0.12365514757078111;0.49999999999999997;0.88720523044587417;0.29361073114431742
1;80;-0.11183452945106122;0.54264576502156181;0;-0.44549187321132322;-0.073820864547613468;0;0.5;-0.12365514757078111;0.49999999999999997;0.88720523044587417;0.29361073114431742
0;80.5;0.32430624055908552;-0.45588252805017576;0;0.36706966083099057;0.25488055643748142;0;0.5;-0.12357479013054008;0.49999999999999997;0.88828745770457622;0.29628521042250826
1;80.5;-0.32430624055908552;0.45588252805017576;0;-0.36706966083099057;-0.25488055643748142;0;0.5;-0.12357479013054008;0.49999999999999997;0.88828745770457622;0.29628521042250826
0;81;0.47890419028205183;-0.28776520858408039;0;0.22338610264512951;0.38779625517196009;0;0.5;-0.12358559883911399;0.49999999999999998;0.88813777837082879;0.29591221661052184
1;81;-0.47890419028205183;0.28776520858408039;0;-0.22338610264512951;-0.38779625517196009;0;0.5;-0.12358559883911399;0.49999999999999998;0.88813777837082879;0.29591221661052184
0;81.5;0.547692343204215;-0.068086272878215656;0;0.035767301693453303;0.45201423903140808;0;0.5;-0.12368886168953252;0.49999999999999992;0.88677100369347282;0.29255206396965817
1;81.5;-0.547692343204215;0.068086272878215656;0;-0.035767301693453303;-0.45201423903140808;0;0.5;-0.12368886168953252;0.49999999999999992;0.88677100369347282;0.29255206396965817
0;82;0.5146714919755051;0.16424903044732769;0;-0.16804359946689681;0.43211836128912262;0;0.5;-0.12389410828864805;0.49999999999999992;0.88434084778532647;0.28677451247098778
1;82;-0.5146714919755051;-0.16424903044732769;0;0.16804359946689681;-0.43211836128912262;0;0.5;-0.12389410828864805;0.49999999999999992;0.88434084778532647;0.28677451247098778
0;82.5;0.37964874373731822;0.36403208841090695;0;-0.35157785761335669;0.32138754642738898;0;0.5;-0.1242041931329776;0.49999999999999996;0.8812084846651662;0.27967758841373615
1;82.5;-0.37964874373731822;-0.36403208841090695;0;0.35157785761335669;-0.32138754642738898;0;0.5;-0.1242041931329776;0.49999999999999996;0.8812084846651662;0.27967758841373615
0;83;0.16309363436214844;0.48563657687471667;0;-0.47101866511304785;0.13033070182985715;0;0.5;-0.12457944428709553;0.50000000000000001;0.87802392366097031;0.27283761086166909
1;83;-0.16309363436214844;-0.48563657687471667;0;0.47101866511304785;-0.13033070182985715;0;0.5;-0.12457944428709553;0.50000000000000001;0.87802392366097031;0.27283761086166909
0;83.5;-0.091369921375729621;0.49436279024076413;0;-0.48645548595278232;-0.10413173715374359;0;0.5;-0.12489848941154278;0.5;0.87568714661479623;0.26804245065069228
1;83.5;0.091369921375729621;-0.49436279024076413;0;0.48645548595278232;0.10413173715374359;0;0.5;-0.12489848941154278;0.5;0.87568714661479623;0.26804245065069228
0;84;-0.32336185159063391;0.3815048397209731;0;-0.38319615592854028;-0.32102986620143426;0;0.5;-0.12499586840625916;0.50000000000000004;0.87502749325084802;0.26672142088421625
1;84;0.32336185159063391;-0.3815048397209731;0;0.38319615592854028;0.32102986620143426;0;0.5;-0.12499586840625916;0.50000000000000004;0.87502749325084802;0.26672142088421625
0;84.5;-0.47456607730426992;0.1733329240393299;0;-0.1874132953350893;-0.4583452461484343;0;0.5;-0.12481005872901794;0.50000000000000006;0.8763065354368416;0.26929573303057638
1;84.5;0.47456607730426992;-0.1733329240393299;0;0.1874132953350893;0.4583452461484343;0;0.5;-0.12481005872901794;0.50000000000000006;0.8763065354368416;0.26929573303057638
0;85;-0.51077514692572323;-0.076840406427461191;0;0.043409323636328712;-0.4829217149927485;0;0.5;-0.12445404109793104;0.5000000000000001;0.8790282659385304;0.27495574482890658
1;85;0.51077514692572323;0.076840406427461191;0;-0.043409323636328712;0.4829217149927485;0;0.5;-0.12445404109793104;0.5000000000000001;0.8790282659385304;0.27495574482890658
0;85.5;-0.43115675366794121;-0.30958879095341857;0;0.24933357106226819;-0.40080346584069626;0;0.5;-0.1240913107157952;0.50000000000000009;0.88228625220670426;0.28207666480386122
1;85.5;0.43115675366794121;0.30958879095341857;0;-0.24933357106226819;0.40080346584069626;0;0.5;-0.1240913107157952;0.50000000000000009;0.88228625220670426;0.28207666480386122
0;86;-0.26144157586345501;-0.47764387226815741;0;0.3900358659025086;-0.24365580905208445;0;0.5;-0.12381449424951485;0.50000000000000007;0.88524344046502764;0.28889169671307513
1;86;0.26144157586345501;0.47764387226815741;0;-0.3900358659025086;0.24365580905208445;0;0.5;-0.12381449424951485;0.50000000000000007;0.88524344046502764;0.28889169671307513
0;86.5;-0.041120887765432587;-0.55324460000550302;0;0.44816751090251178;-0.049944074821371885;0;0.5;-0.12364405737173308;0.50000000000000009;0.8873505290675741;0.29396680603178688
1;86.5;0.041120887765432587;0.55324460000550302;0;-0.44816751090251178;0.049944074821371885;0;0.5;-0.12364405737173308;0.50000000000000009;0.8873505290675741;0.29396680603178688
0;87;0.18672593503905677;-0.52758794708952927;0;0.42240550377795921;0.14536784842871728;0;0.5;-0.1235720993193843;0.50000000000000003;0.88832492872959036;0.29637874350938609
1;87;-0.18672593503905677;0.52758794708952927;0;-0.42240550377795921;-0.14536784842871728;0;0.5;-0.1235720993193843;0.50000000000000003;0.88832492872959036;0.29637874350938609
0;87.5;0.38128461601252667;-0.40787675157678571;0;0.32066198341391033;0.31265208939625472;0;0.5;-0.12359097852810595;0.50000000000000005;0.88806377471140825;0.29572817288363669
1;87.5;-0.38128461601252667;0.40787675157678571;0;-0.32066198341391033;-0.31265208939625472;0;0.5;-0.12359097852810595;0.50000000000000005;0.88806377471140825;0.29572817288363669
0;88;0.50738791845296716;-0.21493585769327456;0;0.15744076079067276;0.42602578260564616;0;0.5;-0.12370293303942292;0.50000000000000006;0.88659299241349813;0.29212041523886986
1;88;-0.50738791845296716;0.21493585769327456;0;-0.15744076079067276;-0.42602578260564616;0;0.5;-0.12370293303942292;0.50000000000000006;0.88659299241349813;0.29212041523886986
0;88.5;0.53872537680319943;0.018149031028860455;0;-0.044817104219707034;0.4625484963481174;0;0.5;-0.12391776671386837;0.49999999999999999;0.88408137148279141;0.28617199266991646
1;88.5;-0.53872537680319943;-0.018149031028860455;0;0.044817104219707034;-0.4625484963481174;0;0.5;-0.12391776671386837;0.49999999999999999;0.88408137148279141;0.28617199266991646
0;89;0.46257081423326007;0.24761263865484284;0;-0.25239143537680575;0.40535348306240759;0;0.5;-0.12423631426554591;0.5;0.88091319065695033;0.27902788405148619
1;89;-0.46257081423326007;-0.24761263865484284;0;0.25239143537680575;-0.40535348306240759;0;0.5;-0.12423631426554591;0.5;0.88091319065695033;0.27902788405148619
0;89.5;0.28633394142639368;0.42350251409126805;0;-0.41944836748626102;0.25272086668318444;0;0.5;-0.1246127910928159;0.50000000000000003;0.87776569896267804;0.27229867138116136
1;89.5;-0.28633394142639368;-0.42350251409126805;0;0.41944836748626102;-0.25272086668318444;0;0.5;-0.1246127910928159;0.50000000000000003;0.87776569896267804;0.27229867138116136
0;90;0.043122446746999062;0.50033350533802723;0;-0.4970632791429801;0.030206708335006289;0;0.5;-0.12491840725674383;0.49999999999999998;0.87555036416339441;0.26776737214720412
1;90;-0.043122446746999062;-0.50033350533802723;0;0.4970632791429801;-0.030206708335006289;0;0.5;-0.12491840725674383;0.49999999999999998;0.87555036416339441;0.26776737214720412
0;90.5;-0.21072933771658642;0.45370922242627426;0;-0.45510296930099364;-0.20649989292465043;0;0.5;-0.12499018509985769;0.49999999999999997;0.87506537646091637;0.26679690690575525
1;90.5;0.21072933771658642;-0.45370922242627426;0;0.45510296930099364;0.20649989292465043;0;0.5;-0.12499018509985769;0.49999999999999997;0.87506537646091637;0.26679690690575525
0;91;-0.41198052255399459;0.2938336124133768;0;-0.30314537044640194;-0.39061482741396181;0;0.5;-0.12478250332674663;0.49999999999999999;0.87650372694733078;0.26969738445399108
1;91;0.41198052255399459;-0.2938336124133768;0;0.30314537044640194;0.39061482741396181;0;0.5;-0.12478250332674663;0.49999999999999999;0.87650372694733078;0.26969738445399108
0;91.5;-0.51387470816298841;0.063094395012312468;0;-0.088073781344785593;-0.47568606542914887;0;0.5;-0.12441977993913034;0.50000000000000006;0.87931237176938004;0.27556134255136185
1;91.5;0.51387470816298841;-0.063094395012312468;0;0.088073781344785593;0.47568606542914887;0;0.5;-0.12441977993913034;0.50000000000000006;0.87931237176938004;0.27556134255136185
0;92;-0.50005430389878025;-0.18185245301577208;0;0.13136993796903354;-0.45217099975919839;0;0.5;-0.1240623130770993;0.50000000000000009;0.88257387351533727;0.28272437651064662
1;92;0.50005430389878025;0.18185245301577208;0;-0.13136993796903354;0.45217099975919839;0;0.5;-0.1240623130770993;0.50000000000000009;0.88257387351533727;0.28272437651064662
0;92.5;-0.3825047701939549;-0.38907660474688593;0;0.30869255865203232;-0.3395903985803187;0;0.5;-0.12379491641388693;0.50000000000000007;0.88547276198057968;0.28943494676185165
1;92.5;0.3825047701939549;0.38907660474688593;0;-0.30869255865203232;0.3395903985803187;0;0.5;-0.12379491641388693;0.50000000000000007;0.88547276198057968;0.28943494676185165
0;93;-0.19136174524674793;-0.52144285159609083;0;0.41718207909537236;-0.16964407907057832;0;0.5;-0.12363375616843782;0.50000000000000009;0.88748661597410508;0.29430114352150948
1;93;0.19136174524674793;0.52144285159609083;0;-0.41718207909537236;0.16964407907057832;0;0.5;-0.12363375616843782;0.50000000000000009;0.88748661597410508;0.29430114352150948
0;93.5;0.034677308901417458;-0.55872068381746431;0;0.44590069665864179;0.024974770985316457;0;0.5;-0.12357013058514004;0.50000000000000009;0.88835239760795169;0.29644734982447302
1;93.5;-0.034677308901417458;0.55872068381746431;0;-0.44590069665864179;-0.024974770985316457;0;0.5;-0.12357013058514004;0.50000000000000009;0.88835239760795169;0.29644734982447302
0;94;0.25453895141189387;-0.49646808061077441;0;0.39391995543380437;0.21384277537710469;0;0.5;-0.12359709956158061;0.50000000000000007;0.88797996739527563;0.2955200426296666
1;94;-0.25453895141189387;0.49646808061077441;0;-0.39391995543380437;-0.21384277537710469;0;0.5;-0.12359709956158061;0.50000000000000007;0.88797996739527563;0.2955200426296666
0;94.5;0.42859726433522183;-0.34487790844035965;0;0.26766817201199128;0.36791452909768713;0;0.5;-0.12371783439358315;0.50000000000000007;0.88640648098434403;0.29166961189144497
1;94.5;-0.42859726433522183;0.34487790844035965;0;-0.26766817201199128;-0.36791452909768713;0;0.5;-0.12371783439358315;0.50000000000000007;0.88640648098434403;0.29166961189144497
0;95;0.52220712342388509;-0.12855355151308728;0;0.082305064547043297;0.45847592057954867;0;0.5;-0.12394228780910311;0.50000000000000003;0.88381641692593769;0.28555954028508596
1;95;-0.52220712342388509;0.12855355151308728;0;-0.082305064547043297;-0.45847592057954867;0;0.5;-0.12394228780910311;0.50000000000000003;0.88381641692593769;0.28555954028508596
0;95.5;0.51090232888226506;0.11359801213918903;0;-0.13397202923622184;0.45954193301517721;0;0.5;-0.12426896348604391;0.5;0.88061787734892143;0.27838136537577792
1;95.5;-0.51090232888226506;-0.11359801213918903;0;0.13397202923622184;-0.45954193301517721;0;0.5;-0.12426896348604391;0.5;0.88061787734892143;0.27838136537577792
0;96;0.38823509418766322;0.33098838150208992;0;-0.33670036654125662;0.35688708388730683;0;0.5;-0.12464560598527304;0.49999999999999999;0.87751501454082741;0.2717776528428052
1;96;-0.38823509418766322;-0.33098838150208992;0;0.33670036654125662;-0.35688708388730683;0;0.5;-0.12464560598527304;0.49999999999999999;0.87751501454082741;0.2717776528428052
0;96.5;0.17420196234100843;0.47048509602649585;0;-0.47117563044295513;0.16256354340180157;0;0.5;-0.12493635866488328;0.49999999999999999;0.87542791674968905;0.26752163719755998
1;96.5;-0.17420196234100843;-0.47048509602649585;0;0.47117563044295513;-0.16256354340180157;0;0.5;-0.12493635866488328;0.49999999999999999;0.87542791674968905;0.26752163719755998
0;97;-0.082940536255291908;0.49355192490389149;0;-0.49360852539450389;-0.076905243570380546;0;0.5;-0.12498212056822227;0.50000000000000001;0.8751192604830052;0.26690435539325055
1;97;0.082940536255291908;-0.49355192490389149;0;0.49360852539450389;0.076905243570380546;0;0.5;-0.12498212056822227;0.50000000000000001;0.8751192604830052;0.26690435539325055
0;97.5;-0.31940656305349546;0.39357985245611532;0;-0.39628726082006527;-0.29438755878179074;0;0.5;-0.12475368503085865;0.50000000000000004;0.87671216929110532;0.27012335561829915
1;97.5;0.31940656305349546;-0.39357985245611532;0;0.39628726082006527;0.29438755878179074;0;0.5;-0.12475368503085865;0.50000000000000004;0.87671216929110532;0.27012335561829915
0;98;-0.47922779707535718;0.19916436612210078;0;-0.21249664056788398;-0.4333601734825176;0;0.5;-0.12438562457809954;0.50000000000000005;0.87960001461091561;0.2761774042311092
1;98;0.47922779707535718;-0.19916436612210078;0;0.21249664056788398;0.4333601734825176;0;0.5;-0.12438562457809954;0.50000000000000005;0.87960001461091561;0.2761774042311092
0;98.5;-0.53190320362137944;-0.03978032102640227;0;0.0041837614967752661;-0.46969743164471989;0;0.5;-0.12403408638159001;0.50000000000000003;0.88285836738605764;0.28336818736956325
1;98.5;0.53190320362137944;0.03978032102640227;0;-0.0041837614967752661;0.46969743164471989;0;0.5;-0.12403408638159001;0.50000000000000003;0.88285836738605764;0.28336818736956325
0;99;-0.47504403557858188;-0.27053306552261913;0;0.20458260903546624;-0.40975914872384539;0;0.5;-0.12377620595650881;0.49999999999999999;0.8856948006197351;0.28996302927303022
1;99;0.47504403557858188;0.27053306552261913;0;-0.20458260903546624;0.40975914872384539;0;0.5;-0.12377620595650881;0.49999999999999999;0.8856948006197351;0.28996302927303022
0;99.5;-0.32732059458591317;-0.44953946975024772;0;0.35493257087988445;-0.27631564217333526;0;0.5;-0.12362423548462164;0.49999999999999999;0.88761337249033243;0.29461328923887356
1;99.5;0.32732059458591317;0.44953946975024772;0;-0.35493257087988445;0.27631564217333526;0;0.5;-0.12362423548462164;0.49999999999999999;0.88761337249033243;0.29461328923887356
0;100;-0.12011146469869743;-0.54684870769595439;0;0.4358047708689074;-0.097249036733569313;0;0.5;-0.12356888185074345;0.49999999999999993;0.88836984401853114;0.2964909416053721
1;100;0.12011146469869743;0.54684870769595439;0;-0.4358047708689074;0.097249036733569313;0;0.5;-0.12356888185074345;0.49999999999999993;0.88836984401853114;0.2964909416053721
