# column style format: id;time;x;y;z;vx;vy;vz;mass;totalEnergy;totalSpecificAngularMomentum;rungeLenzVector;semiMajorAxis
# this file will be overwritten without any precaution
# used integrator was rk4
0;0;0.49750207948073588;0.049916666083170205;0;-0.049916744689897527;0.4975020793931792;0;0.5;-0.12500000347925571;0.49999999304148257;0.87500000163938771;0.26666666250845116
1;0;-0.49750207948073588;-0.049916666083170205;0;0.049916744689897527;-0.4975020793931792;0;0.5;-0.12500000347925571;0.49999999304148257;0.87500000163938771;0.26666666250845116
0;0.1;0.49003328307402805;0.099334580679235229;0;-0.099334740464344928;0.49003328252358641;0;0.5;-0.12500000695850585;0.49999998608296429;0.87500000131827607;0.26666665444666279
1;0.1;-0.49003328307402805;-0.099334580679235229;0;0.099334740464344928;-0.49003328252358641;0;0.5;-0.12500000695850585;0.49999998608296429;0.87500000131827607;0.26666665444666279
0;0.2;0.47766823614300358;0.14775997627371654;0;-0.14776022124535199;0.47766823395914787;0;0.5;-0.12500001043775104;0.49999997912444408;0.87499999903987348;0.26666664248768907
1;0.2;-0.47766823614300358;-0.14775997627371654;0;0.14776022124535199;-0.47766823395914787;0;0.5;-0.12500001043775104;0.49999997912444408;0.87499999903987348;0.26666664248768907
0;0.3;0.46053048556197118;0.19470900212283765;0;-0.19470933752166747;0.46053047934777419;0;0.5;-0.12500001391699207;0.49999997216592091;0.87499999482694441;0.26666662667685624
1;0.3;-0.46053048556197118;-0.19470900212283765;0;0.19470933752166747;-0.46053047934777419;0;0.5;-0.12500001391699207;0.49999997216592091;0.87499999482694441;0.26666662667685624
0;0.4;0.4387912653158863;0.23971255866892643;0;-0.23971299066571752;0.43879125106656147;0;0.5;-0.12500001739622947;0.49999996520739376;0.87499998872158196;0.26666660709797633
1;0.4;-0.4387912653158863;-0.23971255866892643;0;0.23971299066571752;-0.43879125106656147;0;0.5;-0.12500001739622947;0.49999996520739376;0.87499998872158196;0.26666660709797633
0;0.5;0.41266778563986789;0.28232098457603999;0;-0.28232151988256904;0.41266775743138512;0;0.5;-0.12500002087546414;0.49999995824886155;0.87499998078478739;0.26666658387250981
1;0.5;-0.41266778563986789;-0.28232098457603999;0;0.28232151988256904;-0.41266775743138512;0;0.5;-0.12500002087546414;0.49999995824886155;0.87499998078478739;0.26666658387250981
0;0.6;0.38242106279101579;0.32210854955734791;0;-0.32210919496644608;0.38242101255639954;0;0.5;-0.12500002435469689;0.49999995129032329;0.87499997109586051;0.266666557158352
1;0.6;-0.38242106279101579;-0.32210854955734791;0;0.32210919496644608;-0.38242101255639954;0;0.5;-0.12500002435469689;0.49999995129032329;0.87499997109586051;0.266666557158352
0;0.7;0.34835331113407586;0.35867770810580135;0;-0.35867846997969915;0.34835322854149448;0;0.5;-0.12500002783392855;0.49999994433177805;0.87499995975160757;0.26666652714825563
1;0.7;-0.34835331113407586;-0.35867770810580135;0;0.35867846997969915;-0.34835322854149448;0;0.5;-0.12500002783392855;0.49999994433177805;0.87499995975160757;0.26666652714825563
0;0.8;0.31080492359526651;0.391663071628015;0;-0.39166395535676463;0.31080479603790778;0;0.5;-0.12500003131316002;0.49999993737322499;0.87499994686537394;0.26666649406790487
1;0.8;-0.31080492359526651;-0.391663071628015;0;0.39166395535676463;-0.31080479603790778;0;0.5;-0.12500003131316002;0.49999993737322499;0.87499994686537394;0.26666649406790487
0;0.9;0.27015107065114569;0.42073505929425487;0;-0.42073606874774605;0.27015088335430015;0;0.5;-0.12500003479239221;0.49999993041466317;0.87499993256591181;0.26666645817366044
1;0.9;-0.27015107065114569;-0.42073505929425487;0;0.42073606874774605;-0.27015088335430015;0;0.5;-0.12500003479239221;0.49999993041466317;0.87499993256591181;0.26666645817366044
0;1;0.22679795183068108;0.44560319112687613;0;-0.44560432812475276;0.22679768807660869;0;0.5;-0.12500003827162587;0.49999992345609191;0.87499991699609369;0.26666641974999838
1;1;-0.22679795183068108;-0.44560319112687613;0;0.44560432812475276;-0.22679768807660869;0;0.5;-0.12500003827162587;0.49999992345609191;0.87499991699609369;0.26666641974999838
0;1.1;0.18117873718061703;0.4660189904234523;0;-0.46602025424704396;0.18117837864684619;0;0.5;-0.12500004175086195;0.49999991649751049;0.87499990031148506;0.26666637910666757
1;1.1;-0.18117873718061703;-0.4660189904234523;0;0.46602025424704396;-0.18117837864684619;0;0.5;-0.12500004175086195;0.49999991649751049;0.87499990031148506;0.26666637910666757
0;1.2;0.13374923924212309;0.48177846651350242;0;-0.48177985348270796;0.13374876644402114;0;0.5;-0.12500004523010139;0.4999999095389183;0.87499988267879006;0.26666633657559507
1;1.2;-0.13374923924212309;-0.48177846651350242;0;0.48177985348270796;-0.13374876644402114;0;0.5;-0.12500004523010139;0.4999999095389183;0.87499988267879006;0.26666633657559507
0;1.3;0.084983358779601947;0.49272415304018835;0;-0.49272565617612935;0.084982751603559364;0;0.5;-0.12500004870934491;0.49999990258031492;0.87499986427418588;0.26666629250756962
1;1.3;-0.084983358779601947;-0.49272415304018835;0;0.49272565617612935;-0.084982751603559364;0;0.5;-0.12500004870934491;0.49999990258031492;0.87499986427418588;0.26666629250756962
0;1.4;0.035368349763515716;0.49874668139876172;0;-0.49874829019004041;0.035367588073081518;0;0.5;-0.12500005218859332;0.49999989562169986;0.87499984528156261;0.26666624726873677
1;1.4;-0.035368349763515716;-0.49874668139876172;0;0.49874829019004041;-0.035367588073081518;0;0.5;-0.12500005218859332;0.49999989562169986;0.87499984528156261;0.26666624726873677
0;1.5;-0.014600049084447279;0.49978587360754662;0;-0.49978757389420997;-0.014600984790488618;0;0.5;-0.12500005566784748;0.49999988866307278;0.87499982589068589;0.26666620123694054
1;1.5;0.014600049084447279;-0.49978587360754662;0;0.49978757389420997;0.014600984790488618;0;0.5;-0.12500005566784748;0.49999988866307278;0.87499982589068589;0.26666620123694054
0;1.6;-0.064422567541667489;0.4958313436884712;0;-0.49583311767344185;-0.06442369544284092;0;0.5;-0.12500005914710809;0.49999988170443353;0.87499980629530085;0.26666615479794829
1;1.6;0.064422567541667489;-0.4958313436884712;0;0.49583311767344185;0.06442369544284092;0;0.5;-0.12500005914710809;0.49999988170443353;0.87499980629530085;0.26666615479794829
0;1.7;-0.1136013924402149;0.48692260154465461;0;-0.48692442793761215;-0.11360272870473773;0;0.5;-0.12500006262637571;0.49999987474578197;0.87499978669119634;0.26666610834159612
1;1.7;0.1136013924402149;-0.48692260154465461;0;0.48692442793761215;0.11360272870473773;0;0.5;-0.12500006262637571;0.49999987474578197;0.87499978669119634;0.26666610834159612
0;1.8;-0.16164514168415933;0.47314865829326724;0;-0.47315051258693147;-0.16164669980206006;0;0.5;-0.12500006610565112;0.4999998677871181;0.87499976727424871;0.26666606225789395
1;1.8;0.16164514168415933;-0.47314865829326724;0;0.47315051258693147;0.16164669980206006;0;0.5;-0.12500006610565112;0.4999998677871181;0.87499976727424871;0.26666606225789395
0;1.9;-0.208073774029431;0.45464713699314901;0;-0.45464899186683172;-0.20807556419397971;0;0.5;-0.12500006958493465;0.49999986082844206;0.87499974823846465;0.26666601693312864
1;1.9;0.208073774029431;-0.45464713699314901;0;0.45464899186683172;0.20807556419397971;0;0.5;-0.12500006958493465;0.49999986082844206;0.87499974823846465;0.26666601693312864
0;2;-0.2524233855681744;0.43160289764872806;0;-0.43160472348907819;-0.25242541412988023;0;0.5;-0.12500007306422695;0.49999985386975409;0.87499972977404274;0.26666597274600432
1;2;0.2524233855681744;-0.43160289764872806;0;0.43160472348907819;0.25242541412988023;0;0.5;-0.12500007306422695;0.49999985386975409;0.87499972977404274;0.26666597274600432
0;2.1;-0.29425084499082782;0.40424619022524522;0;-0.404247955749509;-0.29425311400598919;0;0.5;-0.12500007654352829;0.49999984691105448;0.87499971206547303;0.26666593006385848
1;2.1;0.29425084499082782;-0.40424619022524522;0;0.404247955749509;0.29425311400598919;0;0.5;-0.12500007654352829;0.49999984691105448;0.87499971206547303;0.26666593006385848
0;2.2;-0.33313822130938486;0.37285035412665346;0;-0.37285202708968873;-0.33314072820203988;0;0.5;-0.12500008002283899;0.49999983995234365;0.87499969528969367;0.2666658892389917
1;2.2;0.33313822130938486;-0.37285035412665346;0;0.37285202708968873;0.33314072820203988;0;0.5;-0.12500008002283899;0.49999983995234365;0.87499969528969367;0.2666658892389917
0;2.3;-0.3686969597983874;0.33772908711968708;0;-0.33773063508257078;-0.36869969715062684;0;0.5;-0.12500008350215928;0.49999983299362213;0.87499967961432288;0.26666585060514746
1;2.3;0.3686969597983874;-0.33772908711968708;0;0.33773063508257078;0.36869969715062684;0;0.5;-0.12500008350215928;0.49999983299362213;0.87499967961432288;0.26666585060514746
0;2.4;-0.40057176442547254;0.29923331099018075;0;-0.29923470212566433;-0.40057471990659005;0;0.5;-0.12500008698148935;0.4999998260348905;0.87499966519598419;0.26666581447417747
1;2.4;0.40057176442547254;-0.29923331099018075;0;0.29923470212566433;0.40057471990659005;0;0.5;-0.12500008698148935;0.4999998260348905;0.87499966519598419;0.26666581447417747
0;2.5;-0.42844414797563368;0.25774766524774606;0;-0.25774886915615075;-0.42844730441567325;0;0.5;-0.12500009046082919;0.49999981907614944;0.87499965217874138;0.2666657811329257
1;2.5;0.42844414797563368;-0.25774766524774606;0;0.25774886915615075;0.42844730441567325;0;0.5;-0.12500009046082919;0.49999981907614944;0.87499965217874138;0.2666657811329257
0;2.6;-0.45203561439347234;0.21368666391209326;0;-0.21368765242056087;-0.45203895000157762;0;0.5;-0.12500009394017882;0.49999981211739971;0.874999640692659;0.26666575084036228
1;2.6;0.45203561439347234;-0.21368666391209326;0;0.21368765242056087;0.45203895000157762;0;0.5;-0.12500009394017882;0.49999981211739971;0.874999640692659;0.26666575084036228
0;2.7;-0.47111044154244786;0.16749055378144379;0;-0.16749130169979992;-0.47111393026522203;0;0.5;-0.12500009741953806;0.4999998051586422;0.87499963085250273;0.26666572382499586
1;2.7;0.47111044154244786;-0.16749055378144379;0;0.16749130169979992;0.47111393026522203;0;0.5;-0.12500009741953806;0.4999998051586422;0.87499963085250273;0.26666572382499586
0;2.8;-0.4854780365727589;0.11962091556694651;0;-0.11962140137477771;-0.48548164858280601;0;0.5;-0.12500010089890668;0.49999979819987777;0.87499962275659266;0.26666570028259043
1;2.8;0.4854780365727589;-0.11962091556694651;0;0.11962140137477771;0.48548164858280601;0;0.5;-0.12500010089890668;0.49999979819987777;0.87499962275659266;0.26666570028259043
0;2.9;-0.49499484036011759;0.070556051846942719;0;-0.070556258288789961;-0.4949985426602545;0;0.5;-0.12500010437828445;0.49999979124110737;0.87499961648582077;0.26666568037420914
1;2.9;0.49499484036011759;-0.070556051846942719;0;0.070556258288789961;0.4949985426602545;0;0.5;-0.12500010437828445;0.49999979124110737;0.87499961648582077;0.26666568037420914
0;3;-0.49956576198362357;0.020786207925619658;0;-0.020786122494356948;-0.49956951910810105;0;0.5;-0.12500010785767088;0.49999978428233199;0.8749996121028427;0.26666566422460512
1;3;0.49956576198362357;-0.020786207925619658;0;0.020786122494356948;0.49956951910810105;0;0.5;-0.12500010785767088;0.49999978428233199;0.8749996121028427;0.26666566422460512
0;3.1;-0.49914512890717128;-0.029191326649267671;0;0.02919171135688867;-0.4991489036977893;0;0.5;-0.1250001113370657;0.49999977732355267;0.87499960965145164;0.26666565192097484
1;3.1;0.49914512890717128;0.029191326649267671;0;-0.02919171135688867;0.4991489036977893;0;0.5;-0.1250001113370657;0.49999977732355267;0.87499960965145164;0.26666565192097484
0;3.2;-0.49373714336838942;-0.078877186962049595;0;0.078877873029202294;-0.4937408978007618;0;0.5;-0.12500011481646817;0.49999977036477047;0.87499960915614073;0.26666564351208686
1;3.2;0.49373714336838942;0.078877186962049595;0;-0.078877873029202294;0.4937408978007618;0;0.5;-0.12500011481646817;0.49999977036477047;0.87499960915614073;0.26666564351208686
0;3.3;-0.48339584041363259;-0.12777492234693569;0;0.12777590646645587;-0.48339953644715417;0;0.5;-0.1250001182958778;0.49999976340598645;0.87499961062185834;0.26666563900779458
1;3.3;0.48339584041363259;0.12777492234693569;0;-0.12777590646645587;0.48339953644715417;0;0.5;-0.1250001182958778;0.49999976340598645;0.87499961062185834;0.26666563900779458
0;3.4;-0.46822454799769403;-0.17539595688928139;0;0.1753972304407703;-0.46822814842205118;0;0.5;-0.12500012177529393;0.49999975644720162;0.87499961403395862;0.26666563837893773
1;3.4;0.46822454799769403;0.17539595688928139;0;-0.1753972304407703;0.46822814842205118;0;0.5;-0.12500012177529393;0.49999975644720162;0.87499961403395862;0.26666563837893773
0;3.5;-0.44837485454289344;-0.22126447124254708;0;0.22126602051308478;-0.44837832379426118;0;0.5;-0.12500012525471589;0.49999974948841703;0.87499961935834783;0.26666564155763378
1;3.5;0.44837485454289344;0.22126447124254708;0;-0.22126602051308478;0.44837832379426118;0;0.5;-0.12500012525471589;0.49999974948841703;0.87499961935834783;0.26666564155763378
0;3.6;-0.42404509427426768;-0.26492215697947441;0;0.26492396351916969;-0.42404839919563864;0;0.5;-0.12500012873414278;0.49999974252963381;0.87499962654182496;0.26666564843795624
1;3.6;0.42404509427426768;0.26492215697947441;0;-0.26492396351916969;0.42404839919563864;0;0.5;-0.12500012873414278;0.49999974252963381;0.87499962654182496;0.26666564843795624
0;3.7;-0.39547836546654458;-0.30593279596986422;0;0.30593483706881075;-0.395481475988884;0;0.5;-0.12500013221357391;0.49999973557085295;0.87499963551261346;0.26666565887699306
1;3.7;0.39547836546654458;0.30593279596986422;0;-0.30593483706881075;0.395481475988884;0;0.5;-0.12500013221357391;0.49999973557085295;0.87499963551261346;0.26666565887699306
0;3.8;-0.36296010140623597;-0.34388661902601697;0;0.34388886829510851;-0.36296299113025909;0;0.5;-0.12500013569300842;0.49999972861207535;0.87499964618107843;0.26666567269627456
1;3.8;0.36296010140623597;0.34388661902601697;0;-0.34388886829510851;0.36296299113025909;0;0.5;-0.12500013569300842;0.49999972861207535;0.87499964618107843;0.26666567269627456
0;3.9;-0.32681521834187877;-0.3784044002628999;0;0.37840682829753669;-0.32681786500408128;0;0.5;-0.12500013917244542;0.49999972165330198;0.87499965844062217;0.26666568968355679
1;3.9;0.32681521834187877;0.3784044002628999;0;-0.37840682829753669;0.32681786500408128;0;0.5;-0.12500013917244542;0.49999972165330198;0.87499965844062217;0.26666568968355679
0;4;-0.28740486892250566;-0.40914124626137455;0;0.40914382136449678;-0.28740725473348833;0;0.5;-0.12500014265188407;0.49999971469453365;0.87499967216874946;0.2666657095949422
1;4;0.28740486892250566;0.40914124626137455;0;-0.40914382136449678;0.28740725473348833;0;0.5;-0.12500014265188407;0.49999971469453365;0.87499967216874946;0.2666657095949422
0;4.1;-0.24512283356658371;-0.43579004217293854;0;0.43579273111214667;-0.24512494541452748;0;0.5;-0.12500014613132349;0.4999997077357712;0.87499968722829148;0.2666657321573167
1;4.1;0.24512283356658371;0.43579004217293854;0;-0.43579273111214667;0.24512494541452748;0;0.5;-0.12500014613132349;0.4999997077357712;0.87499968722829148;0.2666657321573167
0;4.2;-0.20039158582152183;-0.45808452033290054;0;0.45808728910572633;-0.20039341533869656;0;0.5;-0.12500014961076277;0.49999970077701532;0.87499970346877648;0.26666575707107856
1;4.2;0.20039158582152183;0.45808452033290054;0;-0.45808728910572633;0.20039341533869656;0;0.5;-0.12500014961076277;0.49999970077701532;0.87499970346877648;0.26666575707107856
0;4.3;-0.15365807103126203;-0.47580192072143673;0;0.475804735303132;-0.15365961452649382;0;0.5;-0.12500015309020103;0.49999969381826666;0.87499972072793328;0.26666578401313198
1;4.3;0.15365807103126203;0.47580192072143673;0;-0.475804735303132;0.15365961452649382;0;0.5;-0.12500015309020103;0.49999969381826666;0.87499972072793328;0.26666578401313198
0;4.4;-0.10538924049388496;-0.48876521669084255;0;0.48876804374033628;-0.10539049875876752;0;0.5;-0.12500015656963748;0.49999968685952581;0.87499973883331267;0.26666581264011546
1;4.4;0.10538924049388496;0.48876521669084255;0;-0.48876804374033628;0.10539049875876752;0;0.5;-0.12500015656963748;0.49999968685952581;0.87499973883331267;0.26666581264011546
0;4.5;-0.056067385733967252;-0.49684488372171409;0;0.49684769122359446;-0.056068363735089832;0;0.5;-0.12500016004907126;0.49999967990079312;0.87499975760401064;0.26666584259183258
1;4.5;0.056067385733967252;0.49684488372171409;0;-0.49684769122359446;0.056068363735089832;0;0.5;-0.12500016004907126;0.49999967990079312;0.87499975760401064;0.26666584259183258
0;4.6;-0.0061853195112258784;-0.49996019353733351;0;0.49996295136074559;-0.0061860259846318877;0;0.5;-0.12500016352850156;0.49999967294206904;0.87499977685247577;0.26666587349485103
1;4.6;0.0061853195112258784;0.49996019353733351;0;-0.49996295136074559;0.0061860259846318877;0;0.5;-0.12500016352850156;0.49999967294206904;0.87499977685247577;0.26666587349485103
0;4.7;0.043758548282158645;-0.49808002064853873;0;0.49808270100762247;0.043758101314824341;0;0.5;-0.12500016700792773;0.49999966598335376;0.87499979638638339;0.2666659049662338
1;4.7;-0.043758548282158645;0.49808002064853873;0;-0.49808270100762247;-0.043758101314824341;0;0.5;-0.12500016700792773;0.49999966598335376;0.87499979638638339;0.2666659049662338
0;4.8;0.093265190633508605;-0.49122315327342103;0;0.49122573107819612;0.093264988405282842;0;0.5;-0.125000170487349;0.49999965902464741;0.87499981601055718;0.26666593661736544
1;4.8;-0.093265190633508605;0.49122315327342103;0;-0.49122573107819612;-0.093264988405282842;0;0.5;-0.125000170487349;0.49999965902464741;0.87499981601055718;0.26666593661736544
0;4.9;0.14183994957091386;-0.47945810552861595;0;0.47946055861987169;0.14183997514283528;0;0.5;-0.12500017396676479;0.49999965206595006;0.87499983552891928;0.26666596805783495
1;4.9;-0.14183994957091386;0.47945810552861595;0;-0.47946055861987169;-0.14183997514283528;0;0.5;-0.12500017396676479;0.49999965206595006;0.87499983552891928;0.26666596805783495
0;5;0.1889974786530712;-0.46290243277224163;0;0.46290474203882448;0.18899771349659519;0;0.5;-0.12500017744617449;0.49999964510726164;0.87499985474644947;0.26666599889933662
1;5;-0.1889974786530712;0.46290243277224163;0;-0.46290474203882448;-0.18899771349659519;0;0.5;-0.12500017744617449;0.49999964510726164;0.87499985474644947;0.26666599889933662
0;5.1;0.23426659240404715;-0.44172155694289705;0;0.44172370632460684;0.23426701696904231;0;0.5;-0.12500018092557764;0.49999963814858197;0.87499987347113373;0.26666602875954982
1;5.1;-0.23426659240404715;0.44172155694289705;0;-0.44172370632460684;-0.23426701696904231;0;0.5;-0.12500018092557764;0.49999963814858197;0.87499987347113373;0.26666602875954982
0;5.2;0.27719497423979478;-0.41612711363495852;0;0.41612909001887544;0.27719556848598886;0;0.5;-0.1250001844049738;0.49999963118991083;0.8749998915158827;0.26666605726595898
1;5.2;-0.27719497423979478;0.41612711363495852;0;-0.41612909001887544;-0.27719556848598886;0;0.5;-0.1250001844049738;0.49999963118991083;0.8749998915158827;0.26666605726595898
0;5.3;0.31735369584781931;-0.38637483742879697;0;0.38637663045107568;0.31735443971983357;0;0.5;-0.12500018788436259;0.4999996242312478;0.87499990870040101;0.2666660840595756
1;5.3;-0.31735369584781931;0.38637483742879697;0;-0.38637663045107568;-0.31735443971983357;0;0.5;-0.12500018788436259;0.4999996242312478;0.87499990870040101;0.2666660840595756
0;5.4;0.35434150286587546;-0.35276200660774698;0;0.35276360837656728;0.35434237669504642;0;0.5;-0.12500019136374388;0.49999961727259242;0.87499992485298866;0.26666610879852503
1;5.4;-0.35434150286587546;0.35276200660774698;0;-0.35276360837656728;-0.35434237669504642;0;0.5;-0.12500019136374388;0.49999961727259242;0.87499992485298866;0.26666610879852503
0;5.5;0.38778882404113585;-0.31562447279561762;0;0.31562587755392263;0.38778980886104392;0;0.5;-0.12500019484311729;0.49999961031394411;0.87499993981225652;0.26666613116146235
1;5.5;-0.38778882404113585;0.31562447279561762;0;-0.31562587755392263;-0.38778980886104392;0;0.5;-0.12500019484311729;0.49999961031394411;0.87499993981225652;0.26666613116146235
0;5.6;0.41736146381454242;-0.2753333051952796;0;0.27533450894405059;0.41736254158138913;0;0.5;-0.12500019832248297;0.49999960335530224;0.87499995342873877;0.26666615085078302
1;5.6;-0.41736146381454242;0.2753333051952796;0;-0.27533450894405059;-0.41736254158138913;0;0.5;-0.12500019832248297;0.49999960335530224;0.87499995342873877;0.26666615085078302
0;5.7;0.44276394143841291;-0.23229108295899006;0;0.23229208306301563;0.44276509515193674;0;0.5;-0.12500020180184074;0.49999959639666603;0.87499996556638629;0.26666616759559632
1;5.7;-0.44276394143841291;0.23229108295899006;0;-0.23229208306301563;-0.44276509515193674;0;0.5;-0.12500020180184074;0.49999959639666603;0.87499996556638629;0.26666616759559632
0;5.8;0.46374244326720948;-0.186927872736179;0;0.18692866753453224;0.46374365699251319;0;0.5;-0.12500020528119073;0.49999958943803472;0.87499997610392586;0.26666618115443205
1;5.8;-0.46374244326720948;0.186927872736179;0;-0.18692866753453224;-0.46374365699251319;0;0.5;-0.12500020528119073;0.49999958943803472;0.87499997610392586;0.26666618115443205
0;5.9;0.48008735872638836;-0.13969693158933058;0;0.1396975200320637;0.48008861752167731;0;0.5;-0.12500020876053323;0.49999958247940738;0.87499998493607191;0.26666619131765295
1;5.9;-0.48008735872638836;0.13969693158933058;0;-0.1396975200320637;-0.48008861752167731;0;0.5;-0.12500020876053323;0.49999958247940738;0.87499998493607191;0.26666619131765295
0;6;0.49163537462382917;-0.091070178211953845;0;0.091070559542886939;0.49163666438343223;0;0.5;-0.12500021223986841;0.49999957552078309;0.87499999197457833;0.26666619790954939
1;6;-0.49163537462382917;0.091070178211953845;0;-0.091070559542886939;-0.49163666438343223;0;0.5;-0.12500021223986841;0.49999957552078309;0.87499999197457833;0.26666619790954939
0;6.1;0.49827110688092852;-0.041533477697066452;0;0.041533651200058433;0.49827241410691536;0;0.5;-0.12500021571919659;0.49999956856216092;0.87499999714912014;0.2666662007900949
1;6.1;-0.49827110688092852;0.041533477697066452;0;-0.041533651200058433;-0.49827241410691536;0;0.5;-0.12500021571919659;0.49999956856216092;0.87499999714912014;0.2666662007900949
0;6.2;0.49992825338196589;0.0084182130329851015;0;-0.0084182482101372077;0.4999295649010187;0;0.5;-0.12500021919851828;0.49999956160353984;0.87500000040799618;0.26666619985634514
1;6.2;-0.49992825338196589;-0.0084182130329851015;0;0.0084182482101372077;-0.4999295649010187;0;0.5;-0.12500021919851828;0.49999956160353984;0.87500000040799618;0.26666619985634514
0;6.3;0.49659025642464866;0.058285790632761757;0;-0.058286035566506439;0.49659155906945418;0;0.5;-0.12500022267783386;0.49999955464491882;0.87500000171864557;0.26666619504346656
1;6.3;-0.49659025642464866;-0.058285790632761757;0;0.058286035566506439;-0.49659155906945418;0;0.5;-0.12500022267783386;0.49999955464491882;0.87500000171864557;0.26666619504346656
0;6.4;0.48829046815403504;0.10757099216613755;0;-0.10757144815145935;0.48829174843022671;0;0.5;-0.12500022615714403;0.49999954768629682;0.87500000106797307;0.26666618632538406
1;6.4;-0.48829046815403504;-0.10757099216613755;0;0.10757144815145935;-0.48829174843022671;0;0.5;-0.12500022615714403;0.49999954768629682;0.87500000106797307;0.26666618632538406
0;6.5;0.47511181732739732;0.15578137354126256;0;-0.15578204199069123;0.47511306108791873;0;0.5;-0.12500022963644941;0.49999954072767266;0.87499999846247992;0.26666617371504152
1;6.5;-0.47511181732739732;-0.15578137354126256;0;0.15578204199069123;-0.47511306108791873;0;0.5;-0.12500022963644941;0.49999954072767266;0.87499999846247992;0.26666617371504152
0;6.6;0.45718598073943301;0.20243522980842604;0;-0.20243611205904818;0.4571871728880787;0;0.5;-0.1250002331157506;0.49999953376904536;0.87499999392819879;0.26666615726427253
1;6.6;-0.45718598073943301;-0.20243522980842604;0;0.20243611205904818;-0.4571871728880787;0;0.5;-0.1250002331157506;0.49999953376904536;0.87499999392819879;0.26666615726427253
0;6.7;0.43469206758581358;0.24706640816195721;0;-0.24706750519827411;0.43469319183063093;0;0.5;-0.12500023659504838;0.49999952681041385;0.87499998751043381;0.2666661370632825
1;6.7;-0.43469206758581358;-0.24706640816195721;0;0.24706750519827411;-0.43469319183063093;0;0.5;-0.12500023659504838;0.49999952681041385;0.87499998751043381;0.2666661370632825
0;6.8;0.40785482990896393;0.28922896555913402;0;-0.28923027766386888;0.40785586858421236;0;0.5;-0.12500024007434358;0.49999951985177716;0.87499997927330787;0.26666611323974735
1;6.8;-0.40785482990896393;-0.28922896555913402;0;0.28923027766386888;-0.40785586858421236;0;0.5;-0.12500024007434358;0.49999951985177716;0.87499997927330787;0.26666611323974735
0;6.9;0.3769424170045978;0.32850162442124192;0;-0.32850315076997638;0.37694335097713522;0;0.5;-0.125000243553637;0.49999951289313432;0.87499996929912198;0.26666608595753788
1;6.9;-0.3769424170045978;-0.32850162442124192;0;0.32850315076997638;-0.37694335097713522;0;0.5;-0.125000243553637;0.49999951289313432;0.87499996929912198;0.26666608595753788
0;7;0.34226369622361519;0.36449198189894083;0;-0.36449372011759712;0.34226450489603139;0;0.5;-0.12500024703292945;0.49999950593448431;0.87499995768753308;0.26666605541508243
1;7;-0.34226369622361519;-0.36449198189894083;0;0.36449372011759712;-0.34226450489603139;0;0.5;-0.12500024703292945;0.49999950593448431;0.87499995768753308;0.26666605541508243
0;7.1;0.30416516693599699;0.39684043064582436;0;-0.39684237635236941;0.30416582835467837;0;0.5;-0.12500025051222188;0.49999949897582627;0.87499994455455826;0.26666602184338445
1;7.1;-0.30416516693599699;-0.39684043064582436;0;0.39684237635236941;-0.30416582835467837;0;0.5;-0.12500025051222188;0.49999949897582627;0.87499994455455826;0.26666602184338445
0;7.2;0.26302749848804013;0.4252237519259171;0;-0.42522589827914609;0.26302798955980111;0;0.5;-0.1250002539915151;0.4999994920171594;0.87499993003141568;0.26666598550371437
1;7.2;-0.26302749848804013;-0.4252237519259171;0;0.42522589827914609;-0.26302798955980111;0;0.5;-0.1250002539915151;0.4999994920171594;0.87499993003141568;0.26666598550371437
0;7.3;0.2192617267410687;0.44935834515408701;0;-0.44936068243287702;0.21926202355720037;0;0.5;-0.12500025747081001;0.49999948505848295;0.87499991426321358;0.26666594668499918
1;7.3;-0.2192617267410687;-0.44935834515408701;0;0.44936068243287702;-0.21926202355720037;0;0.5;-0.12500025747081001;0.49999948505848295;0.87499991426321358;0.26666594668499918
0;7.4;0.17330514719109666;0.46900306160027178;0;-0.46900557683625144;0.17330522545286342;0;0.5;-0.12500026095010751;0.49999947809979623;0.87499989740750043;0.26666590570093561
1;7.4;-0.17330514719109666;-0.46900306160027178;0;0.46900557683625144;-0.17330522545286342;0;0.5;-0.12500026095010751;0.49999947809979623;0.87499989740750043;0.26666590570093561
0;7.5;0.12561694570072893;0.48396161394277221;0;-0.48396429062793966;0.12561678123568046;0;0.5;-0.12500026442940845;0.49999947114109872;0.87499987963269088;0.26666586288685591
1;7.5;-0.12561694570072893;-0.48396161394277221;0;0.48396429062793966;-0.12561678123568046;0;0.5;-0.12500026442940845;0.49999947114109872;0.87499987963269088;0.26666586288685591
0;7.6;0.076673610496567096;0.49408453759317084;0;-0.49408735548165783;0.076673179850720738;0;0.5;-0.12500026790871364;0.49999946418238986;0.87499986111638308;0.26666581859637735
1;7.6;-0.076673610496567096;-0.49408453759317084;0;0.49408735548165783;-0.076673179850720738;0;0.5;-0.12500026790871364;0.49999946418238986;0.87499986111638308;0.26666581859637735
0;7.7;0.02696417127132978;0.49927068419337911;0;-0.49927361921338997;0.026963452358494535;0;0.5;-0.12500027138802385;0.49999945722366926;0.87499984204358422;0.26666577319786908
1;7.7;-0.02696417127132978;-0.49927068419337911;0;0.49927361921338997;-0.026963452358494535;0;0.5;-0.12500027138802385;0.49999945722366926;0.87499984204358422;0.26666577319786908
0;7.8;-0.023014687042053263;0.49946823235918603;0;-0.49947125664725434;-0.023015714255638527;0;0.5;-0.12500027486733992;0.49999945026493662;0.87499982260486206;0.26666572707077155
1;7.8;0.023014687042053263;-0.49946823235918603;0;0.49947125664725434;0.023015714255638527;0;0.5;-0.12500027486733992;0.49999945026493662;0.87499982260486206;0.26666572707077155
0;7.9;-0.072763587004245595;0.49467520556779604;0;-0.49467828763304922;-0.072764939804067189;0;0.5;-0.12500027834666253;0.49999944330619179;0.87499980299444084;0.26666568060180532
1;7.9;0.072763587004245595;-0.49467520556779604;0;0.49467828763304922;0.072764939804067189;0;0.5;-0.12500027834666253;0.49999944330619179;0.87499980299444084;0.26666568060180532
0;8;-0.12178544832593338;0.48493949201103076;0;-0.48494259703230508;-0.12178714056762213;0;0.5;-0.12500028182599229;0.4999994363474347;0.87499978340826076;0.26666563418110711
1;8;0.12178544832593338;-0.48493949201103076;0;0.48494259703230508;0.12178714056762213;0;0.5;-0.12500028182599229;0.4999994363474347;0.87499978340826076;0.26666563418110711
0;8.1;-0.16959045459185501;0.47035836621193949;0;-0.47036145646553351;-0.16959249605972421;0;0.5;-0.12500028530532991;0.49999942938866531;0.87499976404202015;0.26666558819833161
1;8.1;0.16959045459185501;-0.47035836621193949;0;0.47036145646553351;0.16959249605972421;0;0.5;-0.12500028530532991;0.49999942938866531;0.87499976404202015;0.26666558819833161
0;8.2;-0.21570094742577514;0.4510775171808048;0;-0.45108055259159591;-0.21570334325670928;0;0.5;-0.12500028878467572;0.49999942242988381;0.87499974508922012;0.26666554303875831
1;8.2;0.21570094742577514;-0.4510775171808048;0;0.45108055259159591;0.21570334325670928;0;0.5;-0.12500028878467572;0.49999942242988381;0.87499974508922012;0.26666554303875831
0;8.3;-0.25965619919398353;0.4272895928171998;0;-0.42729253162097641;-0.25965894939029793;0;0.5;-0.12500029226403041;0.49999941547109034;0.87499972673923121;0.26666549907944176
1;8.3;0.25965619919398353;-0.4272895928171998;0;0.42729253162097641;0.25965894939029793;0;0.5;-0.12500029226403041;0.49999941547109034;0.87499972673923121;0.26666549907944176
0;8.4;-0.30101701655779617;0.39923227509858583;0;-0.39923507459895802;-0.3010201156101393;0;0.5;-0.12500029574339415;0.49999940851228533;0.87499970917540106;0.26666545668544422
1;8.4;0.30101701655779617;-0.39923227509858583;0;0.39923507459895802;0.3010201156101393;0;0.5;-0.12500029574339415;0.49999940851228533;0.87499970917540106;0.26666545668544422
0;8.5;-0.33937012887500317;0.36718590528461914;0;-0.36718852268394231;-0.33937356551297981;0;0.5;-0.12500029922276738;0.49999940155346912;0.87499969257322261;0.26666541620618801
1;8.5;0.33937012887500317;-0.36718590528461914;0;0.36718852268394231;0.33937356551297981;0;0.5;-0.12500029922276738;0.49999940155346912;0.87499969257322261;0.26666541620618801
0;8.6;-0.37433231759938906;0.33147068286300369;0;-0.33147307614354077;-0.37433607468346985;0;0.5;-0.12500030270215025;0.49999939459464227;0.87499967709858044;0.2666653779719641
1;8.6;0.37433231759938906;-0.33147068286300369;0;0.33147307614354077;0.37433607468346985;0;0.5;-0.12500030270215025;0.49999939459464227;0.87499967709858044;0.2666653779719641
0;8.7;-0.40555424541489465;0.29244346622243034;0;-0.29244559505161566;-0.40555829997849746;0;0.5;-0.12500030618154284;0.49999938763580546;0.87499966290609325;0.26666534229063197
1;8.7;0.40555424541489465;-0.29244346622243034;0;0.29244559505161566;0.40555829997849746;0;0.5;-0.12500030618154284;0.49999938763580546;0.87499966290609325;0.26666534229063197
0;8.8;-0.43272394684085985;0.25049420701829561;0;-0.25049603365054723;-0.43272827028641886;0;0.5;-0.12500030966094522;0.49999938067695934;0.87499965013756898;0.2666653094445434
1;8.8;0.43272394684085985;-0.25049420701829561;0;0.25049603365054723;0.43272827028641886;0;0.5;-0.12500030966094522;0.49999938067695934;0.87499965013756898;0.2666653094445434
0;8.9;-0.45556994542712087;0.20604205385770036;0;-0.20604354400481498;-0.45557450387469139;0;0.5;-0.12500031314035736;0.49999937371810473;0.8749996389205877;0.26666527968772132
1;8.9;0.45556994542712087;-0.20604205385770036;0;0.20604354400481498;0.45557450387469139;0;0.5;-0.12500031314035736;0.49999937371810473;0.8749996389205877;0.26666527968772132
0;9;-0.47386396638874434;0.15953116423508115;0;-0.15953228787785945;-0.47386872117042639;0;0.5;-0.12500031661977905;0.49999936675924247;0.87499962936722694;0.26666525324332157
1;9;0.47386396638874434;-0.15953116423508115;0;0.15953228787785945;0.47386872117042639;0;0.5;-0.12500031661977905;0.49999936675924247;0.87499962936722694;0.26666525324332157
0;9.1;-0.48742321757258716;0.11142626656567514;0;-0.11142699868104575;-0.48742812586098927;0;0.5;-0.12500032009921016;0.49999935980037342;0.87499962157294169;0.26666523030140312
1;9.1;0.48742321757258716;-0.11142626656567514;0;0.11142699868104575;0.48742812586098927;0;0.5;-0.12500032009921016;0.49999935980037342;0.87499962157294169;0.26666523030140312
0;9.2;-0.49611221596127747;0.062208016661697778;0;-0.062208337842177906;-0.49611723151557607;0;0.5;-0.12500032357865028;0.49999935284149859;0.87499961561561058;0.26666521101702911
1;9.2;0.49611221596127747;-0.062208016661697778;0;0.062208337842177906;0.49611723151557607;0;0.5;-0.12500032357865028;0.49999935284149859;0.87499961561561058;0.26666521101702911
0;9.3;-0.49984414146150735;0.012368195050639205;0;-0.012368091996392782;-0.49984921547056754;0;0.5;-0.12500032705809912;0.49999934588261894;0.87499961155475774;0.26666519550871727
1;9.3;0.49984414146150735;-0.012368195050639205;0;0.012368091996392782;0.49984921547056754;0;0.5;-0.12500032705809912;0.49999934588261894;0.87499961155475774;0.26666519550871727
0;9.4;-0.49858170444732519;-0.037595206874095732;0;0.037595741006192118;-0.49858678644598764;0;0.5;-0.12500033053755609;0.49999933892373554;0.87499960943095793;0.26666518385725587
1;9.4;0.49858170444732519;0.037595206874095732;0;-0.037595741006192118;0.49858678644598764;0;0.5;-0.12500033053755609;0.49999933892373554;0.87499960943095793;0.26666518385725587
0;9.5;-0.4923375183881874;-0.087182962768781652;0;0.087183928169936753;-0.49234255722032499;0;0.5;-0.12500033401702076;0.49999933196484939;0.87499960926543121;0.26666517610489636
1;9.5;0.4923375183881874;0.087182962768781652;0;-0.087183928169936753;0.49234255722032499;0;0.5;-0.12500033401702076;0.49999933196484939;0.87499960926543121;0.26666517610489636
0;9.6;-0.48117397383730726;-0.13589959959932382;0;0.13590098977325657;-0.48117891863770618;0;0.5;-0.1250003374964924;0.4999993250059616;0.87499961105983079;0.26666517225493125
1;9.6;0.48117397383730726;0.13589959959932382;0;-0.13590098977325657;0.48117891863770618;0;0.5;-0.1250003374964924;0.4999993250059616;0.87499961105983079;0.26666517225493125
0;9.7;-0.46520261503887311;-0.18325834840018768;0;0.18326015028763556;-0.46520741620545336;0;0.5;-0.12500034097597045;0.49999931804707323;0.87499961479622659;0.26666517227166122
1;9.7;0.46520261503887311;0.18325834840018768;0;-0.18326015028763556;0.46520741620545336;0;0.5;-0.12500034097597045;0.49999931804707323;0.87499961479622659;0.26666517227166122
0;9.8;-0.44458302538318301;-0.22878600806161822;0;0.22878820232008393;-0.44458763551156355;0;0.5;-0.12500034445545417;0.49999931108818527;0.87499962043728438;0.26666517608075177
1;9.8;0.44458302538318301;0.22878600806161822;0;-0.22878820232008393;0.44458763551156355;0;0.5;-0.12500034445545417;0.49999931108818527;0.87499962043728438;0.26666517608075177
0;9.9;-0.4195212328469643;-0.27202767354360119;0;0.27203023497239398;-0.41952560760087276;0;0.5;-0.12500034793494276;0.49999930412929886;0.87499962792663878;0.26666518356997608
1;9.9;0.4195212328469643;0.27202767354360119;0;-0.27203023497239398;0.41952560760087276;0;0.5;-0.12500034793494276;0.49999930412929886;0.87499962792663878;0.26666518356997608
0;10;-0.39026765135304248;-0.31255128126991488;0;0.31255417936584168;-0.39027175024651062;0;0.5;-0.12500035141443535;0.49999929717041497;0.87499963718945661;0.2666651945903363
1;10;0.39026765135304248;0.31255128126991488;0;-0.31255417936584168;0.39027175024651062;0;0.5;-0.12500035141443535;0.49999929717041497;0.87499963718945661;0.2666651945903363
0;10.1;-0.35711457862113827;-0.3499519262827292;0;0.34995512590766109;-0.35711836569171462;0;0.5;-0.12500035489393124;0.49999929021153452;0.87499964813318457;0.26666520895755236
1;10.1;0.35711457862113827;0.3499519262827292;0;-0.34995512590766109;0.35711836569171462;0;0.5;-0.12500035489393124;0.49999929021153452;0.87499964813318457;0.26666520895755236
0;10.2;-0.32039327551354307;-0.38385590801925051;0;0.38385937015738703;-0.32039671986976098;0;0.5;-0.1250003583734295;0.4999992832526584;0.87499966064847406;0.26666522645390334
1;10.2;0.32039327551354307;0.38385590801925051;0;-0.38385937015738703;0.32039671986976098;0;0.5;-0.1250003583734295;0.4999992832526584;0.87499966064847406;0.26666522645390334
0;10.3;-0.28047065606144539;-0.41392446428407687;0;0.41392814686417689;-0.28047373229235367;0;0.5;-0.12500036185292921;0.4999992762937875;0.87499967461027387;0.26666524683040293
1;10.3;0.28047065606144539;0.41392446428407687;0;-0.41392814686417689;0.28047373229235367;0;0.5;-0.12500036185292921;0.4999992762937875;0.87499967461027387;0.26666524683040293
0;10.4;-0.23774562124795412;-0.43985715610709203;0;0.4398610148633289;-0.23774830968746816;0;0.5;-0.12500036533242954;0.49999926933492259;0.87499968987907969;0.26666526980928729
1;10.4;0.23774562124795412;0.43985715610709203;0;-0.4398610148633289;0.23774830968746816;0;0.5;-0.12500036533242954;0.49999926933492259;0.87499968987907969;0.26666526980928729
0;10.5;-0.19264507318350838;-0.4613948696657259;0;0.46139885901020633;-0.19264736002747909;0;0.5;-0.12500036881192956;0.49999926237606438;0.87499970630232809;0.26666529508679046
1;10.5;0.19264507318350838;0.4613948696657259;0;-0.46139885901020633;0.19264736002747909;0;0.5;-0.12500036881192956;0.49999926237606438;0.87499970630232809;0.26666529508679046
0;10.6;-0.14561964950280198;-0.4783224052773527;0;0.47832647915773169;-0.14562152678183005;0;0.5;-0.12500037229142853;0.49999925541721344;0.87499972371592096;0.26666532233617953
1;10.6;0.14561964950280198;0.4783224052773527;0;-0.47832647915773169;0.14562152678183005;0;0.5;-0.12500037229142853;0.49999925541721344;0.87499972371592096;0.26666532233617953
0;10.7;-0.09713922060768225;-0.49047062759421839;0;0.49047474031121824;-0.097140686023626702;0;0.5;-0.1250003757709255;0.49999924845837033;0.87499974194586518;0.26666535121101943
1;10.7;0.09713922060768225;0.49047062759421839;0;-0.49047474031121824;0.097140686023626702;0;0.5;-0.1250003757709255;0.49999924845837033;0.87499974194586518;0.26666535121101943
0;10.8;-0.047688194749778444;-0.49771815551832577;0;0.49772226248026397;-0.047689251388434419;0;0.5;-0.1250003792504196;0.49999924149953556;0.87499976081001114;0.26666538134863439
1;10.8;0.047688194749778444;0.49771815551832577;0;-0.49772226248026397;0.047689251388434419;0;0.5;-0.1250003792504196;0.49999924149953556;0.87499976081001114;0.26666538134863439
0;10.9;0.0022393221337815715;-0.49999257495331728;0;0.49999663334786504;0.0022386661974043761;0;0.5;-0.1250003827299102;0.49999923454070941;0.87499978011987286;0.2666654123737317
1;10.9;-0.0022393221337815715;0.49999257495331728;0;-0.49999663334786504;-0.0022386661974043761;0;0.5;-0.1250003827299102;0.49999923454070941;0.87499978011987286;0.2666654123737317
0;11;0.052144463467462959;-0.49727116227860096;0;0.49727513164580045;0.052144195651589086;0;0.5;-0.1250003862093965;0.49999922758189204;0.87499979968251128;0.2666654439021516
1;11;-0.052144463467462959;0.49727116227860096;0;-0.49727513164580045;-0.052144195651589086;0;0.5;-0.1250003862093965;0.49999922758189204;0.87499979968251128;0.2666654439021516
0;11.1;0.10152858663570564;-0.4895811113200999;0;0.48958495401500579;0.10152869039989325;0;0.5;-0.12500038968887776;0.49999922062308368;0.87499981930246201;0.26666547554470577
1;11.1;-0.10152858663570564;0.4895811113200999;0;-0.48958495401500579;-0.10152869039989325;0;0.5;-0.12500038968887776;0.49999922062308368;0.87499981930246201;0.26666547554470577
0;11.2;0.14989825532663495;-0.47699926155320566;0;0.47700294309120722;0.14989871076196568;0;0.5;-0.12500039316835348;0.49999921366428432;0.87499983878368844;0.26666550691106588
1;11.2;-0.14989825532663495;0.47699926155320566;0;-0.47700294309120722;-0.14989871076196568;0;0.5;-0.12500039316835348;0.49999921366428432;0.87499983878368844;0.26666550691106588
0;11.3;0.19677016983838166;-0.4596513302572009;0;0.4596548195399327;0.19677095427566604;0;0.5;-0.125000396647823;0.49999920670549385;0.87499985793154045;0.26666553761366368
1;11.3;-0.19677016983838166;0.4596513302572009;0;-0.4596548195399327;-0.19677095427566604;0;0.5;-0.125000396647823;0.49999920670549385;0.87499985793154045;0.26666553761366368
0;11.4;0.24167599608595647;-0.43771065629678352;0;0.43771392572135093;0.24167708469834265;0;0.5;-0.12500040012728586;0.49999919974671219;0.87499987655469924;0.26666556727156349
1;11.4;-0.24167599608595647;0.43771065629678352;0;-0.43771392572135093;-0.24167708469834265;0;0.5;-0.12500040012728586;0.49999919974671219;0.87499987655469924;0.26666556727156349
0;11.5;0.28416704505948026;-0.41139646808585584;0;0.41139949354469063;0.28416841143726385;0;0.5;-0.1250004036067417;0.49999919278793891;0.87499989446708899;0.26666559551426822
1;11.5;-0.28416704505948026;0.41139646808585584;0;-0.41139949354469063;-0.28416841143726385;0;0.5;-0.1250004036067417;0.49999919278793891;0.87499989446708899;0.26666559551426822
0;11.6;0.32381875597947074;-0.38097169304269057;0;0.38097445382552919;0.32382037265719232;0;0.5;-0.12500040708619014;0.49999918582917368;0.87499991148973591;0.26666562198542136
1;11.6;-0.32381875597947074;0.38097169304269057;0;-0.38097445382552919;-0.32382037265719232;0;0.5;-0.12500040708619014;0.49999918582917368;0.87499991148973591;0.26666562198542136
0;11.7;0.3602349383568656;-0.34674033042645963;0;0.34674280903953586;0.36023677727584669;0;0.5;-0.12500041056563098;0.49999917887041602;0.87499992745255649;0.26666564634636745
1;11.7;-0.3602349383568656;0.34674033042645963;0;-0.34674280903953586;-0.36023677727584669;0;0.5;-0.12500041056563098;0.49999917887041602;0.87499992745255649;0.26666564634636745
0;11.8;0.39305173057489573;-0.30904441380716485;0;0.30904659572758902;0.39305376346806853;0;0.5;-0.12500041404506401;0.49999917191166535;0.87499994219605686;0.26666566827953574
1;11.8;-0.39305173057489573;0.30904441380716485;0;-0.30904659572758902;-0.39305376346806853;0;0.5;-0.12500041404506401;0.49999917191166535;0.87499994219605686;0.26666566827953574
0;11.9;0.42194123544271567;-0.26826059352067488;0;0.26826246690602029;0.4219434341327889;0;0.5;-0.1250004175244892;0.49999916495292096;0.87499995557292634;0.2666656874916132
1;11.9;-0.42194123544271567;0.26826059352067488;0;-0.26826246690602029;-0.4219434341327889;0;0.5;-0.1250004175244892;0.49999916495292096;0.87499995557292634;0.2666656874916132
0;12;0.44661479639853441;-0.22479637325691468;0;0.22479792863117207;0.44661713300502598;0;0.5;-0.12500042100390653;0.49999915799418212;0.87499996744950921;0.26666570371647521
1;12;-0.44661479639853441;0.22479637325691468;0;-0.22479792863117207;-0.44661713300502598;0;0.5;-0.12500042100390653;0.49999915799418212;0.87499996744950921;0.26666570371647521
0;12.1;0.46682588163060584;-0.17908603838436823;0;0.17908726832162225;0.46682832868587598;0;0.5;-0.12500042448331617;0.49999915103544799;0.87499997770714012;0.26666571671784433
1;12.1;-0.46682588163060584;0.17908603838436823;0;-0.17908726832162225;-0.46682832868587598;0;0.5;-0.12500042448331617;0.49999915103544799;0.87499997770714012;0.26666571671784433
0;12.2;0.48237254730195928;-0.13158631669344931;0;0.13158721551987249;0.48237507778089639;0;0.5;-0.12500042796271831;0.49999914407671767;0.87499998624332965;0.26666572629165126
1;12.2;-0.48237254730195928;0.13158631669344931;0;-0.13158721551987249;-0.48237507778089639;0;0.5;-0.12500042796271831;0.49999914407671767;0.87499998624332965;0.26666572629165126
0;12.3;0.49309945527002996;-0.082771814914226347;0;0.082772378447318329;0.49310204254229223;0;0.5;-0.12500043144211314;0.49999913711799034;0.87499999297278827;0.26666573226807362
1;12.3;-0.49309945527002996;0.082771814914226347;0;-0.082772378447318329;-0.49310204254229223;0;0.5;-0.12500043144211314;0.49999913711799034;0.87499999297278827;0.26666573226807362
0;12.4;0.49889942514338598;-0.033130276603780727;0;0.033130501945275684;0.4989020428608989;0;0.5;-0.12500043492150112;0.4999991301592649;0.87499999782827854;0.26666573451323269
1;12.4;-0.49889942514338598;0.033130276603780727;0;-0.033130501945275684;-0.4989020428608989;0;0.5;-0.12500043492150112;0.4999991301592649;0.87499999782827854;0.26666573451323269
0;12.5;0.49971450517007565;0.016842291217224397;0;-0.016842405821590623;0.49971712710567523;0;0.5;-0.12500043840088264;0.4999991232005404;0.87500000076128683;0.26666573293053115
1;12.5;-0.49971450517007565;-0.016842291217224397;0;0.016842405821590623;-0.49971712710567523;0;0.5;-0.12500043840088264;0.4999991232005404;0.87500000076128683;0.26666573293053115
0;12.6;0.49553655125927465;0.066646573988189919;0;-0.066647029212679454;0.49553915111483116;0;0.5;-0.12500044188025815;0.49999911624181574;0.87500000174250801;0.26666572746161807
1;12.6;-0.49553655125927465;-0.066646573988189919;0;0.066647029212679454;-0.49553915111483116;0;0.5;-0.12500044188025815;0.49999911624181574;0.87500000174250801;0.26666572746161807
0;12.7;0.48640730835188839;0.11578493857724978;0;-0.11578573399875797;0.48640985955584159;0;0.5;-0.12500044535962835;0.49999910928308988;0.87500000076213825;0.26666571808697202
1;12.7;-0.48640730835188839;-0.11578493857724978;0;0.11578573399875797;-0.48640985955584159;0;0.5;-0.12500044535962835;0.49999910928308988;0.87500000076213825;0.26666571808697202
0;12.8;0.47241799332748413;0.16376640544976331;0;-0.16376753944844319;0.47242046884240246;0;0.5;-0.12500044883899383;0.49999910232436173;0.87499999782997296;0.26666570482609604
1;12.8;-0.47241799332748413;-0.16376640544976331;0;0.16376753944844319;-0.47242046884240246;0;0.5;-0.12500044883899383;0.49999910232436173;0.87499999782997296;0.26666570482609604
0;12.9;0.4537083836147468;0.21011155435932066;0;-0.21011302394108658;0.45371075577525544;0;0.5;-0.12500045231835531;0.4999990953656303;0.87499999297530893;0.26666568773732286
1;12.9;-0.4537083836147468;-0.21011155435932066;0;0.21011302394108658;-0.45371075577525544;0;0.5;-0.12500045231835531;0.4999990953656303;0.87499999297530893;0.26666568773732286
0;13;0.4304654206108402;0.25435731454805871;0;-0.25435911509725373;0.43046766101105693;0;0.5;-0.12500045579771356;0.49999908840689447;0.87499998624665162;0.26666566691723195
1;13;-0.4304654206108402;-0.25435731454805871;0;0.25435911509725373;-0.43046766101105693;0;0.5;-0.12500045579771356;0.49999908840689447;0.87499998624665162;0.26666566691723195
0;13.1;0.40292134186230205;0.29606159159678092;0;-0.29606371657135616;0.40292342130982089;0;0.5;-0.12500045927706929;0.4999990814481533;0.87499997771123056;0.26666564249968469
1;13.1;-0.40292134186230205;-0.29606159159678092;0;0.29606371657135616;-0.40292342130982089;0;0.5;-0.12500045927706929;0.4999990814481533;0.87499997771123056;0.26666564249968469
0;13.2;0.37135136066799945;0.33480768469713879;0;-0.33481012528225218;0.37135324921855484;0;0.5;-0.12500046275642337;0.49999907448940573;0.87499996745432765;0.26666561465448681
1;13.2;-0.37135136066799945;-0.33480768469713879;0;0.33481012528225218;-0.37135324921855484;0;0.5;-0.12500046275642337;0.49999907448940573;0.87499996745432765;0.26666561465448681
0;13.3;0.33607091628620972;0.37020845021167953;0;-0.37021119495051968;0.33607258336955392;0;0.5;-0.12500046623577667;0.49999906753065089;0.87499995557842511;0.2666655835856919
1;13.3;-0.33607091628620972;-0.37020845021167953;0;0.37021119495051968;-0.33607258336955392;0;0.5;-0.12500046623577667;0.49999906753065089;0.87499995557842511;0.2666655835856919
0;13.4;0.29743252221790784;0.4019101699219928;0;-0.40191320434474281;0.2974339368612911;0;0.5;-0.12500046971513002;0.49999906057188792;0.87499994220218157;0.26666554952956257
1;13.4;-0.29743252221790784;-0.4019101699219928;0;0.40191320434474281;-0.2974339368612911;0;0.5;-0.12500046971513002;0.49999906057188792;0.87499994220218157;0.26666554952956257
0;13.5;0.25582224405399528;0.42959608531520105;0;-0.42959939158828125;0.25582337520511705;0;0.5;-0.12500047319448435;0.499999053613116;0.87499992745924653;0.26666551275220984
1;13.5;-0.25582224405399528;-0.42959608531520105;0;0.42959939158828125;-0.25582337520511705;0;0.5;-0.12500047319448435;0.499999053613116;0.87499992745924653;0.26666551275220984
0;13.6;0.21165584207537835;0.45298956259518502;0;-0.45299311921319041;0.21165665902196648;0;0.5;-0.12500047667384051;0.49999904665433434;0.87499991149692511;0.26666547354693433
1;13.6;-0.21165584207537835;-0.45298956259518502;0;0.45299311921319041;-0.21165665902196648;0;0.5;-0.12500047667384051;0.49999904665433434;0.87499991149692511;0.26666547354693433
0;13.7;0.16537461714452581;0.47185685679391043;0;-0.47186063833596575;0.1653750900229945;0;0.5;-0.12500048015319941;0.49999903969554232;0.87499989447470621;0.26666543223129581
1;13.7;-0.16537461714452581;-0.47185685679391043;0;0.47186063833596575;-0.1653750900229945;0;0.5;-0.12500048015319941;0.49999903969554232;0.87499989447470621;0.26666543223129581
0;13.8;0.117441001391936;0.48600944736319679;0;-0.48601342433380762;0.11744110177306477;0;0.5;-0.12500048363256188;0.49999903273673939;0.87499987656266906;0.26666538914394028
1;13.8;-0.117441001391936;-0.48600944736319679;0;0.48601342433380762;-0.11744110177306477;0;0.5;-0.12500048363256188;0.49999903273673939;0.87499987656266906;0.26666538914394028
0;13.9;0.06833393775119416;0.4953059219082564;0;-0.49531006068019018;0.068333639286650025;0;0.5;-0.12500048711192876;0.49999902577792502;0.87499985793978393;0.26666534464121634
1;13.9;-0.06833393775119416;-0.4953059219082564;0;0.49531006068019018;-0.068333639286650025;0;0.5;-0.12500048711192876;0.49999902577792502;0.87499985793978393;0.26666534464121634
0;14;0.018544094506507125;0.49965338923858221;0;-0.49965765211196567;0.018543373616474408;0;0.5;-0.12500049059130083;0.49999901881909891;0.8749998387921239;0.26666529909361479
1;14;-0.018544094506507125;-0.49965338923858221;0;0.49965765211196567;-0.018543373616474408;0;0.5;-0.12500049059130083;0.49999901881909891;0.8749998387921239;0.26666529909361479
0;14.1;-0.031431037334332869;0.49900840761419912;0;-0.49901275300198839;-0.031432200754994026;0;0.5;-0.12500049407067886;0.4999990118602607;0.87499981931100577;0.26666525288206674
1;14.1;0.031431037334332869;-0.49900840761419912;0;0.49901275300198839;0.031432200754994026;0;0.5;-0.12500049407067886;0.4999990118602607;0.87499981931100577;0.26666525288206674
0;14.2;-0.081092114857181846;0.49337741890894926;0;-0.49338180165437318;-0.081093736738831051;0;0.5;-0.12500049755006355;0.49999900490141029;0.87499979969107849;0.26666520639413763
1;14.2;0.081092114857181846;-0.49337741890894926;0;0.49338180165437318;0.081093736738831051;0;0.5;-0.12500049755006355;0.49999900490141029;0.87499979969107849;0.26666520639413763
0;14.3;-0.12994293258255046;0.48281668434897645;0;-0.48282105617564619;-0.12994502401237062;0;0.5;-0.1250005010294555;0.49999899794254755;0.87499978012837832;0.26666516002015465
1;14.3;0.12994293258255046;-0.48281668434897645;0;0.48282105617564619;0.12994502401237062;0;0.5;-0.1250005010294555;0.49999899794254755;0.87499978012837832;0.26666516002015465
0;14.4;-0.17749538047812036;0.46743172246459924;0;-0.46743603255490829;-0.17749794708916727;0;0.5;-0.12500050450885528;0.49999899098367258;0.87499976081837006;0.26666511414930684
1;14.4;0.17749538047812036;-0.46743172246459924;0;0.46743603255490829;0.17749794708916727;0;0.5;-0.12500050450885528;0.49999899098367258;0.87499976081837006;0.26666511414930684
0;14.5;-0.22327432110276924;0.44737625486755644;0;-0.44738045055996584;-0.22327736254528438;0;0.5;-0.12500050798826349;0.49999898402478551;0.87499974195399405;0.26666506916575635
1;14.5;0.22327432110276924;-0.44737625486755644;0;0.44738045055996584;0.22327736254528438;0;0.5;-0.12500050798826349;0.49999898402478551;0.87499974195399405;0.26666506916575635
0;14.6;-0.26682233714937476;0.4228506703834839;0;-0.42285469797449327;-0.26682584666727566;0;0.5;-0.12500051146768055;0.49999897706588657;0.87499972372373833;0.26666502544479994
1;14.6;0.26682233714937476;-0.4228506703834839;0;0.42285469797449327;0.26682584666727566;0;0.5;-0.12500051146768055;0.49999897706588657;0.87499972372373833;0.26666502544479994
0;14.7;-0.30770430194791082;0.39410002288228541;0;-0.39410382851452375;-0.30770826608055102;0;0.5;-0.12500051494710677;0.49999897010697609;0.87499970630975526;0.26666498334911916
1;14.7;0.30770430194791082;-0.39410002288228541;0;0.39410382851452375;0.30770826608055102;0;0.5;-0.12500051494710677;0.49999897010697609;0.87499970630975526;0.26666498334911916
0;14.8;-0.34551172725866175;0.36141158280869856;0;-0.36141511342280386;-0.34551612568430889;0;0.5;-0.12500051842654247;0.49999896314805458;0.87499968988604145;0.26666494322515645
1;14.8;0.34551172725866175;-0.36141158280869856;0;0.36141511342280386;0.34551612568430889;0;0.5;-0.12500051842654247;0.49999896314805458;0.87499968988604145;0.26666494322515645
0;14.9;-0.37986684491011752;0.32511196687525085;0;-0.32511517120019662;-0.37987165044326321;0;0.5;-0.12500052190598783;0.49999895618912254;0.87499967461669923;0.26666490539965353
1;14.9;0.37986684491011752;-0.32511196687525085;0;0.32511517120019662;0.37987165044326321;0;0.5;-0.12500052190598783;0.49999895618912254;0.87499967461669923;0.26666490539965353
0;15;-0.41042638149506633;0.28556387459536908;0;-0.2855667041497631;-0.41043156024481686;0;0.5;-0.12500052538544296;0.49999894923018063;0.87499966065429683;0.26666487017638658
1;15;0.41042638149506633;-0.28556387459536908;0;0.2855667041497631;0.41043156024481686;0;0.5;-0.12500052538544296;0.49999894923018063;0.87499966065429683;0.26666487017638658
0;15.1;-0.43688498840501977;0.24316246426350119;0;-0.24316487433921569;-0.43689050009660024;0;0.5;-0.12500052886490785;0.49999894227122955;0.87499964813834397;0.26666483783313098
1;15.1;0.43688498840501977;-0.24316246426350119;0;0.24316487433921569;0.43689050009660024;0;0.5;-0.12500052886490785;0.49999894227122955;0.87499964813834397;0.26666483783313098
0;15.2;-0.45897829292676018;0.19833140459244389;0;-0.1983333551917919;-0.458984091382794;0;0.5;-0.12500053234438249;0.4999989353122701;0.87499963719389781;0.26666480861888577
1;15.2;0.45897829292676018;-0.19833140459244389;0;0.1983333551917919;0.458984091382794;0;0.5;-0.12500053234438249;0.4999989353122701;0.87499963719389781;0.26666480861888577
0;15.3;-0.47648553991108639;0.15151864145961333;0;-0.15152009815817516;-0.4764915736839867;0;0.5;-0.12500053582386665;0.49999892835330313;0.87499962793031329;0.2666647827513856
1;15.3;0.47648553991108639;-0.15151864145961333;0;0.15152009815817516;0.4764915736839867;0;0.5;-0.12500053582386665;0.49999892835330313;0.87499962793031329;0.2666647827513856
0;15.4;-0.48923179761492086;0.10319192206132706;0;-0.10319285677042669;-0.48923801075665274;0;0.5;-0.12500053930336018;0.49999892139432953;0.87499962044015053;0.26666476041492516
1;15.4;0.48923179761492086;-0.10319192206132706;0;0.10319285677042669;0.48923801075665274;0;0.5;-0.12500053930336018;0.49999892139432953;0.87499962044015053;0.26666476041492516
0;15.5;-0.49708970567294386;0.053834121198805103;0;-0.0538345128044753;-0.49709603862377855;0;0.5;-0.12500054278286266;0.49999891443535032;0.8749996147982498;0.2666647417585177
1;15.5;0.49708970567294386;-0.053834121198805103;0;0.0538345128044753;0.49709603862377855;0;0.5;-0.12500054278286266;0.49999891443535032;0.8749996147982498;0.2666647417585177
0;15.6;-0.49998074773031331;0.0039384163972942263;0;-0.0039382512562463803;-0.49998713830417091;0;0.5;-0.12500054626237378;0.49999890747636643;0.87499961106098381;0.26666472689440605
1;15.6;0.49998074773031331;-0.0039384163972942263;0;0.0039382512562463803;0.49998713830417091;0;0.5;-0.12500054626237378;0.49999890747636643;0.87499961106098381;0.26666472689440605
0;15.7;-0.49787603601807739;-0.045996639929315998;0;0.045997367651817736;-0.49788242045879877;0;0.5;-0.12500054974189298;0.49999890051737895;0.87499960926569428;0.2666647158969411
1;15.7;0.49787603601807739;0.045996639929315998;0;-0.045997367651817736;0.49788242045879877;0;0.5;-0.12500054974189298;0.49999890051737895;0.87499960926569428;0.2666647158969411
0;15.8;-0.49079660003010844;-0.095472102026899097;0;0.095473390187433907;-0.49080291411062854;0;0.5;-0.1250005532214198;0.49999889355838892;0.87499960943031892;0.26666470880183888
1;15.8;0.49079660003010844;0.095472102026899097;0;-0.095473390187433907;0.49080291411062854;0;0.5;-0.1250005532214198;0.49999889355838892;0.87499960943031892;0.26666470880183888
0;15.9;-0.47881317641602333;-0.14399361628406257;0;0.14399545476460709;-0.47881935655102931;0;0.5;-0.12500055670095349;0.49999888659939739;0.87499961155321213;0.26666470560582367
1;15.9;0.47881317641602333;0.14399361628406257;0;-0.14399545476460709;0.47881935655102931;0;0.5;-0.12500055670095349;0.49999888659939739;0.87499961155321213;0.26666470560582367
0;16;-0.4620455021890631;-0.19107636083177826;0;0.19107873171585635;-0.46205148653135975;0;0.5;-0.12500056018049343;0.49999887964040551;0.87499961561316141;0.26666470626666078
1;16;0.4620455021890631;0.19107636083177826;0;-0.19107873171585635;0.46205148653135975;0;0.5;-0.12500056018049343;0.49999887964040551;0.87499961561316141;0.26666470626666078
0;16.1;-0.44066111831144955;-0.23624988990023951;0;0.23625276781569382;-0.44066684780293486;0;0.5;-0.12500056366003887;0.49999887268141425;0.87499962156959943;0.26666471070357849
1;16.1;0.44066111831144955;0.23624988990023951;0;-0.23625276781569382;0.44066684780293486;0;0.5;-0.12500056366003887;0.49999887268141425;0.87499962156959943;0.26666471070357849
0;16.2;-0.4148736956126961;-0.27906283452532393;0;0.27906618714256431;-0.4148791149625406;0;0.5;-0.12500056713958909;0.49999886572242465;0.87499962936300932;0.2666647187980752
1;16.2;0.4148736956126961;0.27906283452532393;0;-0.27906618714256431;0.4148791149625406;0;0.5;-0.12500056713958909;0.49999886572242465;0.87499962936300932;0.2666647187980752
0;16.3;-0.38494089976980106;-0.31908741263267409;0;0.31909120130251745;-0.38494595833506112;0;0.5;-0.12500057061914323;0.49999885876343767;0.8749996389155194;0.26666473039510344
1;16.3;0.38494089976980106;0.31908741263267409;0;-0.31909120130251745;0.38494595833506112;0;0.5;-0.12500057061914323;0.49999885876343767;0.8749996389155194;0.26666473039510344
0;16.4;-0.35116181668447821;-0.35592370343250679;0;0.35592788394358738;-0.35116646923184913;0;0.5;-0.12500057409870048;0.4999988518044543;0.8749996501316813;0.26666474530461924
1;16.4;0.35116181668447821;0.35592370343250679;0;-0.35592788394358738;0.35116646923184913;0;0.5;-0.12500057409870048;0.4999988518044543;0.8749996501316813;0.26666474530461924
0;16.5;-0.31387396398552669;-0.38920364341376967;0;0.3892081668461192;-0.31387817131712348;0;0.5;-0.12500057757825993;0.49999884484547548;0.87499966289942374;0.266664763303481
1;16.5;0.31387396398552669;0.38920364341376967;0;-0.3892081668461192;0.31387817131712348;0;0.5;-0.12500057757825993;0.49999884484547548;0.87499966289942374;0.266664763303481
0;16.6;-0.2734499185202019;-0.41859470400862753;0;0.41859951765751963;-0.27345364795097954;0;0.5;-0.12500058105782069;0.49999883788650202;0.87499967709117241;0.26666478413767906
1;16.6;0.2734499185202019;0.41859470400862753;0;-0.41859951765751963;0.27345364795097954;0;0.5;-0.12500058105782069;0.49999883788650202;0.87499967709117241;0.26666478413767906
0;16.7;-0.23029359353567935;-0.44380321417965007;0;0.44380826252225958;-0.23029681921518907;0;0.5;-0.12500058453738198;0.49999883092753464;0.87499969256512471;0.26666480752487388
1;16.7;0.23029359353567935;0.44380321417965007;0;-0.44380826252225958;0.23029681921518907;0;0.5;-0.12500058453738198;0.49999883092753464;0.87499969256512471;0.26666480752487388
0;16.8;-0.18483620275205451;-0.46457729473067361;0;0.46458252040756765;-0.18483890582848239;0;0.5;-0.12500058801694277;0.49999882396857404;0.87499970916666664;0.26666483315721716
1;16.8;0.18483620275205451;0.46457729473067361;0;-0.46458252040756765;0.18483890582848239;0;0.5;-0.12500058801694277;0.49999882396857404;0.87499970916666664;0.26666483315721716
0;16.9;-0.13753195165681512;-0.480709375022635;0;0.48071471980659602;-0.13753412028646392;0;0.5;-0.12500059149650236;0.49999881700962085;0.87499972672991779;0.26666486070442786
1;16.9;0.13753195165681512;0.480709375022635;0;-0.48071471980659602;0.13753412028646392;0;0.5;-0.12500059149650236;0.49999881700962085;0.87499972672991779;0.26666486070442786
0;17;-0.088853499076101058;-0.49203826694892627;0;0.49204367267507831;-0.088855128286456808;0;0.5;-0.12500059497605977;0.49999881005067563;0.87499974507938881;0.26666488981709234
1;17;0.088853499076101058;0.49203826694892627;0;-0.49204367267507831;0.088855128286456808;0;0.5;-0.12500059497605977;0.49999881005067563;0.87499974507938881;0.26666488981709234
0;17.1;-0.039287234373106064;-0.49845077544926453;0;0.49845618488286214;-0.039288325792191152;0;0.5;-0.12500059845561433;0.49999880309173872;0.87499976403173496;0.26666492013015559
1;17.1;0.039287234373106064;0.49845077544926453;0;-0.49845618488286214;0.039288325792191152;0;0.5;-0.12500059845561433;0.49999880309173872;0.87499976403173496;0.26666492013015559
0;17.2;0.010671582534242292;-0.49988282947248225;0;0.49988818709392235;0.010671021065557711;0;0.5;-0.12500060193516513;0.49999879613281045;0.87499978339758805;0.26666495126656896
1;17.2;-0.010671582534242292;0.49988282947248225;0;-0.49988818709392235;-0.010671021065557711;0;0.5;-0.12500060193516513;0.49999879613281045;0.87499978339758805;0.26666495126656896
0;17.3;0.060523769774046977;-0.49632012209071452;0;0.4963253747812098;0.060523724686869229;0;0.5;-0.12500060541471148;0.49999878917389114;0.87499980298344853;0.26666498284105752
1;17.3;-0.060523769774046977;0.49632012209071452;0;-0.4963253747812098;-0.060523724686869229;0;0.5;-0.12500060541471148;0.49999878917389114;0.87499980298344853;0.26666498284105752
0;17.4;0.10977121129254197;-0.48779825337229588;0;0.48780335098804117;0.10977166384962354;0;0.5;-0.12500060889425275;0.4999987822149808;0.87499982259361911;0.26666501446396959
1;17.4;-0.10977121129254197;0.48779825337229588;0;-0.48780335098804117;-0.10977166384962354;0;0.5;-0.12500060889425275;0.4999987822149808;0.87499982259361911;0.26666501446396959
0;17.5;0.15792183395971385;-0.4744023745892556;0;0.47440727041664643;0.15792276086622481;0;0.5;-0.12500061237378828;0.49999877525607946;0.87499984203215992;0.26666504574517009
1;17.5;-0.15792183395971385;0.4744023745892556;0;-0.47440727041664643;-0.15792276086622481;0;0.5;-0.12500061237378828;0.49999877525607946;0.87499984203215992;0.26666504574517009
0;17.6;0.20449452427792345;-0.45626633731796196;0;0.45627098840729413;0.20449589831910084;0;0.5;-0.12500061585331759;0.49999876829718701;0.87499986110484638;0.26666507629793868
1;17.6;-0.20449452427792345;0.45626633731796196;0;-0.45627098840729413;-0.20449589831910084;0;0.5;-0.12500061585331759;0.49999876829718701;0.87499986110484638;0.26666507629793868
0;17.7;0.24902393556720001;-0.43357135593842694;0;0.43357572331832084;0.24902572624914798;0;0.5;-0.12500061933284021;0.49999876133830323;0.87499987962110981;0.26666510574283371
1;17.7;-0.24902393556720001;0.43357135593842694;0;-0.43357572331832084;-0.24902572624914798;0;0.5;-0.12500061933284021;0.49999876133830323;0.87499987962110981;0.26666510574283371
0;17.8;0.29106513759590602;-0.40654419689961502;0;0.40654824567897579;0.29106731176725764;0;0.5;-0.12500062281235566;0.49999875437942783;0.87499989739594152;0.26666513371148353
1;17.8;-0.29106513759590602;0.40654419689961502;0;-0.40654824567897579;-0.29106731176725764;0;0.5;-0.12500062281235566;0.49999875437942783;0.87499989739594152;0.26666513371148353
0;17.9;0.3301980622003618;-0.375454912846233;0;0.37545861221469662;0.33020058463481866;0;0.5;-0.12500062629186376;0.49999874742056039;0.87499991425174126;0.26666515985026701
1;17.9;-0.3301980622003618;0.375454912846233;0;-0.37545861221469662;-0.33020058463481866;0;0.5;-0.12500062629186376;0.49999874742056039;0.87499991425174126;0.26666515985026701
0;18;0.36603170047601047;-0.34061414424968656;0;0.34061746739104765;0.36603453439884226;0;0.5;-0.1250006297713642;0.49999874046170038;0.87499993002009179;0.26666518382384687
1;18;-0.36603170047601047;0.34061414424968656;0;-0.34061746739104765;-0.36603453439884226;0;0.5;-0.1250006297713642;0.49999874046170038;0.87499993002009179;0.26666518382384687
0;18.1;0.39820800960540348;-0.30237001550675263;0;0.30237293944268867;0.39821111715067758;0;0.5;-0.12500063325085681;0.49999873350284724;0.87499994454344152;0.26666520531852018
1;18.1;-0.39820800960540348;0.30237001550675263;0;-0.30237293944268867;-0.39821111715067758;0;0.5;-0.12500063325085681;0.49999873350284724;0.87499994454344152;0.26666520531852018
0;18.2;0.42640549028986741;-0.2611046565208901;0;0.26110716190427735;0.42640883287932657;0;0.5;-0.12500063673034158;0.49999872654400032;0.87499995767667866;0.26666522404535268
1;18.2;-0.42640549028986741;0.2611046565208901;0;-0.26110716190427735;-0.42640883287932657;0;0.5;-0.12500063673034158;0.49999872654400032;0.87499995767667866;0.26666522404535268
0;18.3;0.45034239904317075;-0.21723038452253546;0;0.21723245540072583;0.45034593768210446;0;0.5;-0.12500064020981851;0.4999987195851588;0.87499996928858111;0.2666652397430657
1;18.3;-0.45034239904317075;0.21723038452253546;0;-0.21723245540072583;-0.45034593768210446;0;0.5;-0.12500064020981851;0.4999987195851588;0.87499996928858111;0.2666652397430657
0;18.4;0.46977956325394865;-0.17118558427885266;0;0.17118720784741256;0.46978325874392157;0;0.5;-0.1250006436892878;0.49999871262632188;0.87499997926312748;0.26666525218064672
1;18.4;-0.46977956325394865;0.17118558427885266;0;-0.17118720784741256;-0.46978325874392157;0;0.5;-0.1250006436892878;0.49999871262632188;0.87499997926312748;0.26666525218064672
0;18.5;0.48452277089260765;-0.12343032785634211;0;0.12343149422294666;0.48452658396532261;0;0.5;-0.12500064716874951;0.49999870566748867;0.87499998750065632;0.26666526115965749
1;18.5;-0.48452277089260765;0.12343032785634211;0;-0.12343149422294666;-0.48452658396532261;0;0.5;-0.12500064716874951;0.49999870566748867;0.87499998750065632;0.26666526115965749
0;18.6;0.49442471098826984;-0.074441777701385797;0;0.074442479677862036;0.49442860236896513;0;0.5;-0.12500065064820407;0.49999869870865822;0.87499999391886175;0.2666652665162167
1;18.6;-0.49442471098826984;0.074441777701385797;0;-0.074442479677862036;-0.49442860236896513;0;0.5;-0.12500065064820407;0.49999869870865822;0.87499999391886175;0.2666652665162167
0;18.7;0.49938644548957073;-0.024709418968248485;0;0.024709651906245456;0.4993903759020068;0;0.5;-0.12500065412765177;0.49999869174982951;0.87499999845361592;0.26666526812263739
1;18.7;-0.49938644548957073;0.024709418968248485;0;-0.024709651906245456;-0.4993903759020068;0;0.5;-0.12500065412765177;0.49999869174982951;0.87499999845361592;0.26666526812263739
0;18.8;0.49935839780496732;0.025269831270335361;0;-0.025270069587787245;0.49936232793309249;0;0.5;-0.12500065760709314;0.49999868479100152;0.87500000105960958;0.2666652658887027
1;18.8;-0.49935839780496732;-0.025269831270335361;0;0.025270069587787245;-0.49936232793309249;0;0.5;-0.12500065760709314;0.49999868479100152;0.87500000105960958;0.2666652658887027
0;18.9;0.49434084814688384;0.074996589065102107;0;-0.074997298467653656;0.49434473857054984;0;0.5;-0.12500066108652863;0.4999986778321732;0.87500000171080484;0.2666652597625673
1;18.9;-0.49434084814688384;-0.074996589065102107;0;0.074997298467653656;-0.49434473857054984;0;0.5;-0.12500066108652863;0.4999986778321732;0.87500000171080484;0.2666652597625673
0;19;0.48438393073129538;0.12397399327820602;0;-0.12397517118355103;0.48438774185482836;0;0.5;-0.12500066456595888;0.49999867087334352;0.87500000040069527;0.26666524973127533
1;19;-0.48438393073129538;-0.12397399327820602;0;0.12397517118355103;-0.48438774185482836;0;0.5;-0.12500066456595888;0.49999867087334352;0.87500000040069527;0.26666524973127533
0;19.1;0.46958713286102277;0.17171267006453939;0;-0.17171431138512916;0.4695908248539763;0;0.5;-0.12500066804538448;0.49999866391451141;0.87499999714237095;0.26666523582088988
1;19.1;-0.46958713286102277;-0.17171267006453939;0;0.17171431138512916;-0.4695908248539763;0;0.5;-0.12500066804538448;0.49999866391451141;0.87499999714237095;0.26666523582088988
0;19.2;0.45009830089738423;0.21773562254565387;0;-0.21773771953121376;0.45010183366638751;0;0.5;-0.12500067152480628;0.49999865695567576;0.87499999196838768;0.26666521809623258
1;19.2;-0.45009830089738423;-0.21773562254565387;0;0.21773771953121376;-0.45010183366638751;0;0.5;-0.12500067152480628;0.49999865695567576;0.87499999196838768;0.26666521809623258
0;19.3;0.42611216305122895;0.26158299682282909;0;-0.26158553884735025;0.42611549626050899;0;0.5;-0.12500067500422486;0.49999864999683561;0.87499998493044168;0.26666519666023597
1;19.3;-0.42611216305122895;-0.26158299682282909;0;0.26158553884735025;-0.42611549626050899;0;0.5;-0.12500067500422486;0.49999864999683561;0.87499998493044168;0.26666519666023597
0;19.4;0.39786838375157035;0.30281667671114815;0;-0.3028196500168932;0.39787147690752289;0;0.5;-0.12500067848364112;0.49999864303798991;0.8749999760988531;0.26666517165291496
1;19.4;-0.39786838375157035;-0.30281667671114815;0;0.3028196500168932;-0.39787147690752289;0;0.5;-0.12500067848364112;0.49999864303798991;0.8749999760988531;0.26666517165291496
0;19.5;0.36564916902983619;0.34102466128741576;0;-0.3410280487018143;0.36565198164203855;0;0.5;-0.1250006819630559;0.49999863607913772;0.87499996556186347;0.26666514324996799
1;19.5;-0.36564916902983619;-0.34102466128741576;0;0.3410280487018143;-0.36565198164203855;0;0.5;-0.1250006819630559;0.49999863607913772;0.87499996556186347;0.26666514324996799
0;19.6;0.32977644684342455;0.37582518151431349;0;-0.37582896215828271;0.32977893867084346;0;0.5;-0.12500068544247007;0.49999862912027806;0.87499995342475412;0.26666511166102152
1;19.6;-0.32977644684342455;-0.37582518151431349;0;0.37582896215828271;-0.32977893867084346;0;0.5;-0.12500068544247007;0.49999862912027806;0.87499995342475412;0.26666511166102152
0;19.7;0.29060865050899892;0.4068705148096729;0;-0.40687466381775628;0.29061078189600137;0;0.5;-0.12500068892188442;0.49999862216141012;0.87499993980879415;0.26666507712753554
1;19.7;-0.29060865050899892;-0.4068705148096729;0;0.40687466381775628;-0.29061078189600137;0;0.5;-0.12500068892188442;0.49999862216141012;0.87499993980879415;0.26666507712753554
0;19.8;0.24853713738135838;0.43385045944713874;0;-0.43385494772082317;0.24853886968365074;0;0.5;-0.1250006924012999;0.49999861520253304;0.874999924850029;0.26666503992039105
1;19.8;-0.24853713738135838;-0.43385045944713874;0;0.43385494772082317;-0.24853886968365074;0;0.5;-0.1250006924012999;0.49999861520253304;0.874999924850029;0.26666503992039105
0;19.9;0.20398227855816636;0.45649543407267296;0;-0.45650022808826834;0.20398357465415709;0;0.5;-0.12500069588071738;0.49999860824364613;0.87499990869792105;0.26666500033718359
1;19.9;-0.20398227855816636;-0.45649543407267296;0;0.45650022808826834;-0.20398357465415709;0;0.5;-0.12500069588071738;0.49999860824364613;0.87499990869792105;0.26666500033718359
0;20;0.15738925867790687;0.47457917136638766;0;-0.47458423305791564;0.15739008355640377;0;0.5;-0.1250006993601377;0.49999860128474884;0.87499989151385634;0.26666495869924977
1;20;-0.15738925867790687;-0.47457917136638766;0;0.47458423305791564;-0.15739008355640377;0;0.5;-0.1250006993601377;0.49999860128474884;0.87499989151385634;0.26666495869924977
