# column style format: id;time;x;y;z;vx;vy;vz;mass;totalEnergy;totalSpecificAngularMomentum;rungeLenzVector;semiMajorAxis
# this file will be overwritten without any precaution
# used integrator was heun
0;0;0.499975;0.0050000000000000001;0;-0.0049996250468695332;0.4999750037495313;0;0.5;-0.12499999937502345;0.50000000124981252;0.87499999953134876;0.26666666706666333
1;0;-0.499975;-0.0050000000000000001;0;0.0049996250468695332;-0.4999750037495313;0;0.5;-0.12499999937502345;0.50000000124981252;0.87499999953134876;0.26666666706666333
0;0.01;0.49990000499962506;0.0099995000374962506;0;-0.0099987500937568728;0.49990001249962479;0;0.5;-0.12499999874990632;0.500000002499625;0.87500000000011384;0.26666666933316
1;0.01;-0.49990000499962506;-0.0099995000374962506;0;0.0099987500937568728;-0.49990001249962479;0;0.5;-0.12499999874990632;0.500000002499625;0.87500000000011384;0.26666666933316
0;0.02;0.49977502249918732;0.014998000187505621;0;-0.014996875140746374;0.49977503375321636;0;0.5;-0.12499999812464861;0.50000000374943744;0.87500000140624829;0.26666667346606328
1;0.02;-0.49977502249918732;-0.014998000187505621;0;0.014996875140746374;-0.49977503375321636;0;0.5;-0.12499999812464861;0.50000000374943744;0.87500000140624829;0.26666667346606328
0;0.03;0.49960006499862258;0.01999500062508746;0;-0.01999350028805108;0.49960008001511319;0;0.5;-0.12499999749925047;0.50000000499924972;0.8750000037496114;0.26666667946509303
1;0.03;-0.49960006499862258;-0.01999500062508746;0;0.01999350028805108;-0.49960008001511319;0;0.5;-0.12499999749925047;0.50000000499924972;0.8750000037496114;0.26666667946509303
0;0.04;0.49937514999623861;0.024990001675357278;0;-0.024988125786078865;0.4993751687907399;0;0.5;-0.12499999687371194;0.50000000624906172;0.87500000702996867;0.26666668732978241
1;0.04;-0.49937514999623861;-0.024990001675357278;0;0.024988125786078865;-0.4993751687907399;0;0.5;-0.12499999687371194;0.50000000624906172;0.87500000702996867;0.26666668732978241
0;0.05;0.49910029998696304;0.029982503863485419;0;-0.029980252085483466;0.49910032258438281;0;0.5;-0.12499999624803315;0.50000000749887351;0.87500001124699173;0.26666669705947803
1;0.05;-0.49910029998696304;-0.029982503863485419;0;0.029980252085483466;-0.49910032258438281;0;0.5;-0.12499999624803315;0.50000000749887351;0.87500001124699173;0.26666669705947803
0;0.06;0.49877554246009043;0.034972007964675624;0;-0.034969379887195354;0.49877556889693253;0;0.5;-0.12499999562221412;0.50000000874868499;0.87500001640025853;0.26666670865333983
1;0.06;-0.49877554246009043;-0.034972007964675624;0;0.034969379887195354;-0.49877556889693253;0;0.5;-0.12499999562221412;0.50000000874868499;0.87500001640025853;0.26666670865333983
0;0.07;0.49840090989652958;0.039958015054118542;0;-0.039955010192427441;0.49840094022312548;0;0.5;-0.12499999499625503;0.50000000999849612;0.87500002248925329;0.2666667221103413
1;0.07;-0.49840090989652958;-0.039958015054118542;0;0.039955010192427441;-0.49840094022312548;0;0.5;-0.12499999499625503;0.50000000999849612;0.87500002248925329;0.2666667221103413
0;0.08;0.49797643976555062;0.04494002655691514;0;-0.044936644352650545;0.4979764740482841;0;0.5;-0.124999994370156;0.50000001124830679;0.87500002951336662;0.2666667374292695
1;0.08;-0.49797643976555062;-0.04494002655691514;0;0.044936644352650545;-0.4979764740482841;0;0.5;-0.124999994370156;0.50000001124830679;0.87500002951336662;0.2666667374292695
0;0.09;0.49750217452103279;0.049917544297965008;0;-0.049913784119533622;0.49750221284455665;0;0.5;-0.12499999374391718;0.50000001249811701;0.87500003747189548;0.2666667546087253
1;0.09;-0.49750217452103279;-0.049917544297965008;0;0.049913784119533622;-0.49750221284455665;0;0.5;-0.12499999374391718;0.50000001249811701;0.87500003747189548;0.2666667546087253
0;0.1;0.49697816159721264;0.054890070551814579;0;-0.054885931694843688;0.49697820406665644;0;0.5;-0.12499999311753869;0.5000000137479267;0.87500004636404336;0.26666677364712338
1;0.1;-0.49697816159721264;-0.054890070551814579;0;0.054885931694843688;-0.49697820406665644;0;0.5;-0.12499999311753869;0.5000000137479267;0.87500004636404336;0.26666677364712338
0;0.11;0.49640445340393374;0.059857108092460198;0;-0.059852589780300461;0.4964045001471013;0;0.5;-0.12499999249102079;0.50000001499773578;0.87500005618892027;0.26666679454269246
1;0.11;-0.49640445340393374;-0.059857108092460198;0;0.059852589780300461;-0.4964045001471013;0;0.5;-0.12499999249102079;0.50000001499773578;0.87500005618892027;0.26666679454269246
0;0.12;0.49578110732139796;0.064818160243101136;0;-0.064813261627380672;0.49578115849095361;0;0.5;-0.12499999186436362;0.50000001624754417;0.87500006694554292;0.26666681729347547
1;0.12;-0.49578110732139796;-0.064818160243101136;0;0.064813261627380672;-0.49578115849095361;0;0.5;-0.12499999186436362;0.50000001624754417;0.87500006694554292;0.26666681729347547
0;0.13;0.49510818569441911;0.069772730925837467;0;-0.069767451087067028;0.49510824147006144;0;0.5;-0.12499999123756742;0.50000001749735186;0.8750000786328347;0.26666684189732977
1;0.13;-0.49510818569441911;-0.069772730925837467;0;0.069767451087067028;-0.49510824147006144;0;0.5;-0.12499999123756742;0.50000001749735186;0.8750000786328347;0.26666684189732977
0;0.14;0.49438575582617905;0.07472032471130792;0;-0.074714662659536829;0.4943858164168014;0;0.5;-0.12499999061063234;0.50000001874715877;0.8750000912496259;0.26666686835192731
1;0.14;-0.49438575582617905;-0.07472032471130792;0;0.074714662659536829;-0.4943858164168014;0;0.5;-0.12499999061063234;0.50000001874715877;0.8750000912496259;0.26666686835192731
0;0.15;0.4936138899714877;0.079660446868262583;0;-0.079654401543785253;0.49361395561732385;0;0.5;-0.12499998998355867;0.50000001999696493;0.87500010479465375;0.26666689665475493
1;0.15;-0.4936138899714877;-0.079660446868262583;0;0.079654401543785253;-0.49361395561732385;0;0.5;-0.12499998998355867;0.50000001999696493;0.87500010479465375;0.26666689665475493
0;0.16;0.49279266532954663;0.08459260341306564;0;-0.084586173687178259;0.49279273630430098;0;0.5;-0.12499998935634661;0.50000002124677015;0.87500011926656263;0.26666692680311452
1;0.16;-0.49279266532954663;-0.08459260341306564;0;0.084586173687178259;-0.49279273630430098;0;0.5;-0.12499998935634661;0.50000002124677015;0.87500011926656263;0.26666692680311452
0;0.17;0.49192216403621802;0.08951630115912311;0;-0.08950948583493018;0.49192224064917905;0;0.5;-0.12499998872899646;0.5000000224965745;0.87500013466390409;0.2666669587941234
1;0.17;-0.49192216403621802;-0.08951630115912311;0;0.08950948583493018;-0.49192224064917905;0;0.5;-0.12499998872899646;0.5000000224965745;0.87500013466390409;0.2666669587941234
0;0.18;0.49100247315579876;0.094431047766230569;0;-0.094423845579500995;0.49100255575393459;0;0.5;-0.1249999881015085;0.50000002374637778;0.87500015098513715;0.26666699262471449
1;0.18;-0.49100247315579876;-0.094431047766230569;0;0.094423845579500995;-0.49100255575393459;0;0.5;-0.1249999881015085;0.50000002374637778;0.87500015098513715;0.26666699262471449
0;0.19;0.49003368467230135;0.099336351789836033;0;-0.099328761409908331;0.49003377364233663;0;0.5;-0.12499998747388294;0.50000002499618006;0.87500016822862825;0.26666702829163675
1;0.19;-0.49003368467230135;-0.099336351789836033;0;0.099328761409908331;-0.49003377364233663;0;0.5;-0.12499998747388294;0.50000002499618006;0.87500016822862825;0.26666702829163675
0;0.2;0.48901589548024194;0.10423172273021292;0;-0.10422374276094916;0.48901599125071454;0;0.5;-0.12499998684612017;0.50000002624598123;0.87500018639265163;0.26666706579145541
1;0.2;-0.48901589548024194;-0.10423172273021292;0;0.10422374276094916;-0.48901599125071454;0;0.5;-0.12499998684612017;0.50000002624598123;0.87500018639265163;0.26666706579145541
0;0.21;0.48794920737493652;0.10911667108153826;0;-0.10910830006232634;0.48794931041823369;0;0.5;-0.12499998621822046;0.50000002749578126;0.87500020547538935;0.26666710512055234
1;0.21;-0.48794920737493652;-0.10911667108153826;0;0.10910830006232634;-0.48794931041823369;0;0.5;-0.12499998621822046;0.50000002749578126;0.87500020547538935;0.26666710512055234
0;0.22;0.48683372704230665;0.11399070838087125;0;-0.113981944787675;0.48683383787667878;0;0.5;-0.12499998559018415;0.50000002874558007;0.87500022547493155;0.2666671462751264
1;0.22;-0.48683372704230665;-0.11399070838087125;0;0.113981944787675;-0.48683383787667878;0;0.5;-0.12499998559018415;0.50000002874558007;0.87500022547493155;0.2666671462751264
0;0.23;0.48566956604819511;0.11885334725702706;0;-0.1188441895034838;0.48566968523974674;0;0.5;-0.12499998496201158;0.5000000299953776;0.8750002463892766;0.26666718925119384
1;0.23;-0.48566956604819511;-0.11885334725702706;0;0.1188441895034838;-0.48566968523974674;0;0.5;-0.12499998496201158;0.5000000299953776;0.8750002463892766;0.26666718925119384
0;0.24;0.48445684082719309;0.12370410147934126;0;-0.12369454791790624;0.48445696899184981;0;0.5;-0.12499998433370312;0.50000003124517383;0.87500026821633132;0.26666723404458872
1;0.24;-0.48445684082719309;-0.12370410147934126;0;0.12369454791790624;-0.48445696899184981;0;0.5;-0.12499998433370312;0.50000003124517383;0.87500026821633132;0.26666723404458872
0;0.25;0.48319567267097974;0.12854248600631968;0;-0.12853253492945699;0.48319581047643001;0;0.5;-0.12499998370525908;0.50000003249496871;0.87500029095391117;0.26666728065096328
1;0.25;-0.48319567267097974;-0.12854248600631968;0;0.12853253492945699;-0.48319581047643001;0;0.5;-0.12499998370525908;0.50000003249496871;0.87500029095391117;0.26666728065096328
0;0.26;0.48188618771617531;0.13336801703416915;0;-0.13335766667558843;0.48188633588378632;0;0.5;-0.1249999830766799;0.50000003374476218;0.87500031459974053;0.26666732906578839
1;0.26;-0.48188618771617531;-0.13336801703416915;0;0.13335766667558843;-0.48188633588378632;0;0.5;-0.1249999830766799;0.50000003374476218;0.87500031459974053;0.26666732906578839
0;0.27;0.48052851693170923;0.13818021204520392;0;-0.13816946058114249;0.48052867623841572;0;0.5;-0.12499998244796595;0.50000003499455417;0.87500033915145286;0.26666737928435401
1;0.27;-0.48052851693170923;-0.13818021204520392;0;0.13816946058114249;-0.48052867623841572;0;0.5;-0.12499998244796595;0.50000003499455417;0.87500033915145286;0.26666737928435401
0;0.28;0.47912279610570424;0.14297858985612316;0;-0.14296743540667284;0.47912296738586929;0;0.5;-0.12499998181911764;0.50000003624434458;0.87500036460659098;0.26666743130176966
1;0.28;-0.47912279610570424;-0.14297858985612316;0;0.14296743540667284;-0.47912296738586929;0;0.5;-0.12499998181911764;0.50000003624434458;0.87500036460659098;0.26666743130176966
0;0.29;0.47766916583187802;0.14776267066615456;0;-0.14775111129663271;0.47766934997912497;0;0.5;-0.12499998119013544;0.50000003749413342;0.87500039096260725;0.26666748511296492
1;0.29;-0.47766916583187802;-0.14776267066615456;0;0.14775111129663271;-0.47766934997912497;0;0.5;-0.12499998119013544;0.50000003749413342;0.87500039096260725;0.26666748511296492
0;0.3;0.47616777149546358;0.15253197610505922;0;-0.15252000982742342;0.47616796946447787;0;0.5;-0.12499998056101972;0.50000003874392065;0.87500041821686392;0.26666754071268994
1;0.3;-0.47616777149546358;-0.15253197610505922;0;0.15252000982742342;-0.47616796946447787;0;0.5;-0.12499998056101972;0.50000003874392065;0.87500041821686392;0.26666754071268994
0;0.31;0.47461876325864982;0.15728602928099314;0;-0.15727365405529867;0.47461897606695014;0;0.5;-0.12499997993177096;0.50000003999370617;0.87500044636663336;0.26666759809551595
1;0.31;-0.47461876325864982;-0.15728602928099314;0;0.15727365405529867;-0.47461897606695014;0;0.5;-0.12499997993177096;0.50000003999370617;0.87500044636663336;0.26666759809551595
0;0.32;0.47302229604554386;0.16202435482822025;0;-0.16201156856411997;0.47302252477522155;0;0.5;-0.12499997930238964;0.50000004124348992;0.87500047540909829;0.26666765725583579
1;0.32;-0.47302229604554386;-0.16202435482822025;0;0.16201156856411997;-0.47302252477522155;0;0.5;-0.12499997930238964;0.50000004124348992;0.87500047540909829;0.26666765725583579
0;0.33;0.4713785295266566;0.16674647895467251;0;-0.1667332795129583;0.4713787753260823;0;0.5;-0.12499997867287619;0.50000004249327188;0.8750005053413521;0.26666771818786452
1;0.33;-0.4713785295266566;-0.16674647895467251;0;0.1667332795129583;-0.4713787753260823;0;0.5;-0.12499997867287619;0.50000004249327188;0.8750005053413521;0.26666771818786452
0;0.34;0.46968762810291292;0.17145192948935206;0;-0.17143831468353729;0.46968789218840962;0;0.5;-0.12499997804323114;0.50000004374305196;0.87500053616039917;0.26666778088563993
1;0.34;-0.46968762810291292;-0.17145192948935206;0;0.17143831468353729;-0.46968789218840962;0;0.5;-0.12499997804323114;0.50000004374305196;0.87500053616039917;0.26666778088563993
0;0.35;0.46794976088918844;0.17614023592957073;0;-0.17612620352751288;0.46795004454667016;0;0.5;-0.124999977413455;0.50000004499283018;0.87500056786315508;0.26666784534302324
1;0.35;-0.46794976088918844;-0.17614023592957073;0;0.17612620352751288;-0.46795004454667016;0;0.5;-0.124999977413455;0.50000004499283018;0.87500056786315508;0.26666784534302324
0;0.36;0.46616510169737407;0.1808109294880223;0;-0.18079647721358519;0.46616540628394909;0;0.5;-0.12499997678354822;0.50000004624260643;0.87500060044644704;0.26666791155369959
1;0.36;-0.46616510169737407;-0.1808109294880223;0;0.18079647721358519;-0.46616540628394909;0;0.5;-0.12499997678354822;0.50000004624260643;0.87500060044644704;0.26666791155369959
0;0.37;0.46433382901897047;0.18546354313968269;0;-0.18544866867443738;0.46433415596450855;0;0.5;-0.1249999761535114;0.50000004749238064;0.87500063390701411;0.26666797951117875
1;0.37;-0.46433382901897047;-0.18546354313968269;0;0.18544866867443738;-0.46433415596450855;0;0.5;-0.1249999761535114;0.50000004749238064;0.87500063390701411;0.26666797951117875
0;0.38;0.46245612600721403;0.19009761166853328;0;-0.19008231265349704;0.46245647681587637;0;0.5;-0.12499997552334508;0.50000004874215277;0.87500066824150758;0.2666680492087958
1;0.38;-0.46245612600721403;-0.19009761166853328;0;0.19008231265349704;-0.46245647681587637;0;0.5;-0.12499997552334508;0.50000004874215277;0.87500066824150758;0.2666680492087958
0;0.39;0.46053218045873595;0.19471267171410286;0;-0.19469694575151539;0.46053255671046756;0;0.5;-0.12499997489304976;0.50000004999192281;0.87500070344649127;0.26666812063971169
1;0.39;-0.46053218045873595;-0.19471267171410286;0;0.19469694575151539;-0.46053255671046756;0;0.5;-0.12499997489304976;0.50000004999192281;0.87500070344649127;0.26666812063971169
0;0.4;0.45856218479475663;0.19930826181782341;0;-0.19929210647295953;0.45856258814673978;0;0.5;-0.12499997426262609;0.50000005124169064;0.87500073951844192;0.26666819379691405
1;0.4;-0.45856218479475663;-0.19930826181782341;0;0.19929210647295953;-0.45856258814673978;0;0.5;-0.12499997426262609;0.50000005124169064;0.87500073951844192;0.26666819379691405
0;0.41;0.45654633604181694;0.20388392246919515;0;-0.20386733527221312;0.45654676822988549;0;0.5;-0.12499997363207456;0.50000005249145626;0.87500077645374949;0.26666826867321777
1;0.41;-0.45654633604181694;-0.20388392246919515;0;0.20386733527221312;-0.45654676822988549;0;0.5;-0.12499997363207456;0.50000005249145626;0.87500077645374949;0.26666826867321777
0;0.42;0.45448483581204863;0.20843919615175621;0;-0.20842217459958082;0.45448529865206183;0;0.5;-0.1249999730013958;0.50000005374121963;0.87500081424871756;0.26666834526126583
1;0.42;-0.45448483581204863;-0.20843919615175621;0;0.20842217459958082;-0.45448529865206183;0;0.5;-0.1249999730013958;0.50000005374121963;0.87500081424871756;0.26666834526126583
0;0.43;0.45237789028298542;0.21297362738885228;0;-0.21295616894709191;0.45237838567216099;0;0.5;-0.12499997237059044;0.50000005499098066;0.8750008528995637;0.26666842355352996
1;0.43;-0.45237789028298542;-0.21297362738885228;0;0.21295616894709191;-0.45237838567216099;0;0.5;-0.12499997237059044;0.50000005499098066;0.8750008528995637;0.26666842355352996
0;0.44;0.45022571017691743;0.21748676278920159;0;-0.21746886489409853;0.45022624009512263;0;0.5;-0.12499997173965909;0.50000005624073932;0.87500089240241985;0.26666850354231143
1;0.44;-0.45022571017691743;-0.21748676278920159;0;0.21746886489409853;-0.45022624009512263;0;0.5;-0.12499997173965909;0.50000005624073932;0.87500089240241985;0.26666850354231143
0;0.45;0.44802851073979028;0.22197815109225086;0;-0.22195981115266372;0.44802907725079089;0;0.5;-0.12499997110860236;0.50000005749049549;0.87500093275333268;0.26666858521974179
1;0.45;-0.44802851073979028;-0.22197815109225086;0;0.22195981115266372;-0.44802907725079089;0;0.5;-0.12499997110860236;0.50000005749049549;0.87500093275333268;0.26666858521974179
0;0.46;0.44578651171965172;0.2264473432133175;0;-0.226428558612735;0.44578711697231765;0;0.5;-0.1249999704774209;0.50000005874024924;0.87500097394826398;0.26666866857778373
1;0.46;-0.44578651171965172;-0.2264473432133175;0;0.226428558612735;-0.44578711697231765;0;0.5;-0.1249999704774209;0.50000005874024924;0.87500097394826398;0.26666866857778373
0;0.47;0.44349993734464738;0.23089389228851348;0;-0.23087466038709881;0.44350058357411443;0;0.5;-0.12499996984611538;0.50000005999000044;0.87500101598309115;0.26666875360823179
1;0.47;-0.44349993734464738;-0.23089389228851348;0;0.23087466038709881;-0.44350058357411443;0;0.5;-0.12499996984611538;0.50000005999000044;0.87500101598309115;0.26666875360823179
0;0.48;0.4411690163005681;0.23531735371944668;0;-0.23529767185611125;0.44116970582935539;0;0.5;-0.12499996921468645;0.50000006123974908;0.87500105885360749;0.26666884030271326
1;0.48;-0.4411690163005681;-0.23531735371944668;0;0.23529767185611125;-0.44116970582935539;0;0.5;-0.12499996921468645;0.50000006123974908;0.87500105885360749;0.26666884030271326
0;0.49;0.4387939817079512;0.23971728521769475;0;-0.23969715071220071;0.43879471694703331;0;0.5;-0.1249999685831348;0.50000006248949509;0.87500110255552275;0.26666892865268896
1;0.49;-0.4387939817079512;-0.23971728521769475;0;0.23969715071220071;-0.43879471694703331;0;0.5;-0.1249999685831348;0.50000006248949509;0.87500110255552275;0.26666892865268896
0;0.5;0.4363750710987378;0.24409324684904765;0;-0.24407265700413791;0.4363758545485712;0;0.5;-0.12499996795146116;0.50000006373923839;0.87500114708446347;0.26666901864945414
1;0.5;-0.4363750710987378;-0.24409324684904765;0;0.24407265700413791;-0.4363758545485712;0;0.5;-0.12499996795146116;0.50000006373923839;0.87500114708446347;0.26666901864945414
0;0.51;0.43391252639248862;0.24844480107751371;0;-0.24842375318106882;0.43391336064399172;0;0.5;-0.12499996731966617;0.50000006498897899;0.87500119243597341;0.26666911028413933
1;0.51;-0.43391252639248862;-0.24844480107751371;0;0.24842375318106882;-0.43391336064399172;0;0.5;-0.12499996731966617;0.50000006498897899;0.87500119243597341;0.26666911028413933
0;0.52;0.43140659387216063;0.2527715128090855;0;-0.25275000413630616;0.4314074816076468;0;0.5;-0.12499996668775057;0.50000006623871683;0.87500123860551407;0.26666920354771123
1;0.52;-0.43140659387216063;-0.2527715128090855;0;0.25275000413630616;-0.4314074816076468;0;0.5;-0.12499996668775057;0.50000006623871683;0.87500123860551407;0.26666920354771123
0;0.53;0.428857524159447;0.25707294943526054;0;-0.257050977250875;0.42885846815351014;0;0.5;-0.12499996605571514;0.50000006748845181;0.87500128558846512;0.2666692984309736
1;0.53;-0.428857524159447;-0.25707294943526054;0;0.257050977250875;-0.42885846815351014;0;0.5;-0.12499996605571514;0.50000006748845181;0.87500128558846512;0.2666692984309736
0;0.54;0.42626557218968297;0.26134868087631308;0;-0.26132624243680808;0.42626657531003487;0;0.5;-0.12499996542356055;0.50000006873818396;0.87500133338012479;0.26666939492456823
1;0.54;-0.42626557218968297;-0.26134868087631308;0;0.26132624243680808;-0.42626657531003487;0;0.5;-0.12499996542356055;0.50000006873818396;0.87500133338012479;0.26666939492456823
0;0.55;0.4236309971863198;0.26559827962431182;0;-0.26557537218018656;0.4236320623945789;0;0.5;-0.12499996479128758;0.50000006998791316;0.87500138197571049;0.26666949301897581
1;0.55;-0.4236309971863198;-0.26559827962431182;0;0.26557537218018656;-0.4236320623945789;0;0.5;-0.12499996479128758;0.50000006998791316;0.87500138197571049;0.26666949301897581
0;0.56;0.42095406263496976;0.26982132078588023;0;-0.26979794158392201;0.42095519298740081;0;0.5;-0.12499996415889704;0.50000007123763939;0.87500143137035912;0.26666959270451695
1;0.56;-0.42095406263496976;-0.26982132078588023;0;0.26979794158392201;-0.42095519298740081;0;0.5;-0.12499996415889704;0.50000007123763939;0.87500143137035912;0.26666959270451695
0;0.57;0.41823503625702452;0.2740173821246944;0;-0.2739935284102748;0.41823623490522854;0;0.5;-0.12499996352638966;0.50000007248736253;0.87500148155912773;0.26666969397135308
1;0.57;-0.41823503625702452;-0.2740173821246944;0;0.2739935284102748;-0.41823623490522854;0;0.5;-0.12499996352638966;0.50000007248736253;0.87500148155912773;0.26666969397135308
0;0.58;0.4154741899828498;0.2781860441037145;0;-0.2781617131231055;0.41547546017440412;0;0.5;-0.12499996289376626;0.50000007373708266;0.87500153253699381;0.26666979680948753
1;0.58;-0.4154741899828498;-0.2781860441037145;0;0.2781617131231055;-0.41547546017440412;0;0.5;-0.12499996289376626;0.50000007373708266;0.87500153253699381;0.26666979680948753
0;0.59;0.41267179992455871;0.28232688992714544;0;-0.28230207892985404;0.41267314500360619;0;0.5;-0.12499996226102763;0.50000007498679961;0.87500158429885601;0.26666990120876642
1;0.59;-0.41267179992455871;-0.28232688992714544;0;0.28230207892985404;-0.41267314500360619;0;0.5;-0.12499996226102763;0.50000007498679961;0.87500158429885601;0.26666990120876642
0;0.6;0.40982814634836684;0.28643950558212306;0;-0.28641421182324345;0.40982956975615431;0;0.5;-0.12499996162817452;0.50000007623651348;0.87500163683953446;0.26667000715887978
1;0.6;-0.40982814634836684;-0.28643950558212306;0;0.28641421182324345;-0.40982956975615431;0;0.5;-0.12499996162817452;0.50000007623651348;0.87500163683953446;0.26667000715887978
0;0.61;0.40694351364653136;0.29052347988012078;0;-0.29049770062270314;0.40694501892189666;0;0.5;-0.12499996099520785;0.50000007748622413;0.87500169015377148;0.26667011464936249
1;0.61;-0.40694351364653136;-0.29052347988012078;0;0.29049770062270314;-0.40694501892189666;0;0.5;-0.12499996099520785;0.50000007748622413;0.87500169015377148;0.26667011464936249
0;0.62;0.40401819030887781;0.29457840449807343;0;-0.29455213701550803;0.40401978108868497;0;0.5;-0.1249999603621284;0.5000000787359315;0.87500174423623196;0.26667022366959541
1;0.62;-0.40401819030887781;-0.29457840449807343;0;0.29455213701550803;-0.40401978108868497;0;0.5;-0.1249999603621284;0.5000000787359315;0.87500174423623196;0.26667022366959541
0;0.63;0.40105246889391644;0.29860387401921351;0;-0.29857711559762939;0.40105414891343899;0;0.5;-0.12499995972893703;0.5000000799856356;0.87500179908150393;0.26667033420880637
1;0.63;-0.40105246889391644;-0.29860387401921351;0;0.29857711559762939;-0.40105414891343899;0;0.5;-0.12499995972893703;0.5000000799856356;0.87500179908150393;0.26667033420880637
0;0.64;0.39804664599955181;0.30259948597361624;0;-0.30257223391429294;0.39804841909280336;0;0.5;-0.12499995909563459;0.50000008123533632;0.87500185468409915;0.26667044625607129
1;0.64;-0.39804664599955181;-0.30259948597361624;0;0.30257223391429294;-0.39804841909280336;0;0.5;-0.12499995909563459;0.50000008123533632;0.87500185468409915;0.26667044625607129
0;0.65;0.39500102223338823;0.30656484087844904;0;-0.30653709250024058;0.39500289233340041;0;0.5;-0.12499995846222197;0.50000008248503365;0.8750019110384536;0.2666705598003153
1;0.65;-0.39500102223338823;-0.30656484087844904;0;0.30653709250024058;-0.39500289233340041;0;0.5;-0.12499995846222197;0.50000008248503365;0.8750019110384536;0.2666705598003153
0;0.66;0.39191590218263395;0.31049954227792154;0;-0.31047129491969161;0.39191787332168121;0;0.5;-0.12499995782870005;0.50000008373472753;0.87500196813892807;0.26667067483031378
1;0.66;-0.39191590218263395;-0.31049954227792154;0;0.31047129491969161;-0.39191787332168121;0;0.5;-0.12499995782870005;0.50000008373472753;0.87500196813892807;0.26667067483031378
0;0.67;0.38879159438360733;0.31440319678293216;0;-0.31437444780599905;0.38879367069337856;0;0.5;-0.12499995719506969;0.50000008498441798;0.87500202597980871;0.26667079133469357
1;0.67;-0.38879159438360733;-0.31440319678293216;0;0.31437444780599905;-0.38879367069337856;0;0.5;-0.12499995719506969;0.50000008498441798;0.87500202597980871;0.26667079133469357
0;0.68;0.38562841129084796;0.31827541411040716;0;-0.31824616090099767;0.38563059700256436;0;0.5;-0.12499995656133183;0.50000008623410486;0.87500208455530766;0.26667090930193399
1;0.68;-0.38562841129084796;-0.31827541411040716;0;0.31824616090099767;-0.38563059700256436;0;0.5;-0.12499995656133183;0.50000008623410486;0.87500208455530766;0.26667090930193399
0;0.69;0.38242666924583596;0.32211580712232829;0;-0.32208604709403943;0.38242896869031517;0;0.5;-0.12499995592748737;0.50000008748378814;0.87500214385956355;0.26667102872036812
1;0.69;-0.38242666924583596;-0.32211580712232829;0;0.32208604709403943;-0.38242896869031517;0;0.5;-0.12499995592748737;0.50000008748378814;0.87500214385956355;0.26667102872036812
0;0.7;0.37918668844532227;0.32592399186444532;0;-0.32589372246071246;0.37918910605298861;0;0.5;-0.12499995529353721;0.50000008873346782;0.87500220388664209;0.2666711495781839
1;0.7;-0.37918668844532227;-0.32592399186444532;0;0.32589372246071246;-0.37918910605298861;0;0.5;-0.12499995529353721;0.50000008873346782;0.87500220388664209;0.2666711495781839
0;0.71;0.37590879290927365;0.32969958760466911;0;-0.32966880630123974;0.37591133321011388;0;0.5;-0.12499995465948231;0.50000008998314389;0.87500226463053673;0.26667127186342534
1;0.71;-0.37590879290927365;-0.32969958760466911;0;0.32966880630123974;-0.37591133321011388;0;0.5;-0.12499995465948231;0.50000008998314389;0.87500226463053673;0.26667127186342534
0;0.72;0.37259331044843497;0.33344221687114184;0;-0.33341092117855353;0.37259597807189998;0;0.5;-0.12499995402532358;0.50000009123281624;0.87500232608516926;0.26667139556399366
1;0.72;-0.37259331044843497;-0.33344221687114184;0;0.33341092117855353;-0.37259597807189998;0;0.5;-0.12499995402532358;0.50000009123281624;0.87500232608516926;0.26667139556399366
0;0.73;0.36924057263151261;0.33715150548998046;0;-0.33711969295604216;0.36924337230636456;0;0.5;-0.12499995339106201;0.50000009248248486;0.87500238824439033;0.26667152066764858
1;0.73;-0.36924057263151261;-0.33715150548998046;0;0.33711969295604216;-0.36924337230636456;0;0.5;-0.12499995339106201;0.50000009248248486;0.87500238824439033;0.26667152066764858
0;0.74;0.36585091475198206;0.34082708262268935;0;-0.34079475083496474;0.36585385130608683;0;0.5;-0.12499995275669855;0.5000000937321497;0.87500245110198015;0.2666716471620095
1;0.74;-0.36585091475198206;-0.34082708262268935;0;0.34079475083496474;-0.36585385130608683;0;0.5;-0.12499995275669855;0.5000000937321497;0.87500245110198015;0.2666716471620095
0;0.75;0.36242467579452287;0.34446858080323889;0;-0.34443572739153061;0.36242775415458789;0;0.5;-0.12499995212223416;0.50000009498181076;0.87500251465164911;0.26667177503455677
1;0.75;-0.36242467579452287;-0.34446858080323889;0;0.34443572739153061;-0.36242775415458789;0;0.5;-0.12499995212223416;0.50000009498181076;0.87500251465164911;0.26667177503455677
0;0.76;0.35896219840108456;0.34807563597480567;0;-0.34804225861363935;0.35896542359234201;0;0.5;-0.12499995148766986;0.50000009623146789;0.87500257888703837;0.26667190427263286
1;0.76;-0.35896219840108456;-0.34807563597480567;0;0.34804225861363935;-0.35896542359234201;0;0.5;-0.12499995148766986;0.50000009623146789;0.87500257888703837;0.26667190427263286
0;0.77;0.35546382883658695;0.35164788752617143;0;-0.35161398393727833;0.35546720598242204;0;0.5;-0.12499995085300665;0.50000009748112113;0.8750026438017205;0.26667203486344375
1;0.77;-0.35546382883658695;-0.35164788752617143;0;0.35161398393727833;-0.35546720598242204;0;0.5;-0.12499995085300665;0.50000009748112113;0.8750026438017205;0.26667203486344375
0;0.78;0.35192991695425813;0.35518497832777601;0;-0.3551505462825732;0.35193345127578257;0;0.5;-0.12499995021824553;0.50000009873077036;0.8750027093892002;0.26667216679406015
1;0.78;-0.35192991695425813;-0.35518497832777601;0;0.3551505462825732;-0.35193345127578257;0;0.5;-0.12499995021824553;0.50000009873077036;0.8750027093892002;0.26667216679406015
0;0.79;0.34836081616061365;0.35868655476742195;0;-0.35865159208948877;0.34836451297618454;0;0.5;-0.12499994958338748;0.50000009998041564;0.8750027756429148;0.26667230005141878
1;0.79;-0.34836081616061365;-0.35868655476742195;0;0.35865159208948877;-0.34836451297618454;0;0.5;-0.12499994958338748;0.50000009998041564;0.8750027756429148;0.26667230005141878
0;0.8;0.34475688338008048;0.36215226678562618;0;-0.36211677135317588;0.3447607481047642;0;0.5;-0.12499994894843355;0.50000010123005688;0.8750028425562351;0.2666724346223237
1;0.8;-0.34475688338008048;-0.36215226678562618;0;0.36211677135317588;-0.3447607481047642;0;0.5;-0.12499994894843355;0.50000010123005688;0.8750028425562351;0.2666724346223237
0;0.81;0.34111847901926939;0.36558176791061564;0;-0.3655457376589612;0.34112251716425096;0;0.5;-0.12499994831338475;0.5000001024796941;0.87500291012246586;0.26667257049344764
1;0.81;-0.34111847901926939;-0.36558176791061564;0;0.3655457376589612;-0.34112251716425096;0;0.5;-0.12499994831338475;0.5000001024796941;0.87500291012246586;0.26667257049344764
0;0.82;0.33744596693089901;0.3689747152929635;0;-0.36893814821697624;0.33745018410283667;0;0.5;-0.12499994767824217;0.50000010372932716;0.87500297833484666;0.26667270765133327
1;0.82;-0.33744596693089901;-0.3689747152929635;0;0.36893814821697624;-0.33745018410283667;0;0.5;-0.12499994767824217;0.50000010372932716;0.87500297833484666;0.26667270765133327
0;0.83;0.3337397143773756;0.37233076973986234;0;-0.37229366389642216;0.33374411627770106;0;0.5;-0.12499994704300684;0.50000010497895609;0.87500304718655239;0.26667284608239467
1;0.83;-0.3337397143773756;-0.37233076973986234;0;0.37229366389642216;-0.33374411627770106;0;0.5;-0.12499994704300684;0.50000010497895609;0.87500304718655239;0.26667284608239467
0;0.84;0.33000009199403196;0.37564959574903062;0;-0.37561194925946711;0.33000468441819614;0;0.5;-0.1249999464076798;0.50000010622858087;0.87500311667069404;0.26667298577291857
1;0.84;-0.33000009199403196;-0.37564959574903062;0;0.37561194925946711;-0.33000468441819614;0;0.5;-0.1249999464076798;0.50000010622858087;0.87500311667069404;0.26667298577291857
0;0.85;0.3262274737520291;0.37893086154224953;0;-0.37889267259477244;0.32623226258869359;0;0.5;-0.12499994577226213;0.5000001074782014;0.87500318678031938;0.26667312670906576
1;0.85;-0.3262274737520291;-0.37893086154224953;0;0.37889267259477244;-0.32623226258869359;0;0.5;-0.12499994577226213;0.5000001074782014;0.87500318678031938;0.26667312670906576
0;0.86;0.3224222369209247;0.38217423909852666;0;-0.38213550595064455;0.3224272281510992;0;0.5;-0.12499994513675493;0.50000010872781767;0.87500325750841365;0.26667326887687252
1;0.86;-0.3224222369209247;-0.38217423909852666;0;0.38213550595064455;-0.3224272281510992;0;0.5;-0.12499994513675493;0.50000010872781767;0.87500325750841365;0.26667326887687252
0;0.87;0.31858476203091179;0.38537940418688299;0;-0.3853401251678093;0.31858996172703763;0;0.5;-0.12499994450115926;0.50000010997742968;0.87500332884790023;0.26667341226225201
1;0.87;-0.31858476203091179;-0.38537940418688299;0;0.3853401251678093;-0.31858996172703763;0;0.5;-0.12499994450115926;0.50000010997742968;0.87500332884790023;0.26667341226225201
0;0.88;0.31471543283473158;0.38854603639876018;0;-0.38850620991180518;0.31472084715971166;0;0.5;-0.12499994386547624;0.50000011122703735;0.87500340079164143;0.26667355685099557
1;0.88;-0.31471543283473158;-0.38854603639876018;0;0.38850620991180518;-0.31472084715971166;0;0.5;-0.12499994386547624;0.50000011122703735;0.87500340079164143;0.26667355685099557
0;0.89;0.31081463626926442;0.39167381918004485;0;-0.39163344370499265;0.31082027147543956;0;0.5;-0.12499994322970699;0.50000011247664066;0.8750034733324391;0.26667370262877432
1;0.89;-0.31081463626926442;-0.39167381918004485;0;0.39163344370499265;-0.31082027147543956;0;0.5;-0.12499994322970699;0.50000011247664066;0.8750034733324391;0.26667370262877432
0;0.9;0.30688276241680235;0.39476243986270659;0;-0.3947215139581759;0.30688862484487467;0;0.5;-0.12499994259385263;0.50000011372623954;0.87500354646303544;0.26667384958114042
1;0.9;-0.30688276241680235;-0.39476243986270659;0;0.3947215139581759;-0.30688862484487467;0;0.5;-0.12499994259385263;0.50000011372623954;0.87500354646303544;0.26667384958114042
0;0.91;0.3029202044660077;0.39781158969604663;0;-0.39777011200183421;0.30292630054391101;0;0.5;-0.12499994195791422;0.50000011497583401;0.87500362017611368;0.26667399769352867
1;0.91;-0.3029202044660077;-0.39781158969604663;0;0.39777011200183421;-0.30292630054391101;0;0.5;-0.12499994195791422;0.50000011497583401;0.87500362017611368;0.26667399769352867
0;0.92;0.29892735867256093;0.400820963877554;0;-0.40077893311695972;0.29893369491427857;0;0.5;-0.12499994132189297;0.500000116225424;0.87500369446429882;0.26667414695125784
1;0.92;-0.29892735867256093;-0.400820963877554;0;0.40077893311695972;-0.29893369491427857;0;0.5;-0.12499994132189297;0.500000116225424;0.87500369446429882;0.26667414695125784
0;0.93;0.29490462431950248;0.40379026158336606;0;-0.40374767656549837;0.29491120732383297;0;0.5;-0.12499994068578999;0.50000011747500947;0.8750037693201584;0.26667429733953224
1;0.93;-0.29490462431950248;-0.40379026158336606;0;0.40374767656549837;-0.29491120732383297;0;0.5;-0.12499994068578999;0.50000011747500947;0.8750037693201584;0.26667429733953224
0;0.94;0.290852403677272;0.4067191859983304;0;-0.40667604562039122;0.29085924012654274;0;0.5;-0.12499994004960641;0.50000011872459039;0.87500384473620319;0.26667444884344314
1;0.94;-0.290852403677272;-0.4067191859983304;0;0.40667604562039122;-0.29085924012654274;0;0.5;-0.12499994004960641;0.50000011872459039;0.87500384473620319;0.26667444884344314
0;0.95;0.28677110196344902;0.40960744434566526;0;-0.40956374759521313;0.28677819862217863;0;0.5;-0.12499993941334342;0.50000011997416676;0.87500392070488798;0.26667460144797029
1;0.95;-0.28677110196344902;-0.40960744434566526;0;0.40956374759521313;-0.28677819862217863;0;0.5;-0.12499993941334342;0.50000011997416676;0.87500392070488798;0.26667460144797029
0;0.96;0.28266112730219961;0.41245474791621506;0;-0.41241049387340556;0.28266849101570901;0;0.5;-0.12499993877700219;0.50000012122373847;0.87500399721861235;0.26667475513798336
1;0.96;-0.28266112730219961;-0.41245474791621506;0;0.41241049387340556;-0.28266849101570901;0;0.5;-0.12499993877700219;0.50000012122373847;0.87500399721861235;0.26667475513798336
0;0.97;0.2785228906834325;0.41526081209729881;0;-0.41521599993710095;0.27853052837640541;0;0.5;-0.12499993814058386;0.50000012247330555;0.87500407426972138;0.26667490989824359
1;0.97;-0.2785228906834325;-0.41526081209729881;0;0.41521599993710095;-0.27853052837640541;0;0.5;-0.12499993814058386;0.50000012247330555;0.87500407426972138;0.26667490989824359
0;0.98;0.27435680592166906;0.41802535640114785;0;-0.4179799853955356;0.27436472459666228;0;0.5;-0.12499993750408961;0.500000123722868;0.87500415185050642;0.26667506571340519
1;0.98;-0.27435680592166906;-0.41802535640114785;0;0.4179799853955356;-0.27436472459666228;0;0.5;-0.12499993750408961;0.500000123722868;0.87500415185050642;0.26667506571340519
0;0.99;0.27016328961463115;0.42074810449293043;0;-0.42070217401304816;0.27017149635053506;0;0.5;-0.12499993686752066;0.50000012497242571;0.87500422995320597;0.26667522256801692
1;0.99;-0.27016328961463115;-0.42074810449293043;0;0.42070217401304816;-0.27017149635053506;0;0.5;-0.12499993686752066;0.50000012497242571;0.87500422995320597;0.26667522256801692
0;1;0.26594276110155129;0.42342878421836039;0;-0.42338229373666131;0.26595126305200101;0;0.5;-0.12499993623087817;0.50000012622197873;0.87500430857000629;0.26667538044652366
1;1;-0.26594276110155129;-0.42342878421836039;0;0.42338229373666131;-0.26595126305200101;0;0.5;-0.12499993623087817;0.50000012622197873;0.87500430857000629;0.26667538044652366
0;1.01;0.2616956424212088;0.42606712763088689;0;-0.42602007672324332;0.26170444681294669;0;0.5;-0.12499993559416337;0.50000012747152698;0.87500438769304234;0.26667553933326793
1;1.01;-0.2616956424212088;-0.42606712763088689;0;0.42602007672324332;-0.26170444681294669;0;0.5;-0.12499993559416337;0.50000012747152698;0.87500438769304234;0.26667553933326793
0;1.02;0.25742235826969667;0.42866287101846273;0;-0.42861525936624739;0.25743147240088654;0;0.5;-0.12499993495737745;0.5000001287210704;0.87500446731439845;0.26667569921249143
1;1.02;-0.25742235826969667;-0.42866287101846273;0;0.42861525936624739;-0.25743147240088654;0;0.5;-0.12499993495737745;0.5000001287210704;0.87500446731439845;0.26667569921249143
0;1.03;0.25312333595792308;0.43121575492988873;0;-0.43116758232202551;0.25313276719641681;0;0.5;-0.12499993432052163;0.50000012997060904;0.87500454742610917;0.26667586006833674
1;1.03;-0.25312333595792308;-0.43121575492988873;0;0.43116758232202551;-0.25313276719641681;0;0.5;-0.12499993432052163;0.50000012997060904;0.87500454742610917;0.26667586006833674
0;1.04;0.2487990053688518;0.43372552420073091;0;-0.43367679053571484;0.24880876115040867;0;0.5;-0.12499993368359718;0.50000013122014278;0.87500462802016007;0.26667602188484875
1;1.04;-0.2487990053688518;-0.43372552420073091;0;0.43367679053571484;-0.24880876115040867;0;0.5;-0.12499993368359718;0.50000013122014278;0.87500462802016007;0.26667602188484875
0;1.05;0.24444979891448609;0.43619192797880874;0;-0.43614263326669356;0.24445988674094579;0;0.5;-0.12499993304660527;0.50000013246967166;0.8750047090884885;0.26667618464597637
1;1.05;-0.24444979891448609;-0.43619192797880874;0;0.43614263326669356;-0.24445988674094579;0;0.5;-0.12499993304660527;0.50000013246967166;0.8750047090884885;0.26667618464597637
0;1.06;0.24007615149260003;0.4386147197492512;0;-0.43856486411360374;0.24008657893000965;0;0.5;-0.12499993240954717;0.50000013371919562;0.87500479062298448;0.26667634833557412
1;1.06;-0.24007615149260003;-0.4386147197492512;0;0.43856486411360374;-0.24008657893000965;0;0.5;-0.12499993240954717;0.50000013371919562;0.87500479062298448;0.26667634833557412
0;1.07;0.23567850044322183;0.44099365735911861;0;-0.44094324103893917;0.23568927511991766;0;0.5;-0.12499993177242412;0.50000013496871467;0.8750048726154914;0.26667651293740368
1;1.07;-0.23567850044322183;-0.44099365735911861;0;0.44094324103893917;-0.23568927511991766;0;0.5;-0.12499993177242412;0.50000013496871467;0.8750048726154914;0.26667651293740368
0;1.08;0.23125728550487354;0.44332850304158744;0;-0.44327752639319501;0.23126841510951818;0;0.5;-0.12499993113523736;0.50000013621822873;0.87500495505780696;0.26667667843513558
1;1.08;-0.23125728550487354;-0.44332850304158744;0;0.44327752639319501;-0.23126841510951818;0;0.5;-0.12499993113523736;0.50000013621822873;0.87500495505780696;0.26667667843513558
0;1.09;0.22681294877057123;0.44561902343969612;0;-0.44556748693857751;0.2268244410501469;0;0.5;-0.12499993049798815;0.50000013746773777;0.87500503794168389;0.2666768448123508
1;1.09;-0.22681294877057123;-0.44561902343969612;0;0.44556748693857751;-0.2268244410501469;0;0.5;-0.12499993049798815;0.50000013746773777;0.87500503794168389;0.2666768448123508
0;1.1;0.22234593464359056;0.4478649896296491;0;-0.44781289387227102;0.22235779740134909;0;0.5;-0.12499992986067773;0.50000013871724186;0.87500512125883079;0.26667701205254248
1;1.1;-0.22234593464359056;-0.4478649896296491;0;0.44781289387227102;-0.22235779740134909;0;0.5;-0.12499992986067773;0.50000013871724186;0.87500512125883079;0.26667701205254248
0;1.11;0.21785668979300174;0.4500661771436768;0;-0.45001352284926011;0.21786893088637199;0;0.5;-0.12499992922330746;0.50000013996674085;0.87500520500091308;0.26667718013911745
1;1.11;-0.21785668979300174;-0.4500661771436768;0;0.45001352284926011;-0.21786893088637199;0;0.5;-0.12499992922330746;0.50000013996674085;0.87500520500091308;0.26667718013911745
0;1.12;0.21334566310897848;0.45222236599244969;0;-0.45216915400470481;0.2133582904474321;0;0.5;-0.12499992858587851;0.5000001412162348;0.87500528915955364;0.266677349055398
1;1.12;-0.21334566310897848;-0.45222236599244969;0;0.45216915400470481;-0.2133582904474321;0;0.5;-0.12499992858587851;0.5000001412162348;0.87500528915955364;0.266677349055398
0;1.13;0.20881330565788556;0.45433334068704367;0;-0.45427957197586621;0.20882632720076152;0;0.5;-0.12499992794839221;0.50000014246572368;0.87500537372633379;0.26667751878462352
1;1.13;-0.20881330565788556;-0.45433334068704367;0;0.45427957197586621;-0.20882632720076152;0;0.5;-0.12499992794839221;0.50000014246572368;0.87500537372633379;0.26667751878462352
0;1.14;0.20426007063714918;0.45639889026045488;0;-0.45634456592358069;0.2042734943914383;0;0.5;-0.12499992731084984;0.50000014371520741;0.87500545869279413;0.26667768930995215
1;1.14;-0.20426007063714918;-0.45639889026045488;0;0.45634456592358069;-0.2042734943914383;0;0.5;-0.12499992731084984;0.50000014371520741;0.87500545869279413;0.26667768930995215
0;1.15;0.19968641332991513;0.45841880828866177;0;-0.45836392955328065;0.19970024734800487;0;0.5;-0.12499992667325268;0.50000014496468604;0.87500554405043528;0.26667786061446247
1;1.15;-0.19968641332991513;-0.45841880828866177;0;0.45836392955328065;-0.19970024734800487;0;0.5;-0.12499992667325268;0.50000014496468604;0.87500554405043528;0.26667786061446247
0;1.16;0.19509279105949867;0.46039289291123237;0;-0.46033746113555912;0.19510704343687943;0;0.5;-0.12499992603560209;0.50000014621415942;0.87500562979071889;0.2666780326811552
1;1.16;-0.19509279105949867;-0.46039289291123237;0;0.46033746113555912;-0.19510704343687943;0;0.5;-0.12499992603560209;0.50000014621415942;0.87500562979071889;0.2666780326811552
0;1.17;0.19047966314363141;0.46232094685147451;0;-0.46226496352627727;0.19049434201656484;0;0.5;-0.12499992539789931;0.50000014746362764;0.8750057159050683;0.26667820549295494
1;1.17;-0.19047966314363141;-0.46232094685147451;0;0.46226496352627727;-0.19049434201656484;0;0.5;-0.12499992539789931;0.50000014746362764;0.8750057159050683;0.26667820549295494
0;1.18;0.18584749084850913;0.46420277743612731;0;-0.46414624418621148;0.18586260439165955;0;0.5;-0.12499992476014564;0.50000014871309069;0.87500580238486958;0.26667837903271186
1;1.18;-0.18584749084850913;-0.46420277743612731;0;0.46414624418621148;-0.18586260439165955;0;0.5;-0.12499992476014564;0.50000014871309069;0.87500580238486958;0.26667837903271186
0;1.19;0.1811967373426456;0.46603819661459145;0;-0.46598111520023922;0.18121229376667516;0;0.5;-0.12499992412234245;0.50000014996254849;0.8750058892214723;0.26667855328320335
1;1.19;-0.1811967373426456;-0.46603819661459145;0;0.46598111520023922;-0.18121229376667516;0;0.5;-0.12499992412234245;0.50000014996254849;0.8750058892214723;0.26667855328320335
0;1.2;0.17652786765053671;0.46782702097769718;0;-0.46776939329606126;0.17654387519966536;0;0.5;-0.12499992348449099;0.50000015121200107;0.87500597640619041;0.26667872822713584
1;1.2;-0.17652786765053671;-0.46782702097769718;0;0.46776939329606126;-0.17654387519966536;0;0.5;-0.12499992348449099;0.50000015121200107;0.87500597640619041;0.26667872822713584
0;1.21;0.17184134860613987;0.46956907177600721;0;-0.46951089986245836;0.1718578155556709;0;0.5;-0.12499992284659264;0.50000015246144835;0.87500606393030313;0.26667890384714643
1;1.21;-0.17184134860613987;-0.46956907177600721;0;0.46951089986245836;-0.1718578155556709;0;0.5;-0.12499992284659264;0.50000015246144835;0.87500606393030313;0.26667890384714643
0;1.22;0.16713764880617302;0.47126417493765344;0;-0.47120546096708088;0.1671545834599851;0;0.5;-0.12499992220864872;0.50000015371089032;0.8750061517850558;0.26667908012580474
1;1.22;-0.16713764880617302;-0.47126417493765344;0;0.47120546096708088;-0.1671545834599851;0;0.5;-0.12499992220864872;0.50000015371089032;0.8750061517850558;0.26667908012580474
0;1.23;0.1624172385632382;0.47291216108570533;0;-0.47285290737376939;0.1624346492512449;0;0.5;-0.12499992157066054;0.50000015496032699;0.87500623996166075;0.26667925704561457
1;1.23;-0.1624172385632382;-0.47291216108570533;0;0.47285290737376939;-0.1624346492512449;0;0.5;-0.12499992157066054;0.50000015496032699;0.87500623996166075;0.26667925704561457
0;1.24;0.15768058985877423;0.47451286555506833;0;-0.47445307455940455;0.15769848493435185;0;0.5;-0.12499992093262947;0.50000015620975833;0.8750063284512982;0.26667943458901569
1;1.24;-0.15768058985877423;-0.47451286555506833;0;0.47445307455940455;-0.15769848493435185;0;0.5;-0.12499992093262947;0.50000015620975833;0.8750063284512982;0.26667943458901569
0;1.25;0.15292817629584315;0.47606612840891072;0;-0.47600580273028475;0.15294656413322799;0;0.5;-0.12499992029455683;0.50000015745918427;0.87500641724511715;0.26667961273838555
1;1.25;-0.15292817629584315;-0.47606612840891072;0;0.47600580273028475;-0.15294656413322799;0;0.5;-0.12499992029455683;0.50000015745918427;0.87500641724511715;0.26667961273838555
0;1.26;0.14816047305175542;0.47757179445461723;0;-0.47751093683802986;0.1481793620434112;0;0.5;-0.12499991965644397;0.50000015870860489;0.87500650633423623;0.26667979147604115
1;1.26;-0.14816047305175542;-0.47757179445461723;0;0.47751093683802986;-0.1481793620434112;0;0.5;-0.12499991965644397;0.50000015870860489;0.87500650633423623;0.26667979147604115
0;1.27;0.14337795683053831;0.47902971325926769;0;-0.47896832659500932;0.143397355384495;0;0.5;-0.12499991901829221;0.50000015995802015;0.87500659570974462;0.26667997078424069
1;1.27;-0.14337795683053831;-0.47902971325926769;0;0.47896832659500932;-0.143397355384495;0;0.5;-0.12499991901829221;0.50000015995802015;0.87500659570974462;0.26667997078424069
0;1.28;0.13858110581525251;0.48043973916463933;0;-0.48037782648929334;0.13860102235241728;0;0.5;-0.12499991838010295;0.50000016120742996;0.87500668536270299;0.26668015064518537
1;1.28;-0.13858110581525251;-0.48043973916463933;0;0.48037782648929334;-0.13860102235241728;0;0.5;-0.12499991838010295;0.50000016120742996;0.87500668536270299;0.26668015064518537
0;1.29;0.13377039962016149;0.48180173130173148;0;-0.48173929579912572;0.13379084257160309;0;0.5;-0.12499991774187755;0.50000016245683435;0.87500677528414425;0.26668033104102124
1;1.29;-0.13377039962016149;-0.48180173130173148;0;0.48173929579912572;-0.13379084257160309;0;0.5;-0.12499991774187755;0.50000016245683435;0.87500677528414425;0.26668033104102124
0;1.3;0.12894631924275865;0.48311555360481062;0;-0.48305259860691663;0.12896729704696597;0;0.5;-0.1249999171036173;0.50000016370623331;0.87500686546507457;0.26668051195384092
1;1.3;-0.12894631924275865;-0.48311555360481062;0;0.48305259860691663;-0.12896729704696597;0;0.5;-0.1249999171036173;0.50000016370623331;0.87500686546507457;0.26668051195384092
0;1.31;0.12410934701565687;0.48438107482497494;0;-0.48431760381275413;0.1241308681157728;0;0.5;-0.12499991646532365;0.50000016495562682;0.87500695589647428;0.2666806933656854
1;1.31;-0.12410934701565687;-0.48438107482497494;0;0.48431760381275413;-0.1241308681157728;0;0.5;-0.12499991646532365;0.50000016495562682;0.87500695589647428;0.2666806933656854
0;1.32;0.11925996655834535;0.48559816854323695;0;-0.48553418514743324;0.11928203939937713;0;0.5;-0.12499991582699791;0.5000001662050149;0.87500704656929868;0.26668087525854587
1;1.32;-0.11925996655834535;-0.48559816854323695;0;0.48553418514743324;-0.11928203939937713;0;0.5;-0.12499991582699791;0.5000001662050149;0.87500704656929868;0.26668087525854587
0;1.33;0.11439866272881866;0.48676671318312253;0;-0.486702221185001;0.11442129575482556;0;0.5;-0.12499991518864147;0.50000016745439749;0.87500713747447907;0.2666810576143655
1;1.33;-0.11439866272881866;-0.48676671318312253;0;0.486702221185001;-0.11442129575482556;0;0.5;-0.12499991518864147;0.50000016745439749;0.87500713747447907;0.2666810576143655
0;1.34;0.10952592157508262;0.48788659202278567;0;-0.48782159535481673;0.10954912322634211;0;0.5;-0.12499991455025568;0.50000016870377463;0.87500722860292353;0.26668124041504122
1;1.34;-0.10952592157508262;-0.48788659202278567;0;0.48782159535481673;-0.10954912322634211;0;0.5;-0.12499991455025568;0.50000016870377463;0.87500722860292353;0.26668124041504122
0;1.35;0.10464223028654218;0.48895769320663729;0;-0.48889219595312561;0.10466600899669569;0;0.5;-0.12499991391184197;0.50000016995314624;0.87500731994551795;0.26668142364242557
1;1.35;-0.10464223028654218;-0.48895769320663729;0;0.48889219595312561;-0.10466600899669569;0;0.5;-0.12499991391184197;0.50000016995314624;0.87500731994551795;0.26668142364242557
0;1.36;0.099748077145275837;0.48997990975648731;0;-0.48991391615414531;0.09977244133845517;0;0.5;-0.1249999132734017;0.50000017120251229;0.87500741149312687;0.26668160727832849
1;1.36;-0.099748077145275837;-0.48997990975648731;0;0.48991391615414531;-0.09977244133845517;0;0.5;-0.1249999132734017;0.50000017120251229;0.87500741149312687;0.26668160727832849
0;1.37;0.094843951477201718;0.49095313958219861;0;-0.49088665402066406;0.094868909565137202;0;0.5;-0.12499991263493624;0.50000017245187285;0.87500750323659436;0.26668179130451921
1;1.37;-0.094843951477201718;-0.49095313958219861;0;0.49088665402066406;-0.094868909565137202;0;0.5;-0.12499991263493624;0.50000017245187285;0.87500750323659436;0.26668179130451921
0;1.38;0.089930343603140117;0.49187728549185189;0;-0.49181031251414897;0.089955903982251617;0;0.5;-0.12499991199644699;0.50000017370122784;0.87500759516674507;0.26668197570272793
1;1.38;-0.089930343603140117;-0.49187728549185189;0;0.49181031251414897;-0.089955903982251617;0;0.5;-0.12499991199644699;0.50000017370122784;0.87500759516674507;0.26668197570272793
0;1.39;0.085007744789777379;0.49275225520142069;0;-0.49268479950436439;0.085033915838249291;0;0.5;-0.1249999113579353;0.5000001749505773;0.87500768727438497;0.26668216045464781
1;1.39;-0.085007744789777379;-0.49275225520142069;0;0.49268479950436439;-0.085033915838249291;0;0.5;-0.1249999113579353;0.5000001749505773;0.87500768727438497;0.26668216045464781
0;1.4;0.080076647200536033;0.49357796134395515;0;-0.49351002777849839;0.080103437275377373;0;0.5;-0.12499991071940261;0.50000017619992115;0.87500777955030246;0.26668234554193664
1;1.4;-0.080076647200536033;-0.49357796134395515;0;0.49351002777849839;-0.080103437275377373;0;0.5;-0.12499991071940261;0.50000017619992115;0.87500777955030246;0.26668234554193664
0;1.41;0.075137543846356195;0.49435432147827424;0;-0.49428591504979741;0.075164961280446918;0;0.5;-0.12499991008085027;0.50000017744925949;0.87500787198526909;0.26668253094621888
1;1.41;-0.075137543846356195;-0.49435432147827424;0;0.49428591504979741;-0.075164961280446918;0;0.5;-0.12499991008085027;0.50000017744925949;0.87500787198526909;0.26668253094621888
0;1.42;0.070190928536393013;0.49508125809716469;0;-0.4950123839657074;0.07021898163551768;0;0.5;-0.12499990944227972;0.50000017869859218;0.87500796457004071;0.26668271664908725
1;1.42;-0.070190928536393013;-0.49508125809716469;0;0.4950123839657074;-0.07021898163551768;0;0.5;-0.12499990944227972;0.50000017869859218;0.87500796457004071;0.26668271664908725
0;1.43;0.065237295828635203;0.49575869863508698;0;-0.49568936211552161;0.065265992868505235;0;0.5;-0.12499990880369229;0.50000017994791931;0.87500805729535815;0.26668290263210478
1;1.43;-0.065237295828635203;-0.49575869863508698;0;0.49568936211552161;-0.065265992868505235;0;0.5;-0.12499990880369229;0.50000017994791931;0.87500805729535815;0.26668290263210478
0;1.44;0.060277140980449576;0.49638657547538656;0;-0.49631678203753321;0.060306490203715098;0;0.5;-0.12499990816508945;0.50000018119724079;0.87500815015194836;0.26668308887680654
1;1.44;-0.060277140980449576;-0.49638657547538656;0;0.49631678203753321;-0.060306490203715098;0;0.5;-0.12499990816508945;0.50000018119724079;0.87500815015194836;0.26668308887680654
0;1.45;0.055310959899056517;0.49696482595701036;0;-0.49689458122569313;0.055340969512309088;0;0.5;-0.12499990752647251;0.50000018244655674;0.87500824313052519;0.26668327536470155
1;1.45;-0.055310959899056517;-0.49696482595701036;0;0.49689458122569313;-0.055340969512309088;0;0.5;-0.12499990752647251;0.50000018244655674;0.87500824313052519;0.26668327536470155
0;1.46;0.050339249091941325;0.49749339238072732;0;-0.49742270213577161;0.050369927262708683;0;0.5;-0.12499990688784294;0.50000018369586707;0.87500833622179041;0.26668346207727455
1;1.46;-0.050339249091941325;-0.49749339238072732;0;0.49742270213577161;-0.050369927262708683;0;0.5;-0.12499990688784294;0.50000018369586707;0.87500833622179041;0.26668346207727455
0;1.47;0.045362505617206499;0.49797222201485303;0;-0.49790109219102346;0.045393860470940427;0;0.5;-0.12499990624920214;0.50000018494517173;0.87500842941643463;0.26668364899598793
1;1.47;-0.045362505617206499;-0.49797222201485303;0;0.49790109219102346;-0.045393860470940427;0;0.5;-0.12499990624920214;0.50000018494517173;0.87500842941643463;0.26668364899598793
0;1.48;0.04038122703386976;0.49840126710047727;0;-0.49832970378735642;0.040413266650928349;0;0.5;-0.12499990561055146;0.5000001861944708;0.87500852270513814;0.26668383610228357
1;1.48;-0.04038122703386976;-0.49840126710047727;0;0.49832970378735642;-0.040413266650928349;0;0.5;-0.12499990561055146;0.5000001861944708;0.87500852270513814;0.26668383610228357
0;1.49;0.035395911352112959;0.49878048485619436;0;-0.49870849429800157;0.035428643764738393;0;0.5;-0.12499990497189235;0.50000018744376427;0.87500861607857194;0.26668402337758465
1;1.49;-0.035395911352112959;-0.49878048485619436;0;0.49870849429800157;-0.035428643764738393;0;0.5;-0.12499990497189235;0.50000018744376427;0.87500861607857194;0.26668402337758465
0;1.5;0.030407056983486714;0.49910983748233556;0;-0.49903742607768631;0.030440490172779763;0;0.5;-0.1249999043332262;0.50000018869305208;0.87500870952739869;0.26668421080329756
1;1.5;-0.030407056983486714;-0.49910983748233556;0;0.49903742607768631;-0.030440490172779763;0;0.5;-0.1249999043332262;0.50000018869305208;0.87500870952739869;0.26668421080329756
0;1.51;0.025415162691075827;0.49938929216470351;0;-0.49931646646630873;0.025449304583968258;0;0.5;-0.12499990369455439;0.50000018994233426;0.87500880304227354;0.26668439836081373
1;1.51;-0.025415162691075827;-0.49938929216470351;0;0.49931646646630873;-0.025449304583968258;0;0.5;-0.12499990369455439;0.50000018994233426;0.87500880304227354;0.26668439836081373
0;1.52;0.020420727539630458;0.49961882107780792;0;-0.49954558779211344;0.020455586005856556;0;0.5;-0.12499990305587839;0.50000019119161078;0.87500889661384513;0.26668458603151146
1;1.52;-0.020420727539630458;-0.49961882107780792;0;0.49954558779211344;-0.020455586005856556;0;0.5;-0.12499990305587839;0.50000019119161078;0.87500889661384513;0.26668458603151146
0;1.53;0.015424250845668027;0.49979840138760268;0;-0.49972476737436833;0.015459833694736384;0;0.5;-0.12499990241719953;0.50000019244088168;0.87500899023275654;0.26668477379675791
1;1.53;-0.015424250845668027;-0.49979840138760268;0;0.49972476737436833;-0.015459833694736384;0;0.5;-0.12499990241719953;0.50000019244088168;0.87500899023275654;0.26668477379675791
0;1.54;0.01042623212755084;0.49992801525372343;0;-0.49985398752554233;0.010462547105717663;0;0.5;-0.12499990177851924;0.50000019369014692;0.87500908388964619;0.26668496163791081
1;1.54;-0.01042623212755084;-0.49992801525372343;0;0.49985398752554233;-0.010462547105717663;0;0.5;-0.12499990177851924;0.50000019369014692;0.87500908388964619;0.26668496163791081
0;1.55;0.0054271710555444403;0.50000764983122625;0;-0.49993323555298386;0.0054642258427895374;0;0.5;-0.12499990113983896;0.5000001949394065;0.87500917757514879;0.26668514953632038
1;1.55;-0.0054271710555444403;-0.50000764983122625;0;0.49993323555298386;-0.0054642258427895374;0;0.5;-0.12499990113983896;0.5000001949394065;0.87500917757514879;0.26668514953632038
0;1.56;0.0004275674018616683;0.50003729727182666;0;-0.49996250376009949;0.00046536960886833269;0;0.5;-0.12499990050116009;0.50000019618866038;0.8750092712798963;0.26668533747333124
1;1.56;-0.0004275674018616683;-0.50003729727182666;0;0.49996250376009949;-0.00046536960886833269;0;0.5;-0.12499990050116009;0.50000019618866038;0.8750092712798963;0.26668533747333124
0;1.57;-0.0045720790093025637;0.50001695472463914;0;-0.49994178944703349;-0.0045335218441625866;0;0.5;-0.12499989986248398;0.50000019743790866;0.87500936499451878;0.26668552543028426
1;1.57;0.0045720790093025637;-0.50001695472463914;0;0.49994178944703349;0.0045335218441625866;0;0.5;-0.12499989986248398;0.50000019743790866;0.87500936499451878;0.26668552543028426
0;1.58;-0.0095712683517407953;0.49994662433641679;0;-0.49987109491084741;-0.0095319487654160415;0;0.5;-0.12499989922381214;0.50000019868715123;0.87500945870964545;0.26668571338851832
1;1.58;0.0095712683517407953;-0.49994662433641679;0;0.49987109491084741;0.0095319487654160415;0;0.5;-0.12499989922381214;0.50000019868715123;0.87500945870964545;0.26668571338851832
0;1.59;-0.014569500847201844;0.49982631325129184;0;-0.49975042744520032;-0.014529411454962376;0;0.5;-0.12499989858514581;0.50000019993638822;0.87500955241590553;0.26668590132937236
1;1.59;0.014569500847201844;-0.49982631325129184;0;0.49975042744520032;0.014529411454962376;0;0.5;-0.12499989858514581;0.50000019993638822;0.87500955241590553;0.26668590132937236
0;1.6;-0.019566276815353931;0.49965603361001598;0;-0.49957979933952934;-0.019525410313783881;0;0.5;-0.12499989794648654;0.50000020118561955;0.87500964610392925;0.26668608923418708
1;1.6;0.019566276815353931;-0.49965603361001598;0;0.49957979933952934;0.019525410313783881;0;0.5;-0.12499989794648654;0.50000020118561955;0.87500964610392925;0.26668608923418708
0;1.61;-0.024561096723737109;0.49943580254870162;0;-0.49935922787773102;-0.024519445893717351;0;0.5;-0.12499989730783569;0.5000002024348452;0.87500973976434873;0.2666862770843069
1;1.61;0.024561096723737109;-0.49943580254870162;0;0.49935922787773102;0.024519445893717351;0;0.5;-0.12499989730783569;0.5000002024348452;0.87500973976434873;0.2666862770843069
0;1.62;-0.029553461237700022;0.49916564219706366;0;-0.4990887353363434;-0.029511018947379737;0;0.5;-0.12499989666919464;0.50000020368406523;0.87500983338779892;0.26668646486108179
1;1.62;0.029553461237700022;-0.49916564219706366;0;0.4990887353363434;0.029511018947379737;0;0.5;-0.12499989666919464;0.50000020368406523;0.87500983338779892;0.26668646486108179
0;1.63;-0.034542871270315988;0.49884557967616205;0;-0.49876834898222894;-0.034499630478071946;0;0.5;-0.12499989603056482;0.50000020493327959;0.8750099269649186;0.26668665254586913
1;1.63;0.034542871270315988;-0.49884557967616205;0;0.49876834898222894;0.034499630478071946;0;0.5;-0.12499989603056482;0.50000020493327959;0.8750099269649186;0.26668665254586913
0;1.64;-0.039528828032273387;0.49847564709564551;0;-0.49839810106975896;-0.039484781789655789;0;0.5;-0.12499989539194759;0.50000020618248835;0.87501002048635121;0.26668684012003563
1;1.64;0.039528828032273387;-0.49847564709564551;0;0.49839810106975896;0.039484781789655789;0;0.5;-0.12499989539194759;0.50000020618248835;0.87501002048635121;0.26668684012003563
0;1.65;-0.044510833081735451;0.49805588155049657;0;-0.49797802883749936;-0.044465974536399056;0;0.5;-0.1249998947533444;0.50000020743169141;0.87501011394274591;0.2666870275649591
1;1.65;0.044510833081735451;-0.49805588155049657;0;0.49797802883749936;0.044465974536399056;0;0.5;-0.1249998947533444;0.50000020743169141;0.87501011394274591;0.2666870275649591
0;1.66;-0.049488388374164374;0.49758632511727835;0;-0.49750817450439871;-0.049442710772783824;0;0.5;-0.12499989411475668;0.50000020868088879;0.87501020732475843;0.26668721486203036
1;1.66;0.049488388374164374;-0.49758632511727835;0;0.49750817450439871;0.049442710772783824;0;0.5;-0.12499989411475668;0.50000020868088879;0.87501020732475843;0.26668721486203036
0;1.67;-0.05446099631210484;0.49706702484988358;0;-0.49698858526547829;-0.054414493003272932;0;0.5;-0.12499989347618575;0.50000020993008056;0.87501030062305196;0.26668740199265517
1;1.67;0.05446099631210484;-0.49706702484988358;0;0.49698858526547829;0.054414493003272932;0;0.5;-0.12499989347618575;0.50000020993008056;0.87501030062305196;0.26668740199265517
0;1.68;-0.059428159794921956;0.49649803277478588;0;-0.49641931328702515;-0.059380824232029714;0;0.5;-0.12499989283763303;0.5000002111792667;0.87501039382829823;0.26668758893825596
1;1.68;0.059428159794921956;-0.49649803277478588;0;0.49641931328702515;0.059380824232029714;0;0.5;-0.12499989283763303;0.5000002111792667;0.87501039382829823;0.26668758893825596
0;1.69;-0.064389382268488643;0.49587940588579443;0;-0.49580041570128858;-0.064341208012585999;0;0.5;-0.12499989219909988;0.50000021242844726;0.8750104869311783;0.26668777568027379
1;1.69;0.064389382268488643;-0.49587940588579443;0;0.49580041570128858;0.064341208012585999;0;0.5;-0.12499989219909988;0.50000021242844726;0.8750104869311783;0.26668777568027379
0;1.7;-0.069344167774817458;0.49521120613831188;0;-0.49513195460068032;-0.06929514849745344;0;0.5;-0.12499989156058776;0.50000021367762217;0.8750105799223836;0.2666879622001701
1;1.7;0.069344167774817458;-0.49521120613831188;0;0.49513195460068032;0.06929514849745344;0;0.5;-0.12499989156058776;0.50000021367762217;0.8750105799223836;0.2666879622001701
0;1.71;-0.074292021001632014;0.49449350044309681;0;-0.49441399703147954;-0.074242150487673186;0;0.5;-0.12499989092209802;0.50000021492679146;0.87501067279261679;0.26668814847942869
1;1.71;0.074292021001632014;-0.49449350044309681;0;0.49441399703147954;0.074242150487673186;0;0.5;-0.12499989092209802;0.50000021492679146;0.87501067279261679;0.26668814847942869
0;1.72;-0.079232447331872957;0.49372636065953079;0;-0.49364661498704276;-0.07918171948229899;0;0.5;-0.12499989028363199;0.50000021617595522;0.87501076553259269;0.26668833449955749
1;1.72;0.079232447331872957;-0.49372636065953079;0;0.49364661498704276;0.07918171948229899;0;0.5;-0.12499989028363199;0.50000021617595522;0.87501076553259269;0.26668833449955749
0;1.73;-0.084164952893133485;0.49290986358839095;0;-0.49282988540051981;-0.084113361727808783;0;0.5;-0.12499988964519114;0.50000021742511337;0.87501085813303927;0.26668852024209043
1;1.73;0.084164952893133485;-0.49290986358839095;0;0.49282988540051981;0.084113361727808783;0;0.5;-0.12499988964519114;0.50000021742511337;0.87501085813303927;0.26668852024209043
0;1.74;-0.089089044607019705;0.49204409096412882;0;-0.49196389013707653;-0.08903658426743985;0;0.5;-0.12499988900677679;0.50000021867426596;0.87501095058469849;0.26668870568858925
1;1.74;0.089089044607019705;-0.49204409096412882;0;0.49196389013707653;0.08903658426743985;0;0.5;-0.12499988900677679;0.50000021867426596;0.87501095058469849;0.26668870568858925
0;1.75;-0.094004230238430603;0.49112912944665638;0;-0.49104871598562477;-0.093950894990442541;0;0.5;-0.12499988836839036;0.50000021992341298;0.87501104287832732;0.26668889082064543
1;1.75;0.094004230238430603;-0.49112912944665638;0;0.49104871598562477;0.093950894990442541;0;0.5;-0.12499988836839036;0.50000021992341298;0.87501104287832732;0.26668889082064543
0;1.76;-0.098910018444752959;0.4901650706126397;0;-0.4900844546500609;-0.098855802681247773;0;0.5;-0.12499988773003324;0.50000022117255439;0.8750111350046986;0.2666890756198819
1;1.76;0.098910018444752959;-0.4901650706126397;0;0.4900844546500609;0.098855802681247773;0;0.5;-0.12499988773003324;0.50000022117255439;0.8750111350046986;0.2666890756198819
0;1.77;-0.10380591882496615;0.48915201094630167;0;-0.48907120274001348;-0.10375081706854335;0;0.5;-0.1249998870917068;0.50000022242169024;0.87501122695460195;0.26668926006795504
1;1.77;0.10380591882496615;-0.48915201094630167;0;0.48907120274001348;0.10375081706854335;0;0.5;-0.1249998870917068;0.50000022242169024;0.87501122695460195;0.26668926006795504
0;1.78;-0.10869144196865196;0.4880900518297342;0;-0.4880090617611012;-0.10863544887425415;0;0.5;-0.12499988645341237;0.50000022367082059;0.87501131871884471;0.26668944414655639
1;1.78;0.10869144196865196;-0.4880900518297342;0;0.4880090617611012;0.10863544887425415;0;0.5;-0.12499988645341237;0.50000022367082059;0.87501131871884471;0.26668944414655639
0;1.79;-0.11356609950490459;0.48697929953272107;0;-0.48689813810470195;-0.11350920986242141;0;0.5;-0.12499988581515133;0.50000022491994537;0.87501141028825293;0.26668962783741449
1;1.79;0.11356609950490459;-0.48697929953272107;0;0.48689813810470195;0.11350920986242141;0;0.5;-0.12499988581515133;0.50000022491994537;0.87501141028825293;0.26668962783741449
0;1.8;-0.11842940415113584;0.48581986520207276;0;-0.48573854303723429;-0.11837161288797612;0;0.5;-0.12499988517692507;0.50000022616906462;0.87501150165367216;0.26668981112229676
1;1.8;0.11842940415113584;-0.48581986520207276;0;0.48573854303723429;0.11837161288797612;0;0.5;-0.12499988517692507;0.50000022616906462;0.87501150165367216;0.26668981112229676
0;1.81;-0.12328086976177069;0.48461186485047397;0;-0.48453039268895226;-0.12322217194540175;0;0.5;-0.1249998845387349;0.5000002274181784;0.87501159280596842;0.26668999398301131
1;1.81;0.12328086976177069;-0.48461186485047397;0;0.48453039268895226;0.12322217194540175;0;0.5;-0.1249998845387349;0.5000002274181784;0.87501159280596842;0.26668999398301131
0;1.82;-0.12812001137682844;0.48335541934484488;0;-0.48327380804225456;-0.12806040221728143;0;0.5;-0.12499988390058221;0.50000022866728669;0.87501168373602916;0.26669017640140871
1;1.82;0.12812001137682844;-0.48335541934484488;0;0.48327380804225456;0.12806040221728143;0;0.5;-0.12499988390058221;0.50000022866728669;0.87501168373602916;0.26669017640140871
0;1.83;-0.13294634527038449;0.4820506543942179;0;-0.48196891491950972;-0.13288582012272473;0;0.5;-0.12499988326246833;0.50000022991638952;0.87501177443476412;0.26669035835938388
1;1.83;0.13294634527038449;-0.4820506543942179;0;0.48196891491950972;0.13288582012272473;0;0.5;-0.12499988326246833;0.50000022991638952;0.87501177443476412;0.26669035835938388
0;1.84;-0.13775938899890788;0.4806977005371304;0;-0.48061584397039808;-0.13769794336566929;0;0.5;-0.12499988262439465;0.50000023116548686;0.87501186489310625;0.26669053983887779
1;1.84;0.13775938899890788;-0.4806977005371304;0;0.48061584397039808;0.13769794336566929;0;0.5;-0.12499988262439465;0.50000023116548686;0.87501186489310625;0.26669053983887779
0;1.85;-0.14255866144947005;0.47929669312853529;0;-0.47921473065877224;-0.14249629098305233;0;0.5;-0.12499988198636248;0.50000023241457875;0.87501195510201258;0.26669072082187939
1;1.85;0.14255866144947005;-0.47929669312853529;0;0.47921473065877224;0.14249629098305233;0;0.5;-0.12499988198636248;0.50000023241457875;0.87501195510201258;0.26669072082187939
0;1.86;-0.14734368288781949;0.47784777232623055;0;-0.47776571524903677;-0.14728038339284738;0;0.5;-0.12499988134837317;0.50000023366366519;0.87501204505246521;0.26669090129042733
1;1.86;0.14734368288781949;-0.47784777232623055;0;0.47776571524903677;0.14728038339284738;0;0.5;-0.12499988134837317;0.50000023366366519;0.87501204505246521;0.26669090129042733
0;1.87;-0.1521139750063181;0.47635108307680896;0;-0.47626894279204934;-0.15204974244196151;0;0.5;-0.12499988071042808;0.50000023491274621;0.87501213473547211;0.2666910812266118
1;1.87;0.1521139750063181;-0.47635108307680896;0;0.47626894279204934;0.15204974244196151;0;0.5;-0.12499988071042808;0.50000023491274621;0.87501213473547211;0.2666910812266118
0;1.88;-0.15686906097173395;0.47480677510112956;0;-0.47472456311054417;-0.15680389145398804;0;0.5;-0.12499988007252849;0.50000023616182187;0.87501222414206807;0.26669126061257627
1;1.88;0.15686906097173395;-0.47480677510112956;0;0.47472456311054417;0.15680389145398804;0;0.5;-0.12499988007252849;0.50000023616182187;0.87501222414206807;0.26669126061257627
0;1.89;-0.16160846547288599;0.47321500287931251;0;-0.47313273078407919;-0.16154235527681016;0;0.5;-0.12499987943467573;0.50000023741089216;0.87501231326331561;0.26669143943051931
1;1.89;0.16160846547288599;-0.47321500287931251;0;0.47313273078407919;0.16154235527681016;0;0.5;-0.12499987943467573;0.50000023741089216;0.87501231326331561;0.26669143943051931
0;1.9;-0.1663317147681358;0.47157592563525835;0;-0.47149360513350902;-0.16626466033005077;0;0.5;-0.12499987879687122;0.50000023865995701;0.87501240209030588;0.26669161766269633
1;1.9;0.1663317147681358;-0.47157592563525835;0;0.47149360513350902;0.16626466033005077;0;0.5;-0.12499987879687122;0.50000023865995701;0.87501240209030588;0.26669161766269633
0;1.91;-0.17103833673272176;0.46988970732069402;0;-0.46980735020498493;-0.17097033465236366;0;0.5;-0.12499987815911617;0.50000023990901654;0.87501249061415946;0.26669179529142144
1;1.91;0.17103833673272176;-0.46988970732069402;0;0.46980735020498493;0.17097033465236366;0;0.5;-0.12499987815911617;0.50000023990901654;0.87501249061415946;0.26669179529142144
0;1.92;-0.17572786090593084;0.46815651659874619;0;-0.46807413475348325;-0.1756589079485614;0;0.5;-0.12499987752141192;0.5000002411580707;0.87501257882602737;0.26669197229906913
1;1.92;0.17572786090593084;-0.46815651659874619;0;0.46807413475348325;0.1756589079485614;0;0.5;-0.12499987752141192;0.5000002411580707;0.87501257882602737;0.26669197229906913
0;1.93;-0.18039981853810333;0.46637652682704461;0;-0.46629413222586452;-0.18032991163657525;0;0.5;-0.12499987688375981;0.50000024240711955;0.87501266671709184;0.26669214866807607
1;1.93;0.18039981853810333;-0.46637652682704461;0;0.46629413222586452;0.18032991163657525;0;0.5;-0.12499987688375981;0.50000024240711955;0.87501266671709184;0.26669214866807607
0;1.94;-0.18505374263746574;0.4645499160403565;0;-0.46446752074346437;-0.18498287889424242;0;0.5;-0.12499987624616112;0.50000024365616309;0.87501275427856729;0.26669232438094286
1;1.94;0.18505374263746574;-0.4645499160403565;0;0.46446752074346437;0.18498287889424242;0;0.5;-0.12499987624616112;0.50000024365616309;0.87501275427856729;0.26669232438094286
0;1.95;-0.18968916801678737;0.46267686693275395;0;-0.46259448308421852;-0.18961734470591612;0;0.5;-0.12499987560861714;0.50000024490520136;0.87501284150170112;0.26669249942023577
1;1.95;0.18968916801678737;-0.46267686693275395;0;0.46259448308421852;0.18961734470591612;0;0.5;-0.12499987560861714;0.50000024490520136;0.87501284150170112;0.26669249942023577
0;1.96;-0.19430563133985576;0.46075756683931618;0;-0.46067520666432332;-0.19423284590889342;0;0.5;-0.12499987497112917;0.50000024615423441;0.87501292837777466;0.26669267376858848
1;1.96;0.19430563133985576;-0.46075756683931618;0;0.46067520666432332;0.19423284590889342;0;0.5;-0.12499987497112917;0.50000024615423441;0.87501292837777466;0.26669267376858848
0;1.97;-0.19890267116776647;0.45879220771736839;0;-0.45870988351943376;-0.19882892123965679;0;0.5;-0.12499987433369847;0.50000024740326221;0.875013014898104;0.26669284740870385
1;1.97;0.19890267116776647;-0.45879220771736839;0;0.45870988351943376;0.19882892123965679;0;0.5;-0.12499987433369847;0.50000024740326221;0.875013014898104;0.26669284740870385
0;1.98;-0.20347982800502243;0.4567809861272592;0;-0.45669871028540115;-0.20340511137992437;0;0.5;-0.12499987369632632;0.50000024865228487;0.87501310105404082;0.26669302032335561
1;1.98;0.20347982800502243;-0.4567809861272592;0;0.45669871028540115;0.20340511137992437;0;0.5;-0.12499987369632632;0.50000024865228487;0.87501310105404082;0.26669302032335561
0;1.99;-0.20803664434543848;0.45472410321267842;0;-0.45464188817855183;-0.2079609590025045;0;0.5;-0.12499987305901402;0.50000024990130229;0.87501318683697341;0.26669319249539007
1;1.99;0.20803664434543848;-0.45472410321267842;0;0.45464188817855183;0.2079609590025045;0;0.5;-0.12499987305901402;0.50000024990130229;0.87501318683697341;0.26669319249539007
0;2;-0.21257266471784639;0.45262176468051746;0;-0.4525396229755097;-0.21249600881694999;0;0.5;-0.12499987242176287;0.50000025115031457;0.87501327223832729;0.26669336390772787
1;2;0.21257266471784639;-0.45262176468051746;0;0.4525396229755097;0.21249600881694999;0;0.5;-0.12499987242176287;0.50000025115031457;0.87501327223832729;0.26669336390772787
