# column style format: id;time;x;y;z;vx;vy;vz;mass;totalEnergy;totalSpecificAngularMomentum;rungeLenzVector;semiMajorAxis
# this file will be overwritten without any precaution
# used integrator was euler_cromer
0;0;0.495;0.050000000000000003;0;-0.050000000000000003;0.5;0;0.5;-0.12499676490467124;0.5;0.8743766265719417;0.26543164940863327
1;0;-0.495;-0.050000000000000003;0;0.050000000000000003;-0.5;0;0.5;-0.12499676490467124;0.5;0.8743766265719417;0.26543164940863327
0;0.1;0.48497557221986415;0.099492482042410527;0;-0.10024427780135835;0.49492482042410524;0;0.5;-0.12498683624769373;0.5;0.87375676565015288;0.26421574283732972
1;0.1;-0.48497557221986415;-0.099492482042410527;0;0.10024427780135835;-0.49492482042410524;0;0.5;-0.12498683624769373;0.5;0.87375676565015288;0.26421574283732972
0;0.2;0.46995523276371987;0.14796005544780336;0;-0.1502033945614426;0.48467573405392828;0;0.5;-0.12496993369226159;0.49999999999999997;0.87314731261734812;0.26303189363398827
1;0.2;-0.46995523276371987;-0.14796005544780336;0;0.1502033945614426;-0.48467573405392828;0;0.5;-0.12496993369226159;0.49999999999999997;0.87314731261734812;0.26303189363398827
0;0.3;0.45002324367115903;0.1948812518753921;0;-0.19931989092560831;0.46921196427588735;0;0.5;-0.12494586651026233;0.49999999999999995;0.87255544707299879;0.26189309797279215
1;0.3;-0.45002324367115903;-0.1948812518753921;0;0.19931989092560831;-0.46921196427588735;0;0.5;-0.12494586651026233;0.49999999999999995;0.87255544707299879;0.26189309797279215
0;0.4;0.42532174900112385;0.23973702783673473;0;-0.24701494670035185;0.44855775961342637;0;0.5;-0.12491455446197562;0.49999999999999995;0.87198853186942891;0.26081223157136003
1;0.4;-0.42532174900112385;-0.23973702783673473;0;0.24701494670035185;-0.44855775961342637;0;0.5;-0.12491455446197562;0.49999999999999995;0.87198853186942891;0.26081223157136003
0;0.5;0.39605207061747505;0.28201789953163459;0;-0.29269678383648817;0.4228087169489983;0;0.5;-0.12487604764524097;0.49999999999999996;0.87145399006854383;0.25980186374914728
1;0.5;-0.39605207061747505;-0.28201789953163459;0;0.29269678383648817;-0.4228087169489983;0;0.5;-0.12487604764524097;0.49999999999999996;0.87145399006854383;0.25980186374914728
0;0.6;0.36247499462959626;0.32123159063359208;0;-0.33577075987878802;0.39213691101957521;0;0.5;-0.12483054382375906;0.49999999999999993;0.87095916155713729;0.25887405890930646
1;0.6;-0.36247499462959626;-0.32123159063359208;0;0.33577075987878802;-0.39213691101957521;0;0.5;-0.12483054382375906;0.49999999999999993;0.87095916155713729;0.25887405890930646
0;0.7;0.3249098966486903;0.35691102787726359;0;-0.37565097980905943;0.35679437243671497;0;0.5;-0.12477840161354752;0.49999999999999993;0.87051114274693274;0.25804017007861567
1;0.7;-0.3249098966486903;-0.35691102787726359;0;0.37565097980905943;-0.35679437243671497;0;0.5;-0.12477840161354752;0.49999999999999993;0.87051114274693274;0.25804017007861567
0;0.8;0.28373258439840776;0.38862247546874507;0;-0.41177312250282549;0.31711447591481506;0;0.5;-0.12472014791695054;0.49999999999999994;0.87011661454713962;0.25731063028433663
1;0.8;-0.28373258439840776;-0.38862247546874507;0;0.41177312250282549;-0.31711447591481506;0;0.5;-0.12472014791695054;0.49999999999999994;0.87011661454713962;0.25731063028433663
0;0.9;0.23937177991067313;0.41597356157204107;0;-0.44360804487734629;0.27351086103296002;0;0.5;-0.12465647818117755;0.49999999999999995;0.86978166545622636;0.25669474850281248
1;0.9;-0.23937177991067313;-0.41597356157204107;0;0.44360804487734629;-0.27351086103296002;0;0.5;-0.12465647818117755;0.49999999999999995;0.86978166545622636;0.25669474850281248
0;1;0.19230421927546665;0.43862092280270987;0;-0.47067560635206485;0.22647361230668769;0;0.5;-0.12458824844027824;0.49999999999999997;0.86951161796984783;0.2562005175643971
1;1;-0.19230421927546665;-0.43862092280270987;0;0.47067560635206485;-0.22647361230668769;0;0.5;-0.12458824844027824;0.49999999999999997;0.86951161796984783;0.2562005175643971
0;1.1;0.14304841285561776;0.45627717989122712;0;-0.49255806419848885;0.1765625708851728;0;0.5;-0.12451645866506499;0.49999999999999994;0.86931086733426201;0.25583444163573794
1;1.1;-0.14304841285561776;-0.45627717989122712;0;0.49255806419848885;-0.1765625708851728;0;0.5;-0.12451645866506499;0.49999999999999994;0.86931086733426201;0.25583444163573794
0;1.2;0.092157178670342413;0.46871696268388652;0;-0.50891234185275347;0.12439782792659401;0;0.5;-0.12444222765122292;0.49999999999999996;0.86918274181124003;0.25560139064388626
1;1.2;-0.092157178670342413;-0.46871696268388652;0;0.50891234185275347;-0.12439782792659401;0;0.5;-0.12444222765122292;0.49999999999999996;0.86918274181124003;0.25560139064388626
0;1.3;0.040209130750961657;0.47578172715763206;0;-0.51948047919380758;0.070647644737455578;0;0.5;-0.12436676044668168;0.49999999999999991;0.86912939295094499;0.25550448822095347
1;1.3;-0.040209130750961657;-0.47578172715763206;0;0.51948047919380758;-0.070647644737455578;0;0.5;-0.12436676044668168;0.49999999999999991;0.86912939295094499;0.25550448822095347
0;1.4;-0.01220063347390456;0.47738315091303934;0;-0.52409764224866218;0.016014237554073097;0;0.5;-0.12429131005769388;0.49999999999999983;0.86915172288025992;0.25554503845169769
1;1.4;0.01220063347390456;-0.47738315091303934;0;0.52409764224866218;-0.016014237554073097;0;0.5;-0.12429131005769388;0.49999999999999983;0.86915172288025992;0.25554503845169769
0;1.5;-0.064470353292744698;0.47350495428976119;0;-0.52269719818840132;-0.038781966232781538;0;0.5;-0.12421713577469076;0.49999999999999987;0.86924935340473329;0.25572249497699439
1;1.5;0.064470353292744698;-0.47350495428976119;0;0.52269719818840132;0.038781966232781538;0;0.5;-0.12421713577469076;0.49999999999999987;0.86924935340473329;0.25572249497699439
0;1.6;-0.11600160728386086;0.4642030673942546;0;-0.51531253991116155;-0.093018868955065975;0;0.5;-0.12414546083249595;0.49999999999999983;0.86942063899905715;0.25603447397471717
1;1.6;0.11600160728386086;-0.4642030673942546;0;0.51531253991116155;0.093018868955065975;0;0.5;-0.12414546083249595;0.49999999999999983;0.86942063899905715;0.25603447397471717
0;1.7;-0.16620916284727991;0.4496041429418603;0;-0.50207555563419048;-0.14598924452394293;0;0.5;-0.12407743220519252;0.49999999999999982;0.8696627228106363;0.25647681037631502
1;1.7;0.16620916284727991;-0.4496041429418603;0;0.50207555563419048;0.14598924452394293;0;0.5;-0.12407743220519252;0.49999999999999982;0.8696627228106363;0.25647681037631502
0;1.8;-0.21453034888584327;0.42990249407304093;0;-0.48321186038563357;-0.19701648868819374;0;0.5;-0.12401408511888318;0.49999999999999983;0.86997163194667157;0.25704365456997091
1;1.8;0.21453034888584327;-0.42990249407304093;0;0.48321186038563357;0.19701648868819374;0;0.5;-0.12401408511888318;0.49999999999999983;0.86997163194667157;0.25704365456997091
0;1.9;-0.26043366030607917;0.40535560846185281;0;-0.45903311420235898;-0.24546885611188138;0;0.5;-0.12395631437889444;0.49999999999999987;0.87034240586504772;0.25772760496988121
1;1.9;0.26043366030607917;-0.40535560846185281;0;0.45903311420235898;0.24546885611188138;0;0.5;-0.12395631437889444;0.49999999999999987;0.87034240586504772;0.25772760496988121
0;2;-0.30342635276148344;0.37627844930575;0;-0.42992692455404297;-0.290771591561028;0;0.5;-0.12390485392594068;0.49999999999999985;0.87076924988687926;0.25851987034518409
1;2;0.30342635276148344;-0.37627844930575;0;0.42992692455404297;0.290771591561028;0;0.5;-0.12390485392594068;0.49999999999999985;0.87076924988687926;0.25851987034518409
0;2.1;-0.34306084795258784;0.34303679603905529;0;-0.39634495191104391;-0.33241653266694704;0;0.5;-0.12386026525817328;0.49999999999999983;0.87124570483874726;0.25941045480194984
1;2.1;0.34306084795258784;-0.34303679603905529;0;0.39634495191104391;0.33241653266694704;0;0.5;-0.12386026525817328;0.49999999999999983;0.87124570483874726;0.25941045480194984
0;2.2;-0.37893983785026886;0.30603990077651;0;-0.35878989897681007;-0.36996895262545287;0;0.5;-0.12382293458831295;0.49999999999999983;0.87176482364744758;0.26038835784011142
1;2.2;0.37893983785026886;-0.30603990077651;0;0.35878989897681007;0.36996895262545287;0;0.5;-0.12382293458831295;0.49999999999999983;0.87176482364744758;0.26038835784011142
0;2.3;-0.41072004441454374;0.26573274061340368;0;-0.31780206564274888;-0.40307160163106287;0;0.5;-0.1237930779392617;0.4999999999999998;0.87231934627585704;0.26144178194942714
1;2.3;0.41072004441454374;-0.26573274061340368;0;0.31780206564274888;0.40307160163106287;0;0.5;-0.1237930779392617;0.4999999999999998;0.87231934627585704;0.26144178194942714
0;2.4;-0.43811465443518133;0.22258813288811036;0;-0.27394610020637611;-0.43144607725293338;0;0.5;-0.12377075288245661;0.49999999999999979;0.87290186555083739;0.26255834070090707
1;2.4;0.43811465443518133;-0.22258813288811036;0;0.27394610020637611;0.43144607725293338;0;0.5;-0.12377075288245661;0.49999999999999979;0.87290186555083739;0.26255834070090707
0;2.5;-0.46089450294408618;0.17709895362606995;0;-0.22779848508904882;-0.45489179262040402;0;0.5;-0.12375587532187762;0.49999999999999977;0.873504977992186;0.26372526113464942
1;2.5;0.46089450294408618;-0.17709895362606995;0;0.22779848508904882;0.45489179262040402;0;0.5;-0.12375587532187762;0.49999999999999977;0.873504977992186;0.26372526113464942
0;2.6;-0.4788881206596986;0.12977066268035689;0;-0.17993617715612398;-0.47328290945713064;0;0.5;-0.12374823962165113;0.49999999999999978;0.87412141549448164;0.26492957532627657
1;2.6;0.4788881206596986;-0.12977066268035689;0;0.17993617715612398;0.47328290945713064;0;0.5;-0.12374823962165113;0.49999999999999978;0.87412141549448164;0.26492957532627657
0;2.7;-0.49198079005112622;0.081114296795312457;0;-0.13092669391427639;-0.48656365885044428;0;0.5;-0.12374754043961893;0.49999999999999974;0.87474415545037089;0.26615829721527861
1;2.7;0.49198079005112622;-0.081114296795312457;0;0.13092669391427639;0.48656365885044428;0;0.5;-0.12374754043961893;0.49999999999999974;0.87474415545037089;0.26615829721527861
0;2.8;-0.50011277111412977;0.031640047867844731;0;-0.081319810630035516;-0.49474248927467729;0;0.5;-0.12375339482036617;0.49999999999999976;0.87536650848415637;0.26739858199427653
1;2.8;0.50011277111412977;-0.031640047867844731;0;0.081319810630035516;0.49474248927467729;0;0.5;-0.12375339482036617;0.49999999999999976;0.87536650848415637;0.26739858199427653
0;2.9;-0.5032768631093012;-0.018148498668056758;0;-0.031640919951714301;-0.4978854653590149;0;0.5;-0.12376536337074019;0.49999999999999978;0.87598218428837369;0.26863786650338438
1;2.9;0.5032768631093012;0.018148498668056758;0;0.031640919951714301;0.4978854653590149;0;0.5;-0.12376536337074019;0.49999999999999978;0.87598218428837369;0.26863786650338438
0;3;-0.50151546425610316;-0.067759428725527482;0;0.017613988531980138;-0.4961093005747072;0;0.5;-0.12378296964330377;0.49999999999999975;0.87658533707313809;0.26986399008760601
1;3;0.50151546425610316;0.067759428725527482;0;-0.017613988531980138;0.4961093005747072;0;0.5;-0.12378296964330377;0.49999999999999975;0.87658533707313809;0.26986399008760601
0;3.1;-0.49491727994193174;-0.11671686384004638;0;0.06598184314171425;-0.48957435114518905;0;0.5;-0.12380571715118892;0.49999999999999976;0.87717059284082914;0.27106529622103884
1;3.1;0.49491727994193174;0.11671686384004638;0;-0.06598184314171425;0.48957435114518905;0;0.5;-0.12380571715118892;0.49999999999999976;0.87717059284082914;0.27106529622103884
0;3.2;-0.48361381364502559;-0.16456464734455822;0;0.11303466296906176;-0.47847783504511854;0;0.5;-0.12383310370500215;0.49999999999999979;0.87773306111133587;0.27223071586474129
1;3.2;0.48361381364502559;0.16456464734455822;0;-0.11303466296906176;0.47847783504511854;0;0.5;-0.12383310370500215;0.49999999999999979;0.87773306111133587;0.27223071586474129
0;3.3;-0.46777575553946399;-0.21086939489602627;0;0.15838058105561628;-0.46304747551468034;0;0.5;-0.12386463298329242;0.49999999999999979;0.87826833388973059;0.27334983400789637
1;3.3;0.46777575553946399;0.21086939489602627;0;-0.15838058105561628;0.46304747551468034;0;0.5;-0.12386463298329242;0.49999999999999979;0.87826833388973059;0.27334983400789637
0;3.4;-0.44760936337979368;-0.25522296568792674;0;0.20166392159670324;-0.4435357079190046;0;0.5;-0.12389982341658907;0.4999999999999998;0.87877247464231892;0.27441294115912981
1;3.4;0.44760936337979368;0.25522296568792674;0;-0.20166392159670324;0.4435357079190046;0;0.5;-0.12389982341658907;0.4999999999999998;0.87877247464231892;0.27441294115912981
0;3.5;-0.4233529100999418;-0.2972444192044969;0;0.24256453279851878;-0.42021453516570151;0;0.5;-0.1239382145822337;0.49999999999999984;0.87924199988293294;0.27541107172880645
1;3.5;0.4233529100999418;0.2972444192044969;0;-0.24256453279851878;0.42021453516570151;0;0.5;-0.1239382145822337;0.49999999999999984;0.87924199988293294;0.27541107172880645
0;3.6;-0.39527325357073473;-0.33658152639382188;0;0.28079656529207075;-0.39337107189324988;0;0.5;-0.12397937137889277;0.49999999999999985;0.8796738557187629;0.27633603129958687
1;3.6;0.39527325357073473;0.33658152639382188;0;-0.28079656529207075;0.39337107189324988;0;0.5;-0.12397937137889277;0.49999999999999985;0.8796738557187629;0.27633603129958687
0;3.7;-0.36366256676038738;-0.37291190456459383;0;0.31610686810347333;-0.36330378170771965;0;0.5;-0.1240228862839351;0.4999999999999998;0.88006539140565506;0.27718041474755523
1;3.7;0.36366256676038738;0.37291190456459383;0;-0.31610686810347333;0.36330378170771965;0;0.5;-0.1240228862839351;0.4999999999999998;0.88006539140565506;0.27718041474755523
0;3.8;-0.32883525146076725;-0.4059438430117035;0;0.34827315299620115;-0.33031938447109693;0;0.5;-0.12406838000269845;0.49999999999999978;0.88041433164909173;0.27793761707406427
1;3.8;0.32883525146076725;0.4059438430117035;0;-0.34827315299620115;0.33031938447109693;0;0.5;-0.12406838000269845;0.49999999999999978;0.88041433164909173;0.27793761707406427
0;3.9;-0.29112504588192151;-0.43541688212021978;0;0.37710205578845729;-0.29473039108516264;0;0.5;-0.12411550080455505;0.49999999999999979;0.88071874908237117;0.27860183866016535
1;3.9;0.29112504588192151;0.43541688212021978;0;-0.37710205578845729;0.29473039108516264;0;0.5;-0.12411550080455505;0.49999999999999979;0.88071874908237117;0.27860183866016535
0;4;-0.25088232571906538;-0.46110220313408257;0;0.40242720162856105;-0.25685321013862772;0;0.5;-0.12416392281400833;0.49999999999999981;0.88097703807307321;0.27916808647841265
1;4;0.25088232571906538;0.46110220313408257;0;-0.40242720162856105;0.25685321013862772;0;0.5;-0.12416392281400833;0.49999999999999981;0.88097703807307321;0.27916808647841265
0;4.1;-0.20847158959467679;-0.48280287942087158;0;0.42410736124388576;-0.21700676286788995;0;0.5;-0.12421334349182541;0.4999999999999998;0.88118789076128754;0.27963217260438626
1;4.1;0.20847158959467679;0.48280287942087158;0;-0.42410736124388576;0.21700676286788995;0;0.5;-0.12421334349182541;0.4999999999999998;0.88118789076128754;0.27963217260438626
0;4.2;-0.16426911284849408;-0.50035403330482642;0;0.44202476746182723;-0.17551153883954856;0;0.5;-0.12426348050602292;0.49999999999999982;0.88135027602165199;0.27999071117225499
1;4.2;0.16426911284849408;0.50035403330482642;0;-0.44202476746182723;0.17551153883954856;0;0.5;-0.12426348050602292;0.49999999999999982;0.88135027602165199;0.27999071117225499
0;4.3;-0.11866074824142529;-0.51362293564818018;0;0.45608364607068785;-0.13268902343353783;0;0.5;-0.12431406815870284;0.49999999999999981;0.88146342186554344;0.28024111472165741
1;4.3;0.11866074824142529;0.51362293564818018;0;-0.45608364607068785;0.13268902343353783;0;0.5;-0.12431406815870284;0.49999999999999981;0.88146342186554344;0.28024111472165741
0;4.4;-0.072039848010122295;-0.52250907850724837;0;0.46620900231302992;-0.08886142859068151;0;0.5;-0.12436485350453987;0.49999999999999984;0.88152680165668927;0.28038159069096435
1;4.4;0.072039848010122295;0.52250907850724837;0;-0.46620900231302992;0.08886142859068151;0;0.5;-0.12436485350453987;0.49999999999999984;0.88152680165668927;0.28038159069096435
0;4.5;-0.024805278633656488;-0.52694424446389021;0;0.47234569376465807;-0.044351659566418657;0;0.5;-0.12441559227160465;0.49999999999999979;0.88154012439820866;0.28041113862625919
1;4.5;0.024805278633656488;0.52694424446389021;0;-0.47234569376465807;0.044351659566418657;0;0.5;-0.12441559227160465;0.49999999999999979;0.88154012439820866;0.28041113862625919
0;4.6;0.02264050253670339;-0.52689258965955232;0;0.4744578117035988;0.00051654804337841276;0;0.5;-0.1244660446760236;0.49999999999999972;0.88150332925578354;0.28032954849611509
1;4.6;-0.02264050253670339;0.52689258965955232;0;-0.4744578117035988;-0.00051654804337841276;0;0.5;-0.1244660446760236;0.49999999999999972;0.88150332925578354;0.28032954849611509
0;4.7;0.069893341125649919;-0.5223507511142983;0;0.47252838588946533;0.0454183854525404;0;0.5;-0.12451597120918173;0.49999999999999974;0.88141658440384204;0.28013740032821708
1;4.7;-0.069893341125649919;0.5223507511142983;0;-0.47252838588946533;-0.0454183854525404;0;0.5;-0.12451597120918173;0.49999999999999974;0.88141658440384204;0.28013740032821708
0;4.8;0.11654928327360738;-0.51334798253956426;0;0.46655942147957452;0.090027685747339811;0;0.5;-0.12456512846996903;0.49999999999999968;0.88128029021254997;0.27983606521302385
1;4.8;-0.11654928327360738;0.51334798253956426;0;-0.46655942147957452;-0.090027685747339811;0;0.5;-0.12456512846996903;0.49999999999999968;0.88128029021254997;0.27983606521302385
0;4.9;0.16220651038366565;-0.49994631647325238;0;0.45657227110058268;0.13401666066311857;0;0.5;-0.12461326511498539;0.49999999999999966;0.88109508672615666;0.27942770754949755
1;4.9;-0.16220651038366565;0.49994631647325238;0;-0.45657227110058268;-0.13401666066311857;0;0.5;-0.12461326511498539;0.49999999999999966;0.88109508672615666;0.27942770754949755
0;5;0.20646734431906749;-0.48224074409413831;0;0.44260833935401828;0.17705572379114085;0;0.5;-0.12466011800657284;0.49999999999999968;0.8808618653109136;0.27891528823586765
1;5;-0.20646734431906749;0.48224074409413831;0;-0.44260833935401828;-0.17705572379114085;0;0.5;-0.12466011800657284;0.49999999999999968;0.8808618653109136;0.27891528823586765
0;5.1;0.24894035539260942;-0.46035939742948162;0;0.42473011073541922;0.21881346664656684;0;0.5;-0.12470540865182337;0.49999999999999966;0.88058178426652837;0.27830256833211402
1;5.1;-0.24894035539260942;0.46035939742948162;0;-0.42473011073541922;-0.21881346664656684;0;0.5;-0.12470540865182337;0.49999999999999966;0.88058178426652837;0.27830256833211402
0;5.2;0.28924260384937311;-0.43446371179336168;0;0.40302248456763695;0.25895685636119958;0;0.5;-0.12474884004493668;0.49999999999999969;0.88025628809228746;0.27759411253862767
1;5.2;-0.28924260384937311;0.43446371179336168;0;-0.40302248456763695;-0.25895685636119958;0;0.5;-0.12474884004493668;0.49999999999999969;0.88025628809228746;0.27759411253862767
0;5.3;0.32700204300777713;-0.40474853915413295;0;0.37759439158404007;0.29715172639228737;0;0.5;-0.1247900940498121;0.49999999999999966;0.87988712997135121;0.27679529164661671
1;5.3;-0.32700204300777713;0.40474853915413295;0;-0.37759439158404007;-0.29715172639228737;0;0.5;-0.1247900940498121;0.49999999999999966;0.87988712997135121;0.27679529164661671
0;5.4;0.3618601085858088;-0.37144217574620264;0;0.34858065578031694;0.33306363407930328;0;0.5;-0.12482882948846942;0.49999999999999966;0.87947639687884957;0.2759122829209769
1;5.4;-0.3618601085858088;0.37144217574620264;0;-0.34858065578031694;-0.33306363407930328;0;0.5;-0.12482882948846942;0.49999999999999966;0.87947639687884957;0.2759122829209769
0;5.5;0.39347451375482312;-0.33480625969867395;0;0.31614405169014337;0.36635916047528677;0;0.5;-0.12486468113212051;0.49999999999999963;0.87902653652718153;0.27495206717815964
1;5.5;-0.39347451375482312;0.33480625969867395;0;-0.31614405169014337;-0.36635916047528677;0;0.5;-0.12486468113212051;0.49999999999999963;0.87902653652718153;0.27495206717815964
0;5.6;0.42152226286056826;-0.29513548692108821;0;0.28047749105745146;0.39670772777585739;0;0.5;-0.12489725982294063;0.49999999999999963;0.87854038513335394;0.27392242112510215
1;5.6;-0.42152226286056826;0.29513548692108821;0;-0.28047749105745146;-0.39670772777585739;0;0.5;-0.12489725982294063;0.49999999999999963;0.87854038513335394;0.27392242112510215
0;5.7;0.44570288824982479;-0.25275708623957016;0;0.24180625389256521;0.42378400681518036;0;0.5;-0.12492615398227859;0.49999999999999965;0.8780211947294594;0.27283190333854604
1;5.7;-0.44570288824982479;0.25275708623957016;0;-0.24180625389256521;-0.42378400681518036;0;0.5;-0.12492615398227859;0.49999999999999965;0.8780211947294594;0.27283190333854604
0;5.8;0.46574190398008414;-0.20802998821426685;0;0.20039015730259324;0.44727098025303319;0;0.5;-0.12495093278043018;0.49999999999999969;0.87747265844409829;0.27168983209852208
1;5.8;-0.46574190398008414;0.20802998821426685;0;-0.20039015730259324;-0.44727098025303319;0;0.5;-0.12495093278043018;0.49999999999999969;0.87747265844409829;0.27168983209852208
0;5.9;0.48139445716493184;-0.16134361672907893;0;0.15652553184847731;0.46686371485187911;0;0.5;-0.12497115124812302;0.49999999999999967;0.87689893187120697;0.27050625316066441
1;5.9;-0.48139445716493184;0.16134361672907893;0;-0.15652553184847731;-0.46686371485187911;0;0.5;-0.12497115124812302;0.49999999999999967;0.87689893187120697;0.27050625316066441
0;6;0.49244914222135172;-0.11311622901064897;0;0.11054685056419891;0.4822738771842997;0;0.5;-0.12498635759325633;0.49999999999999966;0.87630464833226027;0.26929189547846732
1;6;-0.49244914222135172;0.11311622901064897;0;-0.11054685056419891;-0.4822738771842997;0;0.5;-0.12498635759325633;0.49999999999999966;0.87630464833226027;0.26929189547846732
0;6.1;0.49873192540545197;-0.063792729026552725;0;0.062827831841002338;0.49323499984096236;0;0.5;-0.12499610294011635;0.49999999999999968;0.87569492555571455;0.26805811289129277
1;6.1;-0.49873192540545197;0.063792729026552725;0;-0.062827831841002338;-0.49323499984096236;0;0.5;-0.12499610294011635;0.49999999999999968;0.87569492555571455;0.26805811289129277
0;6.2;0.50011010705321857;-0.013841882163597292;0;0.013781816477665781;0.49950846862955434;0;0.5;-0.12499995362408647;0.49999999999999972;0.87507536108069555;0.26681680990220407
1;6.2;-0.50011010705321857;0.013841882163597292;0;-0.013781816477665781;-0.49950846862955434;0;0.5;-0.12499995362408647;0.49999999999999972;0.87507536108069555;0.26681680990220407
0;6.3;0.496496227491317;0.036247133318714479;0;-0.036138795619015764;0.50089015482311772;0;0.5;-0.12499750604581152;0.49999999999999977;0.87445201358602221;0.26558034990780235
1;6.3;-0.496496227491317;-0.036247133318714479;0;0.036138795619015764;-0.50089015482311772;0;0.5;-0.12499750604581152;0.49999999999999977;0.87445201358602221;0.26558034990780235
0;6.4;0.48785180062697953;0.085968889376601562;0;-0.086444268643374608;0.49721756057887079;0;0.5;-0.12498840391079362;0.49999999999999977;0.8738313674031402;0.26436144463477043
1;6.4;-0.48785180062697953;-0.085968889376601562;0;0.086444268643374608;-0.49721756057887079;0;0.5;-0.12498840391079362;0.49999999999999977;0.8738313674031402;0.26436144463477043
0;6.5;0.47419073815358126;0.13480661755724435;0;-0.13661062473398281;0.48837728180642798;0;0.5;-0.12497235745451035;0.4999999999999998;0.87322027774725632;0.26317302410410526
1;6.5;-0.47419073815358126;-0.13480661755724435;0;0.13661062473398281;-0.48837728180642798;0;0.5;-0.12497235745451035;0.4999999999999998;0.87322027774725632;0.26317302410410526
0;6.6;0.45558230892072021;0.18223786997824817;0;-0.18608429232861046;0.47431252421003833;0;0.5;-0.12494916398779808;0.49999999999999981;0.87262589474519621;0.26202808719365194
1;6.6;-0.45558230892072021;-0.18223786997824817;0;0.18608429232861046;-0.47431252421003833;0;0.5;-0.12494916398779808;0.49999999999999981;0.87262589474519621;0.26202808719365194
0;6.7;0.43215346447209158;0.22774090397607991;0;-0.2342884444862863;0.45503033997831721;0;0.5;-0.12491872881032901;0.49999999999999983;0.87205556518745669;0.26093953379747832
1;6.7;-0.43215346447209158;-0.22774090397607991;0;0.2342884444862863;-0.45503033997831721;0;0.5;-0.12491872881032901;0.49999999999999983;0.87205556518745669;0.26093953379747832
0;6.8;0.4040903554317174;0.2708017231262817;0;-0.28063109040374157;0.43060819150201768;0;0.5;-0.12488108525996752;0.49999999999999982;0.87151671209634955;0.25991998066229889
1;6.8;-0.4040903554317174;-0.2708017231262817;0;0.28063109040374157;-0.43060819150201768;0;0.5;-0.12488108525996752;0.49999999999999982;0.87151671209634955;0.25991998066229889
0;6.9;0.37163886670148455;0.31092166342161326;0;-0.32451488730232869;0.40119940295331574;0;0.5;-0.12483641243091034;0.49999999999999979;0.87101669365564032;0.25898156416879646
1;6.9;-0.37163886670148455;-0.31092166342161326;0;0.32451488730232869;-0.40119940295331574;0;0.5;-0.12483641243091034;0.49999999999999979;0.87101669365564032;0.25898156416879646
0;7;0.33510401439919313;0.34762536739740119;0;-0.36534852302291398;0.3670370397578791;0;0.5;-0.12478504894879388;0.4999999999999998;0.8705626447165699;0.25813573454677209
1;7;-0.33510401439919313;-0.34762536739740119;0;0.36534852302291398;-0.3670370397578791;0;0.5;-0.12478504894879388;0.4999999999999998;0.8705626447165699;0.25813573454677209
0;7.1;0.29484807552532416;0.38046894427539418;0;-0.40255938873868963;0.32843576877992986;0;0.5;-0.12472750118206997;0.49999999999999982;0.87016130585644744;0.25739304717217443
1;7.1;-0.29484807552532416;-0.38046894427539418;0;0.40255938873868963;-0.32843576877992986;0;0.5;-0.12472750118206997;0.49999999999999982;0.87016130585644744;0.25739304717217443
0;7.2;0.25128736285724179;0.40904807481330796;0;-0.4356071266808238;0.28579130537913777;0;0.5;-0.12466444443369675;0.49999999999999984;0.86981884664792455;0.25676295757910587
1;7.2;-0.25128736285724179;-0.40904807481330796;0;0.4356071266808238;-0.28579130537913777;0;0.5;-0.12466444443369675;0.49999999999999984;0.86981884664792455;0.25676295757910587
0;7.3;0.20488761151429119;0.43300578988857819;0;-0.46399751342950601;0.23957715075270253;0;0.5;-0.12459671601555381;0.49999999999999981;0.8695406911960154;0.25625362751280564
1;7.3;-0.20488761151429119;-0.43300578988857819;0;0.46399751342950601;-0.23957715075270253;0;0.5;-0.12459671601555381;0.49999999999999981;0.8695406911960154;0.25625362751280564
0;7.4;0.15615800743230043;0.45203963612602083;0;-0.48729604081990763;0.1903384623744262;0;0.5;-0.12452529965301165;0.49999999999999984;0.86933135490541991;0.25587174964100446
1;7.4;-0.15615800743230043;-0.45203963612602083;0;0.48729604081990763;-0.1903384623744262;0;0.5;-0.12452529965301165;0.49999999999999984;0.86933135490541991;0.25587174964100446
0;7.5;0.10564395750137211;0.46590794352556536;0;-0.50514049930928329;0.13868307399544541;0;0.5;-0.12445130135927368;0.49999999999999985;0.86919430166910954;0.25562239834707689
1;7.5;-0.10564395750137211;-0.46590794352556536;0;0.50514049930928329;-0.13868307399544541;0;0.5;-0.12445130135927368;0.49999999999999985;0.86919430166910954;0.25562239834707689
0;7.6;0.053918770961819518;0.47443493108061874;0;-0.51725186539552592;0.08526987555053378;0;0.5;-0.12437591768693123;0.49999999999999981;0.86913183010002213;0.25550891330687963
1;7.6;-0.053918770961819518;-0.47443493108061874;0;0.51725186539552592;-0.08526987555053378;0;0.5;-0.12437591768693123;0.49999999999999981;0.86913183010002213;0.25550891330687963
0;7.7;0.0015744857036754322;0.47751442692457502;0;-0.52344285258144085;0.030794958439562755;0;0.5;-0.12430039801205886;0.49999999999999981;0.86914499603489017;0.25553282131365532
1;7.7;-0.0015744857036754322;-0.47751442692457502;0;0.52344285258144085;-0.030794958439562755;0;0.5;-0.12430039801205886;0.49999999999999981;0.86914499603489017;0.25553282131365532
0;7.8;-0.050787874714891115;0.47511203757227138;0;-0.52362360418566545;-0.024023893523036379;0;0.5;-0.12422600312965911;0.49999999999999979;0.86923357640807301;0.25569380013235748
1;7.8;0.050787874714891115;-0.47511203757227138;0;0.52362360418566545;0.024023893523036379;0;0.5;-0.12422600312965911;0.49999999999999979;0.86923357640807301;0.25569380013235748
0;7.9;-0.10256829245613458;0.46726567221732229;0;-0.51780417741243467;-0.078463653549490725;0;0.5;-0.12415396284433506;0.49999999999999977;0.8693960769181934;0.25598968616141691
1;7.9;0.10256829245613458;-0.46726567221732229;0;0.51780417741243467;0.078463653549490725;0;0.5;-0.12415396284433506;0.49999999999999977;0.8693960769181934;0.25598968616141691
0;8;-0.15317765997881622;0.45408440701688191;0;-0.50609367522681625;-0.13181265200440398;0;0.5;-0.12408543536237834;0.49999999999999979;0.86962978297056125;0.25641652552281979
1;8;0.15317765997881622;-0.45408440701688191;0;0.50609367522681625;0.13181265200440398;0;0.5;-0.12408543536237834;0.49999999999999979;0.86962978297056125;0.25641652552281979
0;8.1;-0.20204727037607337;0.43574575409579724;0;-0.48869610397257152;-0.18338652921084647;0;0.5;-0.12402147111020822;0.49999999999999977;0.86993085049541706;0.25696866607724269
1;8.1;0.20204727037607337;-0.43574575409579724;0;0.48869610397257152;0.18338652921084647;0;0.5;-0.12402147111020822;0.49999999999999977;0.86993085049541706;0.25696866607724269
0;8.2;-0.24863759501738583;0.4124914738134754;0;-0.46590324641312475;-0.23254280282321876;0;0.5;-0.1239629831467897;0.49999999999999979;0.87029443072837413;0.25763888595232638
1;8.2;0.24863759501738583;-0.4124914738134754;0;0.46590324641312475;0.23254280282321876;0;0.5;-0.1239629831467897;0.49999999999999979;0.87029443072837413;0.25763888595232638
0;8.3;-0.29244609699024748;0.38462213066297873;0;-0.43808501972861635;-0.27869343150496678;0;0.5;-0.12391072567428935;0.49999999999999981;0.87071482114872587;0.25841855263308557
1;8.3;0.29244609699024748;-0.38462213066297873;0;0.43808501972861635;0.27869343150496678;0;0.5;-0.12391072567428935;0.49999999999999981;0.87071482114872587;0.25841855263308557
0;8.4;-0.33301388886965783;0.35249063857689267;0;-0.40567791879410342;-0.32131492086086078;0;0.5;-0.12386528137950673;0.49999999999999982;0.87118563366158293;0.25929780560108007
1;8.4;0.33301388886965783;-0.35249063857689267;0;0.40567791879410342;0.32131492086086078;0;0.5;-0.12386528137950673;0.49999999999999982;0.87118563366158293;0.25929780560108007
0;8.5;-0.36993111057141997;0.31649506797607346;0;-0.3691722170176216;-0.35995570600819199;0;0.5;-0.12382705756438994;0.49999999999999981;0.87169997082679024;0.26026575497316747
1;8.5;0.36993111057141997;-0.31649506797607346;0;0.3691722170176216;0.35995570600819199;0;0.5;-0.12382705756438994;0.49999999999999981;0.87169997082679024;0.26026575497316747
0;8.6;-0.40284097142723407;0.2770709943186071;0;-0.32909860855814094;-0.39424073657466346;0;0.5;-0.12379629034172111;0.49999999999999978;0.87225060141938286;0.26131068857322989
1;8.6;0.40284097142723407;-0.2770709943186071;0;0.32909860855814094;0.39424073657466346;0;0.5;-0.12379629034172111;0.49999999999999978;0.87225060141938286;0.26131068857322989
0;8.7;-0.43144246470690184;0.23468365780338415;0;-0.28601493279667772;-0.4238733651522294;0;0.5;-0.12377305565041936;0.49999999999999976;0.87283012770656549;0.26242028031281493
1;8.7;0.43144246470690184;-0.23468365780338415;0;0.28601493279667772;0.4238733651522294;0;0.5;-0.12377305565041936;0.49999999999999976;0.87283012770656549;0.26242028031281493
0;8.8;-0.45549181831051211;0.18982017932857262;0;-0.24049353603610288;-0.44863478474811536;0;0.5;-0.12375728551909386;0.49999999999999972;0.87343113834772879;0.2635817935644768
1;8.8;0.45549181831051211;-0.18982017932857262;0;0.24049353603610288;0.44863478474811536;0;0.5;-0.12375728551909386;0.49999999999999972;0.87343113834772879;0.2635817935644768
0;8.9;-0.47480278943002918;0.14298204274421678;0;-0.19310971119517081;-0.46838136584355855;0;0.5;-0.12374878787875884;0.49999999999999973;0.87404634255528552;0.26478227427052133
1;8.9;0.47480278943002918;-0.14298204274421678;0;0.19310971119517081;0.46838136584355855;0;0.5;-0.12374878787875884;0.49999999999999973;0.87404634255528552;0.26478227427052133
0;9;-0.48924594232327406;0.094678012089323887;0;-0.14443152893244904;-0.48304030654892893;0;0.5;-0.12374726827160519;0.4999999999999997;0.87466868290048065;0.26600872972239932
1;9;0.48924594232327406;-0.094678012089323887;0;0.14443152893244904;0.48304030654892893;0;0.5;-0.12374726827160519;0.4999999999999997;0.87466868290048065;0.26600872972239932
0;9.1;-0.49874706700562232;0.045417608849151823;0;-0.095011246823482595;-0.49260403240172063;0;0.5;-0.12375235198105986;0.49999999999999972;0.87529142575392171;0.26724829016491417
1;9.1;0.49874706700562232;-0.045417608849151823;0;0.095011246823482595;0.49260403240172063;0;0.5;-0.12375235198105986;0.49999999999999972;0.87529142575392171;0.26724829016491417
0;9.2;-0.5032849037662076;-0.0042947683159793044;0;-0.045378367605852461;-0.49712377165131127;0;0.5;-0.12376360537095387;0.49999999999999976;0.87590822970906043;0.26848835153684897
1;9.2;0.5032849037662076;0.0042947683159793044;0;0.045378367605852461;0.49712377165131127;0;0.5;-0.12376360537095387;0.49999999999999976;0.87590822970906043;0.26848835153684897
0;9.3;-0.50288833578779235;-0.053965037869750161;0;0.0039656797841526566;-0.49670269553770857;0;0.5;-0.12378055552223228;0.49999999999999976;0.87651319339222779;0.26971669869168663
1;9.3;0.50288833578779235;0.053965037869750161;0;-0.0039656797841526566;0.49670269553770857;0;0.5;-0.12378055552223228;0.49999999999999976;0.87651319339222779;0.26971669869168663
0;9.4;-0.49763320198362365;-0.10311393384986529;0;0.052551338041686983;-0.49148895980115137;0;0.5;-0.12380270755582789;0.49999999999999973;0.87710088480288399;0.27092160930943913
1;9.4;0.49763320198362365;0.10311393384986529;0;-0.052551338041686983;0.49148895980115137;0;0.5;-0.12380270755582789;0.49999999999999973;0.87710088480288399;0.27092160930943913
0;9.5;-0.48763886671019274;-0.15128082600697432;0;0.099943352734309321;-0.48166892157109026;0;0.5;-0.1238295593022656;0.49999999999999975;0.87766635477345307;0.27209193939596936
1;9.5;0.48763886671019274;0.15128082600697432;0;-0.099943352734309321;0.48166892157109026;0;0.5;-0.1238295593022656;0.49999999999999975;0.87766635477345307;0.27209193939596936
0;9.6;-0.4730646643567592;-0.19802690017322228;0;0.14574202353433524;-0.46746074166247964;0;0.5;-0.12386061320552267;0.49999999999999974;0.87820513733178441;0.27321719177019958
1;9.6;0.4730646643567592;0.19802690017322228;0;-0.14574202353433524;0.46746074166247964;0;0.5;-0.12386061320552267;0.49999999999999974;0.87820513733178441;0.27321719177019958
0;9.7;-0.45410631672960522;-0.24293775229927742;0;0.1895834762715401;-0.44910852126055129;0;0.5;-0.12389538552356308;0.49999999999999977;0.87871323974372853;0.27428756927578379
1;9.7;0.45410631672960522;0.24293775229927742;0;-0.1895834762715401;0.44910852126055129;0;0.5;-0.12389538552356308;0.49999999999999977;0.87871323974372853;0.27428756927578379
0;9.8;-0.43099240104666048;-0.28562545903887093;0;0.23113915682944769;-0.42687706739593545;0;0.5;-0.12393341301115065;0.4999999999999998;0.87918712486317859;0.27529401464378945
1;9.8;0.43099240104666048;0.28562545903887093;0;-0.23113915682944769;0.42687706739593545;0;0.5;-0.12393341301115065;0.4999999999999998;0.87918712486317859;0.27529401464378945
0;9.9;-0.40398092725921719;-0.32573019257516772;0;0.27011473787443263;-0.40104733536296783;0;0.5;-0.1239742573473191;0.49999999999999976;0.87962368817267274;0.27622823900220919
1;9.9;0.40398092725921719;0.32573019257516772;0;-0.27011473787443263;0.40104733536296783;0;0.5;-0.1239742573473191;0.49999999999999976;0.87962368817267274;0.27622823900220919
0;10;-0.37335606599300514;-0.36292144846960334;0;0.30624861266212067;-0.37191255894435638;0;0.5;-0.12401750760822184;0.49999999999999974;0.88002023160203409;0.27708274100287511
1;10;0.37335606599300514;0.36292144846960334;0;-0.30624861266212067;0.37191255894435638;0;0.5;-0.12401750760822184;0.49999999999999974;0.88002023160203409;0.27708274100287511
0;10.1;-0.33942505302417841;-0.39689895353992449;0;0.33931012968826718;-0.33977505070321173;0;0.5;-0.12406278109490185;0.49999999999999972;0.88037443589913429;0.27785081844112326
1;10.1;0.33942505302417841;0.39689895353992449;0;-0.33931012968826718;0.33977505070321173;0;0.5;-0.12406278109490185;0.49999999999999972;0.88037443589913429;0.27785081844112326
0;10.2;-0.30251528301562125;-0.42739331692289806;0;0.36909770008557163;-0.30494363382973544;0;0.5;-0.12410972281340096;0.49999999999999977;0.88068433302011622;0.27852657409986033
1;10.2;0.30251528301562125;0.42739331692289806;0;-0.36909770008557163;0.30494363382973544;0;0.5;-0.12410972281340096;0.49999999999999977;0.88068433302011622;0.27852657409986033
0;10.3;-0.26297159420297911;-0.45416648221312816;0;0.39543688812642147;-0.26773165290230094;0;0.5;-0.12415800387912493;0.49999999999999977;0.88094827972246977;0.27910491737530023
1;10.3;0.26297159420297911;0.45416648221312816;0;-0.39543688812642147;0.26773165290230094;0;0.5;-0.12415800387912493;0.49999999999999977;0.88094827972246977;0.27910491737530023
0;10.4;-0.22115373669114347;-0.47701203242689988;0;0.41817857511835643;-0.22845550213771712;0;0.5;-0.1242073190846721;0.49999999999999976;0.88116493329250451;0.27958156305046421
1;10.4;0.22115373669114347;0.47701203242689988;0;-0.41817857511835643;0.22845550213771712;0;0.5;-0.1242073190846721;0.49999999999999976;0.88116493329250451;0.27958156305046421
0;10.5;-0.1774340097869245;-0.49575539292484389;0;0.43719726904218964;-0.18743360497943987;0;0.5;-0.12425738383518447;0.49999999999999977;0.88133323012291616;0.27995302838478075
1;10.5;0.1774340097869245;0.49575539292484389;0;-0.43719726904218964;0.18743360497943987;0;0.5;-0.12425738383518447;0.49999999999999977;0.88133323012291616;0.27995302838478075
0;10.6;-0.13219504810940913;-0.51025397062784839;0;0.45238961677515382;-0.14498577703004548;0;0.5;-0.12430793062115466;0.49999999999999971;0.88145236767623657;0.28021662949070681
1;10.6;0.13219504810940913;0.51025397062784839;0;-0.45238961677515382;0.14498577703004548;0;0.5;-0.12430793062115466;0.49999999999999971;0.88145236767623657;0.28021662949070681
0;10.7;-0.085827731841845889;-0.52039726106342388;0;0.46367316267563241;-0.10143290435575508;0;0.5;-0.1243587051678957;0.49999999999999967;0.88152179022316298;0.28037047777536614
1;10.7;0.085827731841845889;0.52039726106342388;0;-0.46367316267563241;0.10143290435575508;0;0.5;-0.1243587051678957;0.49999999999999967;0.88152179022316298;0.28037047777536614
0;10.8;-0.038729193192353704;-0.52610694808646497;0;0.47098538649492183;-0.057096870230411281;0;0.5;-0.12440946237509648;0.49999999999999965;0.88154117862643355;0.28041347703865958
1;10.8;0.038729193192353704;0.52610694808646497;0;-0.47098538649492183;0.057096870230411281;0;0.5;-0.12440946237509648;0.49999999999999965;0.88154117862643355;0.28041347703865958
0;10.9;0.008699111277911082;-0.52733701456362403;0;0.47428304470264787;-0.012300664771590881;0;0.5;-0.12445996213994981;0.49999999999999963;0.88151044434528503;0.28034532163930843
1;10.9;-0.008699111277911082;0.52733701456362403;0;-0.47428304470264787;0.012300664771590881;0;0.5;-0.12445996213994981;0.49999999999999963;0.88151044434528503;0.28034532163930843
0;11;0.056053294473494039;-0.52407387587790466;0;0.47354183195582961;0.032631386857193245;0;0.5;-0.12450996514376074;0.49999999999999958;0.88142972775619234;0.28016649596572477
1;11;-0.056053294473494039;0.52407387587790466;0;-0.47354183195582961;-0.032631386857193245;0;0.5;-0.12450996514376074;0.49999999999999958;0.88142972775619234;0.28016649596572477
0;11.1;0.10292893178774599;-0.51633654174711396;0;0.4687563731425195;0.077373341307906893;0;0.5;-0.12455922867493327;0.49999999999999958;0.88129940081581108;0.27987827527749234
1;11.1;-0.10292893178774599;0.51633654174711396;0;-0.4687563731425195;-0.077373341307906893;0;0.5;-0.12455922867493327;0.49999999999999958;0.88129940081581108;0.27987827527749234
0;11.2;0.14892298685694791;-0.50417680548148458;0;0.45994055069201906;0.12159736265629417;0;0.5;-0.12460750256085065;0.49999999999999963;0.88112007402494122;0.27948272781312907
1;11.2;-0.14892298685694791;0.50417680548148458;0;-0.45994055069201906;-0.12159736265629417;0;0.5;-0.12460750256085065;0.49999999999999963;0.88112007402494122;0.27948272781312907
0;11.3;0.19363580347179613;-0.48767945334734869;0;0.44712816614848211;0.16497352134135904;0;0.5;-0.12465452528733368;0.49999999999999963;0.88089260758098229;0.27898271788810405
1;11.3;-0.19363580347179613;0.48767945334734869;0;-0.44712816614848211;-0.16497352134135904;0;0.5;-0.12465452528733368;0.49999999999999963;0.88089260758098229;0.27898271788810405
0;11.4;0.23667319635455381;-0.46696248007320967;0;0.43037392882757691;0.20716973274139019;0;0.5;-0.12470002039689249;0.49999999999999964;0.88061812652389807;0.27838190953141627
1;11.4;-0.23667319635455381;0.46696248007320967;0;-0.43037392882757691;-0.20716973274139019;0;0.5;-0.12470002039689249;0.49999999999999964;0.88061812652389807;0.27838190953141627
0;11.5;0.27764867207366184;-0.44217728966559788;0;0.4097547571910804;0.24785190407611779;0;0.5;-0.12474369327552255;0.49999999999999961;0.88029803958046988;0.27768477002759827
1;11.5;-0.27764867207366184;0.44217728966559788;0;-0.4097547571910804;-0.24785190407611779;0;0.5;-0.12474369327552255;0.49999999999999961;0.88029803958046988;0.27768477002759827
0;11.6;0.31618580906055316;-0.41350885355813927;0;0.38537136986891324;0.28668436107458634;0;0.5;-0.12478522846171209;0.4999999999999996;0.87993406128729707;0.27689657254291911
1;11.6;-0.31618580906055316;0.41350885355813927;0;-0.38537136986891324;-0.28668436107458634;0;0.5;-0.12478522846171209;0.4999999999999996;0.87993406128729707;0.27689657254291911
0;11.7;0.35192082231578758;-0.38117579070715846;0;0.35735013255234438;0.32333062850980793;0;0.5;-0.12482428763960811;0.49999999999999959;0.87952823681904173;0.27602339682033579
1;11.7;-0.35192082231578758;0.38117579070715846;0;-0.35735013255234438;-0.32333062850980793;0;0.5;-0.12482428763960811;0.49999999999999959;0.87952823681904173;0.27602339682033579
0;11.8;0.38450533370187051;-0.34543032664275752;0;0.32584511386082937;0.35745464064400928;0;0.5;-0.12486050850932412;0.4999999999999996;0.87908296876050105;0.27507212672974608
1;11.8;-0.38450533370187051;0.34543032664275752;0;-0.32584511386082937;-0.35745464064400928;0;0.5;-0.12486050850932412;0.4999999999999996;0.87908296876050105;0.27507212672974608
0;11.9;0.41360936244634422;-0.30655808083988084;0;0.29104028744473692;0.38872245802876665;0;0.5;-0.12489350475876698;0.49999999999999958;0.8786010448369344;0.27405044326305517
1;11.9;-0.41360936244634422;0.30655808083988084;0;-0.29104028744473692;-0.38872245802876665;0;0.5;-0.12489350475876698;0.49999999999999958;0.8786010448369344;0.27405044326305517
0;12;0.43892454233636086;-0.2648776243462575;0;0.25315179890016642;0.41680456493623325;0;0.5;-0.1249228673897054;0.49999999999999956;0.87808566535739443;0.27296681137511726
1;12;-0.43892454233636086;0.2648776243462575;0;-0.25315179890016642;-0.41680456493623325;0;0.5;-0.1249228673897054;0.49999999999999956;0.87808566535739443;0.27296681137511726
0;12.1;0.46016756180377821;-0.22073974277233788;0;0.21243019467417373;0.44137881573919618;0;0.5;-0.1249481676714904;0.49999999999999953;0.87754046883561379;0.27183045890276552
1;12.1;-0.46016756180377821;0.22073974277233788;0;-0.21243019467417373;-0.44137881573919618;0;0.5;-0.1249481676714904;0.49999999999999953;0.87754046883561379;0.27183045890276552
0;12.2;0.47708381045638759;-0.17452633402968046;0;0.16916248652609389;0.46213408742657419;0;0.5;-0.12496896200296362;0.49999999999999951;0.87696955394299484;0.27065134565967994
1;12.2;-0.47708381045638759;0.17452633402968046;0;-0.16916248652609389;-0.46213408742657419;0;0.5;-0.12496896200296362;0.49999999999999951;0.87696955394299484;0.27065134565967994
0;12.3;0.48945120048210733;-0.12664886626265398;0;0.12367390025719766;0.47877467767026483;0;0.5;-0.124984798949522;0.49999999999999948;0.87637749563636969;0.26944012072342533
1;12.3;-0.48945120048210733;0.12664886626265398;0;-0.12367390025719766;-0.47877467767026483;0;0.5;-0.124984798949522;0.49999999999999948;0.87637749563636969;0.26944012072342533
0;12.4;0.49708411377110612;-0.077546320059897839;0;0.07632913288998773;0.49102546202756142;0;0.5;-0.12499522868002316;0.4999999999999995;0.8757693530158859;0.26820806592491216
1;12.4;-0.49708411377110612;0.077546320059897839;0;-0.07632913288998773;-0.49102546202756142;0;0.5;-0.12499522868002316;0.4999999999999995;0.8757693530158859;0.26820806592491216
0;12.5;0.49983740582240682;-0.027682541180846891;0;0.027532920513007094;0.49863778879050946;0;0.5;-0.12499981494900656;0.49999999999999952;0.8751506662413497;0.26696702364486532
1;12.5;-0.49983740582240682;0.027682541180846891;0;-0.027532920513007094;-0.49863778879050946;0;0.5;-0.12499981494900656;0.49999999999999952;0.8751506662413497;0.26696702364486532
0;12.6;0.49761037607911485;0.022457063319829634;0;-0.022270297432919826;0.50139604500676527;0;0.5;-0.12499814964636928;0.49999999999999956;0.87452743971333098;0.2657293072429055
1;12.6;-0.49761037607911485;-0.022457063319829634;0;0.022270297432919826;-0.50139604500676527;0;0.5;-0.12499814964636928;0.49999999999999956;0.87452743971333098;0.2657293072429055
0;12.7;0.49035059218480143;0.072369540565778948;0;-0.072597838943134305;0.49912477245949316;0;0.5;-0.12498986976463999;0.49999999999999956;0.87390610876012046;0.26450759281751479
1;12.7;-0.49035059218480143;-0.072369540565778948;0;0.072597838943134305;-0.49912477245949316;0;0.5;-0.12498986976463999;0.49999999999999956;0.87390610876012046;0.26450759281751479
0;12.8;0.47805743409703022;0.12153915549304893;0;-0.12293158087771207;0.49169614927269978;0;0.5;-0.12497467641362786;0.49999999999999955;0.87329348731809156;0.26331479153965944
1;12.8;-0.47805743409703022;-0.12153915549304893;0;0.12293158087771207;-0.49169614927269978;0;0.5;-0.12497467641362786;0.49999999999999955;0.87329348731809156;0.26331479153965944
0;12.9;0.4607852047770033;0.16944291391533406;0;-0.1727222932002693;0.4790375842228512;0;0.5;-0.12495235525089972;0.49999999999999955;0.87269669460244878;0.26216390253021518
1;12.9;-0.4607852047770033;-0.16944291391533406;0;0.1727222932002693;-0.4790375842228512;0;0.5;-0.12495235525089972;0.49999999999999955;0.87269669460244878;0.26216390253021518
0;13;0.4386456394158445;0.21555682406717908;0;-0.22139565361158786;0.46113910151845017;0;0.5;-0.12492279741093657;0.49999999999999954;0.87212305957622756;0.26106784715856638
1;13;-0.4386456394158445;-0.21555682406717908;0;0.22139565361158786;-0.46113910151845017;0;0.5;-0.12492279741093657;0.49999999999999954;0.87212305957622756;0.26106784715856638
0;13.1;0.41180963723109271;0.25936283710308783;0;-0.26836002184751778;0.43806013035908731;0;0.5;-0.12488601973308277;0.49999999999999954;0.87158000315221843;0.26003928670486876
1;13.1;-0.41180963723109271;-0.25936283710308783;0;0.26836002184751778;-0.43806013035908731;0;0.5;-0.12488601973308277;0.49999999999999954;0.87158000315221843;0.26003928670486876
0;13.2;0.3805080411905617;0.30035636352607381;0;-0.31301596040530999;0.40993526422985999;0;0.5;-0.1248421828457546;0.49999999999999954;0.87107489948390371;0.25909042650664754
1;13.2;-0.3805080411905617;-0.30035636352607381;0;0.31301596040530999;-0.40993526422985999;0;0.5;-0.1248421828457546;0.49999999999999954;0.87107489948390371;0.25909042650664754
0;13.3;0.34503130376541902;0.3380542164080606;0;-0.35476737425142674;0.37697852881986771;0;0.5;-0.12479160550625174;0.49999999999999957;0.87061491935042933;0.25823281093209712
1;13.3;-0.34503130376541902;-0.3380542164080606;0;0.35476737425142674;-0.37697852881986771;0;0.5;-0.12479160550625174;0.49999999999999957;0.87061491935042933;0.25823281093209712
0;13.4;0.30572790254112298;0.37200278678158433;0;-0.39303401224296036;0.33948570373523734;0;0.5;-0.12473477356793718;0.49999999999999956;0.870206860399086;0.25747711469478065
1;13.4;-0.30572790254112298;-0.37200278678158433;0;0.39303401224296036;-0.33948570373523734;0;0.5;-0.12473477356793718;0.49999999999999956;0.870206860399086;0.25747711469478065
0;13.5;0.26300140879066586;0.40178621570560669;0;-0.42726493750457134;0.29783428924022382;0;0.5;-0.1246723420887765;0.49999999999999956;0.86985697071068389;0.25683293703682632
1;13.5;-0.26300140879066586;-0.40178621570560669;0;0.42726493750457134;-0.29783428924022382;0;0.5;-0.1246723420887765;0.49999999999999956;0.86985697071068389;0.25683293703682632
0;13.6;0.21730616417041815;0.42703429562587036;0;-0.45695244620247705;0.25248079920263677;0;0.5;-0.12460512942991783;0.49999999999999955;0.86957077359775296;0.25630860604211675
1;13.6;-0.21730616417041815;-0.42703429562587036;0;0.45695244620247705;-0.25248079920263677;0;0.5;-0.12460512942991783;0.49999999999999955;0.86957077359775296;0.25630860604211675
0;13.7;0.16914158321079698;0.44742981506597779;0;-0.48164580959621178;0.20395519440107435;0;0.5;-0.12453410271685778;0.49999999999999955;0.86935290252135563;0.25591100068608
1;13.7;-0.16914158321079698;-0.44742981506597779;0;0.48164580959621178;-0.20395519440107435;0;0.5;-0.12453410271685778;0.49999999999999955;0.86935290252135563;0.25591100068608
0;13.8;0.11904516834534624;0.46271505901489346;0;-0.50096414865450734;0.15285243948915692;0;0.5;-0.12446035471332827;0.49999999999999951;0.86920695533063009;0.25564539809666862
1;13.8;-0.11904516834534624;-0.46271505901489346;0;0.50096414865450734;-0.15285243948915692;0;0.5;-0.12446035471332827;0.49999999999999951;0.86920695533063009;0.25564539809666862
0;13.9;0.067584394622150934;0.47269719492378048;0;-0.51460773723195308;0.09982135908887016;0;0.5;-0.12438507292142934;0.49999999999999953;0.86913537656008161;0.25551535284395409
1;13.9;-0.067584394622150934;-0.47269719492378048;0;0.51460773723195308;-0.09982135908887016;0;0.5;-0.12438507292142934;0.49999999999999953;0.86913537656008161;0.25551535284395409
0;14;0.015347686912088565;0.47725231145802222;0;-0.52236707710062369;0.045551165342417391;0;0.5;-0.12430950247738421;0.49999999999999953;0.86913937522424128;0.25552261389812063
1;14;-0.015347686912088565;-0.47725231145802222;0;0.52236707710062369;-0.045551165342417391;0;0.5;-0.12430950247738421;0.49999999999999953;0.86913937522424128;0.25552261389812063
0;14.1;-0.037065232794835049;0.47632793239853882;0;-0.52412919706923611;-0.0092437905948339495;0;0.5;-0.1242349050562266;0.49999999999999951;0.86921888349919376;0.25566708326087333
1;14.1;0.037065232794835049;-0.47632793239853882;0;0.52412919706923611;0.0092437905948339495;0;0.5;-0.1242349050562266;0.49999999999999951;0.86921888349919376;0.25566708326087333
0;14.2;-0.089053311968817245;0.46994389755393712;0;-0.51988079173982193;-0.063840348446017062;0;0.5;-0.12416251643440505;0.4999999999999995;0.8693725590577306;0.25594681830249683
1;14.2;0.089053311968817245;-0.46994389755393712;0;0.51988079173982193;0.063840348446017062;0;0.5;-0.12416251643440505;0.4999999999999995;0.8693725590577306;0.25594681830249683
0;14.3;-0.14002411376688989;0.45819158067288768;0;-0.5097080179807264;-0.11752316881049413;0;0.5;-0.12409350551787432;0.49999999999999944;0.86959783090037938;0.25635807768850867
1;14.3;0.14002411376688989;-0.45819158067288768;0;0.5097080179807264;0.11752316881049413;0;0.5;-0.12409350551787432;0.49999999999999944;0.86959783090037938;0.25635807768850867
0;14.4;-0.18940341255067628;0.44123149448593518;0;-0.49379298783786374;-0.16960086186952486;0;0.5;-0.12402893749821173;0.49999999999999942;0.86989098561743318;0.25689540864170292
1;14.4;0.18940341255067628;-0.44123149448593518;0;0.49379298783786374;0.16960086186952486;0;0.5;-0.12402893749821173;0.49999999999999942;0.86989098561743318;0.25689540864170292
0;14.5;-0.23664413370562454;0.41928940828885114;0;-0.47240721154948273;-0.2194208619708406;0;0.5;-0.12396974337241333;0.49999999999999945;0.87024728844368946;0.25755177134167864
1;14.5;0.23664413370562454;-0.41928940828885114;0;0.47240721154948273;0.2194208619708406;0;0.5;-0.12396974337241333;0.49999999999999945;0.87024728844368946;0.25755177134167864
0;14.6;-0.28123437678790258;0.39265116772119263;0;-0.44590243082278053;-0.266382405676585;0;0.5;-0.12391669741876906;0.49999999999999943;0.87066113149095424;0.25831869467337248
1;14.6;0.28123437678790258;-0.39265116772119263;0;0.44590243082278053;0.266382405676585;0;0.5;-0.12391669741876906;0.49999999999999943;0.87066113149095424;0.25831869467337248
0;14.7;-0.32270431902899066;0.36165645486544451;0;-0.41469942241088098;-0.30994712855748136;0;0.5;-0.12387040345695265;0.49999999999999946;0.87112620033444863;0.25918645641221596
1;14.7;0.32270431902899066;-0.36165645486544451;0;0.41469942241088098;0.30994712855748136;0;0.5;-0.12387040345695265;0.49999999999999946;0.87112620033444863;0.25918645641221596
0;14.8;-0.36063186245323198;0.32669175672510137;0;-0.37927543424241328;-0.34964698140343153;0;0.5;-0.12383128994111836;0.49999999999999948;0.87163564974750183;0.26014428033333261
1;14.8;0.36063186245323198;-0.32669175672510137;0;0.37927543424241328;0.34964698140343153;0;0.5;-0.12383128994111836;0.49999999999999948;0.87163564974750183;0.26014428033333261
0;14.9;-0.39464695625470575;0.28818282089132324;0;-0.34015093801473767;-0.38508935833778107;0;0.5;-0.12379961323717779;0.49999999999999947;0.87218227977456046;0.26118054265424942
1;14.9;0.39464695625470575;-0.28818282089132324;0;0.34015093801473767;0.38508935833778107;0;0.5;-0.12379961323717779;0.49999999999999947;0.87218227977456046;0.26118054265424942
0;15;-0.42443459106065912;0.24658687009588612;0;-0.2978763480595335;-0.41595950795437137;0;0.5;-0.12377546789179486;0.49999999999999948;0.87275870436775079;0.26228298061194465
1;15;0.42443459106065912;-0.24658687009588612;0;0.2978763480595335;0.41595950795437137;0;0.5;-0.12377546789179486;0.49999999999999948;0.87275870436775079;0.26228298061194465
0;15.1;-0.44973651877793136;0.2023848252297451;0;-0.25301927717272232;-0.4420204486614101;0;0.5;-0.12375880235038898;0.4999999999999995;0.87335750629406111;0.2634388967445375
1;15.1;0.44973651877793136;-0.2023848252297451;0;0.25301927717272232;0.4420204486614101;0;0.5;-0.12375880235038898;0.4999999999999995;0.87335750629406111;0.2634388967445375
0;15.2;-0.47035179780033298;0.1560737531055954;0;-0.20615279022401639;-0.4631107212414971;0;0.5;-0.12374943843058982;0.49999999999999951;0.87397137373703501;0.26463535348278265
1;15.2;0.47035179780033298;-0.1560737531055954;0;0.20615279022401639;0.4631107212414971;0;0.5;-0.12374943843058982;0.49999999999999951;0.87397137373703501;0.26463535348278265
0;15.3;-0.4861362968922493;0.10815971495111686;0;-0.15784499091916326;-0.47914038154478544;0;0.5;-0.12374709288451158;0.4999999999999995;0.87459321577061432;0.26585935383891179
1;15.3;0.4861362968922493;-0.10815971495111686;0;0.15784499091916326;0.47914038154478544;0;0.5;-0.12374709288451158;0.4999999999999995;0.87459321577061432;0.26585935383891179
0;15.4;-0.49700131189446256;0.059151148368602059;0;-0.1086501500221326;-0.49008566582514795;0;0.5;-0.12375139954804669;0.49999999999999949;0.87521625551208366;0.26709800520121276
1;15.4;0.49700131189446256;-0.059151148368602059;0;0.1086501500221326;0.49008566582514795;0;0.5;-0.12375139954804669;0.49999999999999949;0.87521625551208366;0.26709800520121276
0;15.5;-0.50291145847783081;0.0095528727652542562;0;-0.059101465833682247;-0.49598275603347802;0;0.5;-0.12376193083033384;0.49999999999999952;0.87583410115339781;0.26833866441151082
1;15.5;0.50291145847783081;-0.0095528727652542562;0;0.059101465833682247;0.49598275603347802;0;0.5;-0.12376193083033384;0.49999999999999952;0.87583410115339781;0.26833866441151082
0;15.6;-0.50388200322235999;-0.040139231258746896;0;-0.0097054474452912924;-0.49692104024001149;0;0.5;-0.12377821759480723;0.49999999999999957;0.87644079616365815;0.26956906335252456
1;15.6;0.50388200322235999;0.040139231258746896;0;0.0097054474452912924;0.49692104024001149;0;0.5;-0.12377821759480723;0.49999999999999957;0.87644079616365815;0.26956906335252456
0;15.7;-0.4999757864598815;-0.089442852549346766;0;0.039062167624784816;-0.49303621290599869;0;0.5;-0.12379976678517422;0.49999999999999954;0.87703085073315576;0.27077741516066867
1;15.7;0.4999757864598815;0.089442852549346766;0;-0.039062167624784816;0.49303621290599869;0;0.5;-0.12379976678517422;0.49999999999999954;0.87703085073315576;0.27077741516066867
0;15.8;-0.4912998758286562;-0.13789320246768974;0;0.086759106312253087;-0.48450349918342972;0;0.5;-0.12382607642613516;0.49999999999999957;0.87759925700879501;0.27195250188754332
1;15.8;0.4912998758286562;0.13789320246768974;0;-0.086759106312253087;0.48450349918342972;0;0.5;-0.12382607642613516;0.49999999999999957;0.87759925700879501;0.27195250188754332
0;15.9;-0.47800207145715623;-0.18504632484605646;0;0.13297804371499974;-0.4715312237836673;0;0.5;-0.12385664786161355;0.4999999999999996;0.87814149089219422;0.27308374495879727
1;15.9;0.47800207145715623;0.18504632484605646;0;-0.13297804371499974;0.4715312237836673;0;0.5;-0.12385664786161355;0.4999999999999996;0.87814149089219422;0.27308374495879727
0;16;-0.46026736394656165;-0.23048181320437694;0;0.17734707510594572;-0.45435488358320486;0;0.5;-0.12389099527456086;0.49999999999999958;0.87865350318737852;0.27416126013451524
1;16;0.46026736394656165;0.23048181320437694;0;-0.17734707510594572;0.45435488358320486;0;0.5;-0.12389099527456086;0.49999999999999958;0.87865350318737852;0.27416126013451524
0;16.1;-0.43831442631859985;-0.27380499597225155;0;0.21952937627961797;-0.43323182767874607;0;0.5;-0.1239286526616402;0.49999999999999957;0.87913170274953219;0.27517589888162888
1;16.1;0.43831442631859985;0.27380499597225155;0;-0.21952937627961797;0.43323182767874607;0;0.5;-0.1239286526616402;0.49999999999999957;0.87913170274953219;0.27517589888162888
0;16.2;-0.41239220191796255;-0.31464865608801262;0;0.25922224400637295;-0.40843660115761055;0;0.5;-0.12396917851809366;0.4999999999999996;0.879572934050964;0.27611927815132744
1;16.2;0.41239220191796255;0.31464865608801262;0;-0.25922224400637295;0.40843660115761055;0;0.5;-0.12396917851809366;0.4999999999999996;0.879572934050964;0.27611927815132744
0;16.3;-0.38277663263156353;-0.35267435311094675;0;0.29615569286399013;-0.38025697022934102;0;0.5;-0.12401215853062291;0.49999999999999961;0.8799744512890631;0.27698380053928198
1;16.3;0.38277663263156353;0.35267435311094675;0;-0.29615569286399013;0.38025697022934102;0;0.5;-0.12401215853062291;0.49999999999999961;0.8799744512890631;0.27698380053928198
0;16.4;-0.34976755612993055;-0.38757341475469892;0;0.33009076501632995;-0.34899061643752161;0;0.5;-0.12405720658803377;0.49999999999999961;0.88033389084830742;0.27776266671852711
1;16.4;0.34976755612993055;0.38757341475469892;0;-0.33009076501632995;0.34899061643752161;0;0.5;-0.12405720658803377;0.49999999999999961;0.88033389084830742;0.27776266671852711
0;16.5;-0.31368578732518798;-0.41906766132187984;0;0.3608176880474257;-0.31494246567180939;0;0.5;-0.12410396440938042;0.4999999999999996;0.88064924361982157;0.27844988189599104
1;16.5;0.31368578732518798;0.41906766132187984;0;-0.3608176880474257;0.31494246567180939;0;0.5;-0.12410396440938042;0.4999999999999996;0.88064924361982157;0.27844988189599104
0;16.6;-0.27487038787107382;-0.44690992157205756;0;0.3881539945411418;-0.27842260250177708;0;0.5;-0.12415210006510474;0.49999999999999963;0.88091882839466183;0.2790402578721796
1;16.6;0.27487038787107382;0.44690992157205756;0;-0.3881539945411418;0.27842260250177708;0;0.5;-0.12415210006510474;0.49999999999999963;0.88091882839466183;0.2790402578721796
0;16.7;-0.23367611817610673;-0.47088439263983584;0;0.41194269694967095;-0.23974471067778266;0;0.5;-0.12420130563454852;0.49999999999999964;0.88114126729097169;0.27952941209376342
1;16.7;0.23367611817610673;0.47088439263983584;0;-0.41194269694967095;0.23974471067778266;0;0.5;-0.12420130563454852;0.49999999999999964;0.88114126729097169;0.27952941209376342
0;16.8;-0.19047105886020838;-0.49080689016077039;0;0.43205059315898359;-0.19922497520934576;0;0.5;-0.12425129420815441;0.49999999999999961;0.88131546395488323;0.27991376489142902
1;16.8;0.19047105886020838;0.49080689016077039;0;-0.43205059315898359;0.19922497520934576;0;0.5;-0.12425129420815441;0.49999999999999961;0.88131546395488323;0.27991376489142902
0;16.9;-0.14563438262146156;-0.50652502806597632;0;0.44836676238746825;-0.15718137905205884;0;0.5;-0.12430179640827611;0.49999999999999963;0.88144058509088885;0.2801905358976269
1;16.9;0.14563438262146156;0.50652502806597632;0;-0.44836676238746825;0.15718137905205884;0;0.5;-0.12430179640827611;0.49999999999999963;0.88144058509088885;0.2801905358976269
0;17;-0.099554252851123431;-0.51791836077305031;0;0.4608012977033813;-0.11393332707074019;0;0.5;-0.12435255657128575;0.49999999999999962;0.88151604572682531;0.28035774044523942
1;17;0.099554252851123431;0.51791836077305031;0;-0.4608012977033813;0.11393332707074019;0;0.5;-0.12435255657128575;0.49999999999999962;0.88151604572682531;0.28035774044523942
0;17.1;-0.052625821814704536;-0.52489851384602804;0;0.46928431036418894;-0.069801530729777156;0;0.5;-0.1244033287072219;0.49999999999999964;0.88154149849712717;0.28041418656084097
1;17.1;0.052625821814704536;0.52489851384602804;0;-0.46928431036418894;0.069801530729777156;0;0.5;-0.1244033287072219;0.49999999999999964;0.88154149849712717;0.28041418656084097
0;17.2;-0.0052492986078664806;-0.52740932266539564;0;0.47376523206838056;-0.02510808819367594;0;0.5;-0.12445387233254911;0.49999999999999964;0.88151682712996127;0.28035947298547249
1;17.2;0.0052492986078664806;0.52740932266539564;0;-0.47376523206838056;0.02510808819367594;0;0.5;-0.12445387233254911;0.49999999999999964;0.88151682712996127;0.28035947298547249
0;17.3;0.042171944759595278;-0.525426992232085;0;0.47421243367461757;0.019823304333106327;0;0.5;-0.12450394825723081;0.49999999999999963;0.88144214424289877;0.28019398848072254
1;17.3;-0.042171944759595278;0.525426992232085;0;-0.47421243367461757;-0.019823304333106327;0;0.5;-0.12450394825723081;0.49999999999999963;0.88144214424289877;0.28019398848072254
0;17.4;0.089233262012667125;-0.51896028487976487;0;0.47061317253071844;0.064667073523201488;0;0.5;-0.12455331439951101;0.49999999999999964;0.88131779348121103;0.27991891250650074
1;17.4;-0.089233262012667125;0.51896028487976487;0;-0.47061317253071844;-0.064667073523201488;0;0.5;-0.12455331439951101;0.49999999999999964;0.88131779348121103;0.27991891250650074
0;17.5;0.13553064949021248;-0.50805073631562081;0;0.4629738747754536;0.10909548564144052;0;0.5;-0.12460172170061424;0.49999999999999962;0.88114435596581604;0.27953621718679585
1;17.5;-0.13553064949021248;0.50805073631562081;0;-0.4629738747754536;-0.10909548564144052;0;0.5;-0.12460172170061424;0.49999999999999962;0.88114435596581604;0.27953621718679585
0;17.6;0.18066272482187137;-0.49277289396714047;0;0.45132075331658889;0.15277842348480361;0;0.5;-0.12464891021695856;0.49999999999999964;0.88092266094743602;0.27904867030833728
1;17.6;-0.18066272482187137;0.49277289396714047;0;-0.45132075331658889;-0.15277842348480361;0;0.5;-0.12464891021695856;0.49999999999999964;0.88092266094743602;0.27904867030833728
0;17.7;0.22423280043426266;-0.47323456499753624;0;0.43570075612391279;0.19538328969604199;0;0.5;-0.12469460547925271;0.49999999999999962;0.88065380048277854;0.27845983892200483
1;17.7;-0.22423280043426266;0.47323456499753624;0;-0.43570075612391279;-0.19538328969604199;0;0.5;-0.12469460547925271;0.49999999999999962;0.88065380048277854;0.27845983892200483
0;17.8;0.26585108368203358;-0.44957705449495461;0;0.41618283247770904;0.23657510502581661;0;0.5;-0.12473851522568197;0.49999999999999963;0.88033914785081121;0.27777409293615586
1;17.8;-0.26585108368203358;0.44957705449495461;0;-0.41618283247770904;-0.23657510502581661;0;0.5;-0.12473851522568197;0.49999999999999963;0.88033914785081121;0.27777409293615586
0;17.9;0.30513703331819858;-0.42197536719729367;0;0.39285949636165018;0.27601687297660932;0;0.5;-0.12478032663969996;0.49999999999999963;0.87998037930610987;0.27699660790375764
1;17.9;-0.30513703331819858;0.42197536719729367;0;-0.39285949636165018;-0.27601687297660932;0;0.5;-0.12478032663969996;0.49999999999999963;0.87998037930610987;0.27699660790375764
0;18;0.34172189889744126;-0.39063833868471709;0;0.36584865579242692;0.31337028512576576;0;0.5;-0.12481970425076552;0.49999999999999964;0.87957949861614453;0.27613336601164777
1;18;-0.34172189889744126;0.39063833868471709;0;-0.36584865579242692;-0.31337028512576576;0;0.5;-0.12481970425076552;0.49999999999999964;0.87957949861614453;0.27613336601164777
0;18.1;0.37525146530765269;-0.35580865431535746;0;0.33529566410211442;0.34829684369359604;0;0.5;-0.12485628868717603;0.49999999999999965;0.87913886364573381;0.27519115408250391
1;18.1;-0.37525146530765269;0.35580865431535746;0;-0.33529566410211442;-0.34829684369359604;0;0.5;-0.12485628868717603;0.49999999999999965;0.87913886364573381;0.27519115408250391
0;18.2;0.40538901867774024;-0.31776270643524213;0;0.30137553370087533;0.38045947880115361;0;0.5;-0.12488969650166015;0.49999999999999969;0.87866121403216012;0.27417755720260674
1;18.2;-0.40538901867774024;0.31776270643524213;0;-0.30137553370087533;-0.38045947880115361;0;0.5;-0.12488969650166015;0.49999999999999969;0.87866121403216012;0.27417755720260674
0;18.3;0.4318185421256584;-0.27681023280005185;0;0.26429523447918185;0.40952473635190262;0;0.5;-0.12491952131932529;0.49999999999999966;0.87814969873889144;0.27310094639847293
1;18.3;-0.4318185421256584;0.27681023280005185;0;-0.26429523447918185;-0.40952473635190262;0;0.5;-0.12491952131932529;0.49999999999999966;0.87814969873889144;0.27310094639847293
0;18.4;0.45424813990955376;-0.23329367206292592;0;0.22429597783895366;0.43516560737125914;0;0.5;-0.12494533657945825;0.49999999999999964;0.87760790198890816;0.27197045861350767
1;18.4;-0.45424813990955376;0.23329367206292592;0;-0.22429597783895366;-0.43516560737125914;0;0.5;-0.12494533657945825;0.49999999999999964;0.87760790198890816;0.27197045861350767
0;18.5;0.47241367628933323;-0.18758716610540557;0;0.18165536379779487;0.45706505957520349;0;0.5;-0.1249667001518014;0.49999999999999963;0.87703986577023069;0.27079596709628338
1;18.5;-0.47241367628933323;0.18758716610540557;0;-0.18165536379779487;-0.45706505957520349;0;0.5;-0.1249667001518014;0.49999999999999963;0.87703986577023069;0.27079596709628338
0;18.6;0.4860826006470389;-0.14009513456166212;0;0.13668924357705683;0.47492031543743451;0;0.5;-0.12498316109727772;0.49999999999999962;0.87645010679336234;0.26958804022309754
1;18.6;-0.4860826006470389;0.14009513456166212;0;-0.13668924357705683;-0.47492031543743451;0;0.5;-0.12498316109727772;0.49999999999999962;0.87645010679336234;0.26958804022309754
0;18.7;0.49505791314971453;-0.091250344899164032;0;0.089753125026756558;0.48844789662498078;0;0.5;-0.12499426880476986;0.49999999999999961;0.87584362548836423;0.26835788676097412
1;18.7;-0.49505791314971453;0.091250344899164032;0;-0.089753125026756558;-0.48844789662498078;0;0.5;-0.12499426880476986;0.49999999999999961;0.87584362548836423;0.26835788676097412
0;18.8;0.49918220567936744;-0.041511402787238902;0;0.041242925296528982;0.49738942111925127;0;0.5;-0.1249995846612363;0.49999999999999963;0.87522590439274991;0.26711728565806199
1;18.8;-0.49918220567936744;0.041511402787238902;0;-0.041242925296528982;-0.49738942111925127;0;0.5;-0.1249995846612363;0.49999999999999963;0.87522590439274991;0.26711728565806199
0;18.9;0.49834169139873236;0.0086404067965589557;0;-0.0084051428063508498;0.50151809583797857;0;0.5;-0.12499869629476266;0.49999999999999968;0.87460289314401044;0.26587849865268805
1;18.9;-0.49834169139873236;-0.0086404067965589557;0;0.0084051428063508498;-0.50151809583797857;0;0.5;-0.12499869629476266;0.49999999999999968;0.87460289314401044;0.26587849865268805
0;19;0.49247011402135599;0.058704986207715651;0;-0.058715773773763934;0.50064579411156696;0;0.5;-0.12499123426414291;0.49999999999999971;0.87398097730348031;0.26465416434543247
1;19;-0.49247011402135599;-0.058704986207715651;0;0.058715773773763934;-0.50064579411156696;0;0.5;-0.12499123426414291;0.49999999999999971;0.87398097730348031;0.26465416434543247
0;19.1;0.48155240586970888;0.10816804071599663;0;-0.10917708151647121;0.49463054508280974;0;0.5;-0.12497689085383985;0.49999999999999974;0.87336692845622469;0.26345717290148509
1;19.1;-0.48155240586970888;-0.10816804071599663;0;0.10917708151647121;-0.49463054508280974;0;0.5;-0.12497689085383985;0.49999999999999974;0.87336692845622469;0.26345717290148509
0;19.2;0.46562794382093226;0.15650646008010971;0;-0.15924462048776641;0.48338419364113072;0;0.5;-0.12495544037612291;0.49999999999999978;0.87276783350683333;0.26230052125561815
1;19.2;-0.46562794382093226;-0.15650646008010971;0;0.15924462048776641;-0.48338419364113072;0;0.5;-0.12495544037612291;0.49999999999999978;0.87276783350683333;0.26230052125561815
0;19.3;0.44479323633246359;0.20319445201157232;0;-0.2083470748846864;0.46687991931462608;0;0.5;-0.12492676009828275;0.49999999999999978;0.87219100186404917;0.2611971495783193
1;19.3;-0.44479323633246359;-0.20319445201157232;0;0.2083470748846864;-0.46687991931462608;0;0.5;-0.12492676009828275;0.49999999999999978;0.87219100186404917;0.2611971495783193
0;19.4;0.41920386526810627;0.2477103757079866;0;-0.25589371064357352;0.44515923696414278;0;0.5;-0.12489085062794621;0.49999999999999982;0.87164385029605198;0.26015976080954138
1;19.4;-0.41920386526810627;-0.2477103757079866;0;0.25589371064357352;-0.44515923696414278;0;0.5;-0.12489085062794621;0.49999999999999982;0.87164385029605198;0.26015976080954138
0;19.5;0.38907550565657145;0.2895441806275702;0;-0.30128359611534833;0.41833804919583611;0;0.5;-0.12484785433975169;0.49999999999999985;0.87113376662656394;0.25920062623423048
1;19.5;-0.38907550565657145;-0.2895441806275702;0;0.30128359611534833;-0.41833804919583611;0;0.5;-0.12484785433975169;0.49999999999999985;0.87113376662656394;0.25920062623423048
0;19.6;0.35468385706216543;0.32820530955656196;0;-0.34391648594406038;0.38661128928991756;0;0.5;-0.12479807025581126;0.49999999999999987;0.87066795506859839;0.25833138129473324
1;19.6;-0.35468385706216543;-0.32820530955656196;0;0.34391648594406038;-0.38661128928991756;0;0.5;-0.12479807025581126;0.49999999999999987;0.87066795506859839;0.25833138129473324
0;19.7;0.31636334363488738;0.36323087889352906;0;-0.38320513427278069;0.35025569336967105;0;0.5;-0.12474196374669607;0.49999999999999987;0.87025326774582707;0.25756281701909607
1;19.7;-0.31636334363488738;-0.36323087889352906;0;0.38320513427278069;-0.35025569336967105;0;0.5;-0.12474196374669607;0.49999999999999987;0.87025326774582707;0.25756281701909607
0;19.8;0.27450447690234092;0.39419390683065642;0;-0.41858866732546457;0.30963027937127352;0;0.5;-0.12468016953972835;0.49999999999999987;0.86989602867046915;0.25690467348227318
1;19.8;-0.27450447690234092;-0.39419390683065642;0;0.41858866732546457;-0.30963027937127352;0;0.5;-0.12468016953972835;0.49999999999999987;0.86989602867046915;0.25690467348227318
0;19.9;0.22954982544401961;0.42071132612223144;0;-0.4495465145832131;0.26517419291575045;0;0.5;-0.12461348683234727;0.49999999999999987;0.86960185793361073;0.25636544249150696
1;19.9;-0.22954982544401961;-0.42071132612223144;0;0.4495465145832131;-0.26517419291575045;0;0.5;-0.12461348683234727;0.49999999999999987;0.86960185793361073;0.25636544249150696
0;20;0.18198859668736447;0.44245149677203155;0;-0.47561228756655127;0.21740170649800081;0;0.5;-0.12454286581049758;0.49999999999999991;0.86937550490726981;0.2559521870846662
1;20;-0.18198859668736447;-0.44245149677203155;0;0.47561228756655127;-0.21740170649800081;0;0.5;-0.12454286581049758;0.49999999999999991;0.86937550490726981;0.2559521870846662
