# column style format: id;time;x;y;z;vx;vy;vz;mass;totalEnergy;totalSpecificAngularMomentum;rungeLenzVector;semiMajorAxis
# this file will be overwritten without any precaution
# used integrator was euler_cromer
0;0;0.375;0.25;0;-0.25;0.5;0;0.5;-0.12110009811261453;0.5;0.86149936267381268;0.24241827336339728
1;0;-0.375;-0.25;0;0.25;-0.5;0;0.5;-0.12110009811261453;0.5;0.86149936267381268;0.24241827336339728
0;0.5;0.12199226240956251;0.41466150827304166;0;-0.50601547518087497;0.32932301654608331;0;0.5;-0.1069425122982785;0.49999999999999997;0.85649659335212676;0.23459764585512579
1;0.5;-0.12199226240956251;-0.41466150827304166;0;0.50601547518087497;-0.32932301654608331;0;0.5;-0.1069425122982785;0.49999999999999997;0.85649659335212676;0.23459764585512579
0;1;-0.17822453623392281;0.41885562235439672;0;-0.60043359728697066;0.0083882281627101502;0;0.5;-0.094311138561409449;0.49999999999999991;0.86482966939878823;0.24794735008195996
1;1;0.17822453623392281;-0.41885562235439672;0;0.60043359728697066;-0.0083882281627101502;0;0.5;-0.094311138561409449;0.49999999999999991;0.86482966939878823;0.24794735008195996
0;1.5;-0.41939128663496056;0.28427285851932138;0;-0.48233350080207549;-0.26916552767015062;0;0.5;-0.094167969407718239;0.49999999999999987;0.878835972981554;0.2745474734447497
1;1.5;0.41939128663496056;-0.28427285851932138;0;0.48233350080207549;0.26916552767015062;0;0.5;-0.094167969407718239;0.49999999999999987;0.878835972981554;0.2745474734447497
0;2;-0.55978824917818526;0.081386063199539116;0;-0.28079392508644946;-0.40577359063956453;0;0.5;-0.099226786793467728;0.49999999999999984;0.89120316723806945;0.30375649872889408
1;2;0.55978824917818526;-0.081386063199539116;0;0.28079392508644946;0.40577359063956453;0;0.5;-0.099226786793467728;0.49999999999999984;0.89120316723806945;0.30375649872889408
0;2.5;-0.60354093012520749;-0.13555157656260111;0;-0.087505361894044398;-0.43387527952428045;0;0.5;-0.1041246565336536;0.49999999999999988;0.90009273375247921;0.32923662767144244
1;2.5;0.60354093012520749;0.13555157656260111;0;0.087505361894044398;0.43387527952428045;0;0.5;-0.1041246565336536;0.49999999999999988;0.90009273375247921;0.32923662767144244
0;3;-0.5676083123971426;-0.33459238890985665;0;0.071865235456129745;-0.39808162469451114;0;0.5;-0.10789724820545623;0.49999999999999987;0.90582175691490886;0.34821474121478827
1;3;0.5676083123971426;0.33459238890985665;0;-0.071865235456129745;0.39808162469451114;0;0.5;-0.10789724820545623;0.49999999999999987;0.90582175691490886;0.34821474121478827
0;3.5;-0.46966491726219839;-0.49707923666998338;0;0.19588679026988839;-0.32497369552025346;0;0.5;-0.1107945396322139;0.49999999999999989;0.90896337261906046;0.35963856953667698
1;3.5;0.46966491726219839;0.49707923666998338;0;-0.19588679026988839;0.32497369552025346;0;0.5;-0.1107945396322139;0.49999999999999989;0.90896337261906046;0.35963856953667698
0;4;-0.32583080627012495;-0.61099672961971851;0;0.28766822198414688;-0.22783498589947038;0;0.5;-0.11318836215572816;0.49999999999999987;0.90988851303102736;0.36315484650103005
1;4;0.32583080627012495;0.61099672961971851;0;-0.28766822198414688;0.22783498589947038;0;0.5;-0.11318836215572816;0.49999999999999987;0.90988851303102736;0.36315484650103005
0;4.5;-0.15132888788021626;-0.66740606292309312;0;0.34900383677981739;-0.11281866660674914;0;0.5;-0.11538991865486484;0.49999999999999993;0.90870922171810741;0.3586850998436964
1;4.5;0.15132888788021626;0.66740606292309312;0;-0.34900383677981739;0.11281866660674914;0;0.5;-0.11538991865486484;0.49999999999999993;0.90870922171810741;0.3586850998436964
0;5;0.037928128799193106;-0.65874096004060367;0;0.37851403335881872;0.01733020576497888;0;0.5;-0.1176555721401445;0.49999999999999994;0.90527959698191332;0.34632015194781812
1;5;-0.037928128799193106;0.65874096004060367;0;-0.37851403335881872;-0.01733020576497888;0;0.5;-0.1176555721401445;0.49999999999999994;0.90527959698191332;0.34632015194781812
0;5.5;0.22305931455687375;-0.57841785797934642;0;0.37026237151536129;0.16064620412251449;0;0.5;-0.12018247061950632;0.49999999999999991;0.89919305781189989;0.32645284808238699
1;5.5;-0.22305931455687375;0.57841785797934642;0;-0.37026237151536129;-0.16064620412251449;0;0.5;-0.12018247061950632;0.49999999999999991;0.89919305781189989;0.32645284808238699
0;6;0.37893373081839532;-0.42222866632222511;0;0.31174883252304314;0.31237838331424267;0;0.5;-0.12294498791390361;0.49999999999999993;0.88985627599303363;0.30025585438979248
1;6;-0.37893373081839532;0.42222866632222511;0;-0.31174883252304314;-0.31237838331424267;0;0.5;-0.12294498791390361;0.49999999999999993;0.88985627599303363;0.30025585438979248
0;6.5;0.46996009255020105;-0.19378222926618438;0;0.18205272346361143;0.45689287411208146;0;0.5;-0.12494913410444323;0.49999999999999995;0.87705308443191217;0.27082317456195659
1;6.5;-0.46996009255020105;0.19378222926618438;0;-0.18205272346361143;-0.45689287411208146;0;0.5;-0.12494913410444323;0.49999999999999995;0.87705308443191217;0.27082317456195659
0;7;0.4491877317281518;0.080763027730154702;0;-0.041544721644098483;0.54909051399267816;0;0.5;-0.12227508424229134;0.49999999999999997;0.86317054213487902;0.24515897786309679
1;7;-0.4491877317281518;-0.080763027730154702;0;0.041544721644098483;-0.54909051399267816;0;0.5;-0.12227508424229134;0.49999999999999997;0.86317054213487902;0.24515897786309679
0;7.5;0.28075357995777084;0.32875899926145397;0;-0.33686830354076197;0.49599194306259853;0;0.5;-0.10939008763895282;0.49999999999999998;0.85634910985468767;0.23437540835425086
1;7.5;-0.28075357995777084;-0.32875899926145397;0;0.33686830354076197;-0.49599194306259853;0;0.5;-0.10939008763895282;0.49999999999999998;0.85634910985468767;0.23437540835425086
0;8;0.0037409468626236064;0.44961090065470616;0;-0.55402526619029446;0.24170380278650436;0;0.5;-0.095326185498258018;0.49999999999999997;0.8630334569491311;0.2449316276861841
1;8;-0.0037409468626236064;-0.44961090065470616;0;0.55402526619029446;-0.24170380278650436;0;0.5;-0.095326185498258018;0.49999999999999997;0.8630334569491311;0.2449316276861841
0;8.5;-0.27455778987385487;0.41589064752430549;0;-0.55659747347295696;-0.067440506260801364;0;0.5;-0.093656131255005517;0.50000000000000003;0.87682164357950978;0.27034765651182108
1;8.5;0.27455778987385487;-0.41589064752430549;0;0.55659747347295696;0.067440506260801364;0;0.5;-0.093656131255005517;0.50000000000000003;0.87682164357950978;0.27034765651182108
0;9;-0.48353064731366113;0.27715794931219118;0;-0.41794571487961252;-0.27746539642422857;0;0.5;-0.098450195657200229;0.49999999999999998;0.88963255061750088;0.2996826841567358
1;9;0.48353064731366113;-0.27715794931219118;0;0.41794571487961252;0.27746539642422857;0;0.5;-0.098450195657200229;0.49999999999999998;0.88963255061750088;0.2996826841567358
0;9.5;-0.60521978885042438;0.088394553268543979;0;-0.24337828307352652;-0.37752679208729439;0;0.5;-0.10348854858847064;0.49999999999999999;0.89902262731103173;0.32593110661228543
1;9.5;0.60521978885042438;-0.088394553268543979;0;0.24337828307352652;0.37752679208729439;0;0.5;-0.10348854858847064;0.49999999999999999;0.89902262731103173;0.32593110661228543
0;10;-0.64425308225650868;-0.11244103027647667;0;-0.078066586812168617;-0.4016711670900413;0;0.5;-0.10741689274485168;0.49999999999999995;0.90516886846276264;0.34593587970658688
1;10;0.64425308225650868;0.11244103027647667;0;0.078066586812168617;0.4016711670900413;0;0.5;-0.10741689274485168;0.49999999999999995;0.90516886846276264;0.34593587970658688
0;10.5;-0.61130999467157077;-0.30071462745760358;0;0.065886175169875924;-0.37654719436225387;0;0.5;-0.11041638723518925;0.49999999999999997;0.90865409950007821;0.35847900577728512
1;10.5;0.61130999467157077;0.30071462745760358;0;-0.065886175169875924;0.37654719436225387;0;0.5;-0.11041638723518925;0.49999999999999997;0.90865409950007821;0.35847900577728512
0;11;-0.51795073793385205;-0.45926840006927472;0;0.18671851347543753;-0.31710754522334228;0;0.5;-0.11286191863984293;0.49999999999999999;0.9098853743802758;0.36314279476306297
1;11;0.51795073793385205;0.45926840006927472;0;-0.18671851347543753;0.31710754522334228;0;0.5;-0.11286191863984293;0.49999999999999999;0.9098853743802758;0.36314279476306297
0;11.5;-0.37579790172507321;-0.57455676627044538;0;0.28430567241755766;-0.23057673240234122;0;0.5;-0.11507429111985126;0.50000000000000004;0.90901196113635505;0.35982146163414686
1;11.5;0.37579790172507321;0.57455676627044538;0;-0.28430567241755766;0.23057673240234122;0;0.5;-0.11507429111985126;0.50000000000000004;0.90901196113635505;0.35982146163414686
0;12;-0.19735367895919842;-0.63435929391850376;0;0.35688844553174959;-0.1196050552961167;0;0.5;-0.11731662515128942;0.5000000000000001;0.90592531683543658;0.34857912394556233
1;12;0.19735367895919842;0.63435929391850376;0;-0.35688844553174959;0.1196050552961167;0;0.5;-0.11731662515128942;0.5000000000000001;0.90592531683543658;0.34857912394556233
0;12.5;0.0021237516735895801;-0.62655420988350508;0;0.398954861265576;0.015610168069997349;0;0.5;-0.11979841114194397;0.50000000000000005;0.9002556862846881;0.32974622322836484
1;12.5;-0.0021237516735895801;0.62655420988350508;0;-0.398954861265576;-0.015610168069997349;0;0.5;-0.11979841114194397;0.50000000000000005;0.9002556862846881;0.32974622322836484
0;13;0.20133136468207161;-0.53914689621309442;0;0.39841522601696405;0.17481462734082132;0;0.5;-0.12255060132695382;0.50000000000000003;0.89142184370628951;0.30433307499549689
1;13;-0.20133136468207161;0.53914689621309442;0;-0.39841522601696405;-0.17481462734082132;0;0.5;-0.12255060132695382;0.50000000000000003;0.89142184370628951;0.30433307499549689
0;13.5;0.36753251128499981;-0.36335129815581108;0;0.3324022932058564;0.35159119611456668;0;0.5;-0.12480924410906443;0.50000000000000005;0.8790726121266406;0.27505008456332213
1;13.5;-0.36753251128499981;0.36335129815581108;0;-0.3324022932058564;-0.35159119611456668;0;0.5;-0.12480924410906443;0.50000000000000005;0.8790726121266406;0.27505008456332213
0;14;0.45053344581252869;-0.10530201059840932;0;0.16600186905505776;0.5160985751148035;0;0.5;-0.12321039540201603;0.50000000000000008;0.8649867468352702;0.24821491005203099
1;14;-0.45053344581252869;0.10530201059840932;0;-0.16600186905505776;-0.5160985751148035;0;0.5;-0.12321039540201603;0.50000000000000008;0.8649867468352702;0.24821491005203099
0;14.5;0.39138443577007598;0.1859716138174376;0;-0.11829802008490548;0.58254724883169384;0;0.5;-0.11179179057839532;0.50000000000000013;0.85651332885148319;0.23462289301742637
1;14.5;-0.39138443577007598;-0.1859716138174376;0;0.11829802008490548;-0.58254724883169384;0;0.5;-0.11179179057839532;0.50000000000000013;0.85651332885148319;0.23462289301742637
0;15;0.18191295124673126;0.40581747918804489;0;-0.41894296904668943;0.43969173074121454;0;0.5;-0.096651684280370729;0.50000000000000015;0.86138256765443096;0.24222921682554706
1;15;-0.18191295124673126;-0.40581747918804489;0;0.41894296904668943;-0.43969173074121454;0;0.5;-0.096651684280370729;0.50000000000000015;0.86138256765443096;0.24222921682554706
0;15.5;-0.092189342586242423;0.48148277944680923;0;-0.54820458766594737;0.15133060051752864;0;0.5;-0.093268228264998321;0.50000000000000018;0.87477510694260419;0.26621968761796391
1;15.5;0.092189342586242423;-0.48148277944680923;0;0.54820458766594737;-0.15133060051752864;0;0.5;-0.093268228264998321;0.50000000000000018;0.87477510694260419;0.26621968761796391
0;16;-0.34183855717629785;0.42943552389795264;0;-0.4992984291801108;-0.10409451109771319;0;0.5;-0.097669484345655136;0.50000000000000018;0.88798740595351101;0.29553850318422683
1;16;0.34183855717629785;-0.42943552389795264;0;0.4992984291801108;0.10409451109771319;0;0.5;-0.097669484345655136;0.50000000000000018;0.88798740595351101;0.29553850318422683
0;16.5;-0.52688657714385589;0.29623285953183315;0;-0.37009603993511608;-0.26640532873223899;0;0.5;-0.10282712062243603;0.50000000000000016;0.89788522110195515;0.3224938760381005
1;16.5;0.52688657714385589;-0.29623285953183315;0;0.37009603993511608;0.26640532873223899;0;0.5;-0.10282712062243603;0.50000000000000016;0.89788522110195515;0.3224938760381005
0;17;-0.63737910420786559;0.12111265956185382;0;-0.22098505412801944;-0.35024039993995865;0;0.5;-0.10691682802015179;0.50000000000000016;0.90446156732856498;0.34350233387588816
1;17;0.63737910420786559;-0.12111265956185382;0;0.22098505412801944;0.35024039993995865;0;0.5;-0.10691682802015179;0.50000000000000016;0.90446156732856498;0.34350233387588816
0;17.5;-0.67493463342422633;-0.067866786391352962;0;-0.075111058432721395;-0.37795889190641357;0;0.5;-0.11002657538742187;0.50000000000000019;0.90829898121128024;0.35715722357675817
1;17.5;0.67493463342422633;0.067866786391352962;0;0.075111058432721395;0.37795889190641357;0;0.5;-0.11002657538742187;0.50000000000000019;0.90829898121128024;0.35715722357675817
0;18;-0.64491719578826578;-0.25005155937907575;0;0.060034875271921077;-0.36436954597544552;0;0.5;-0.11253043514280207;0.50000000000000018;0.90983953158415155;0.36296686422460611
1;18;0.64491719578826578;0.25005155937907575;0;-0.060034875271921077;0.36436954597544552;0;0.5;-0.11253043514280207;0.50000000000000018;0.90983953158415155;0.36296686422460611
0;18.5;-0.55400115262978089;-0.40862432236866864;0;0.18183208631696987;-0.31714552597918577;0;0.5;-0.11475904054526703;0.50000000000000023;0.90926983087512141;0.36079539580367311
1;18.5;0.55400115262978089;0.40862432236866864;0;-0.18183208631696987;0.31714552597918577;0;0.5;-0.11475904054526703;0.50000000000000023;0.90926983087512141;0.36079539580367311
0;19;-0.41001587264966177;-0.52805387991198294;0;0.28797055996023818;-0.23885911508662858;0;0.5;-0.11698252935484053;0.5000000000000002;0.90651856325712128;0.35068210157428929
1;19;0.41001587264966177;0.52805387991198294;0;-0.28797055996023818;0.23885911508662858;0;0.5;-0.11698252935484053;0.5000000000000002;0.90651856325712128;0.35068210157428929
0;19.5;-0.22315041547732031;-0.59225863898264475;0;0.37373091434468292;-0.12840951814132351;0;0.5;-0.11942067022972123;0.50000000000000026;0.9012533866621896;0.33290307514200871
1;19.5;0.22315041547732031;0.59225863898264475;0;-0.37373091434468292;0.12840951814132351;0;0.5;-0.11942067022972123;0.50000000000000026;0.9012533866621896;0.33290307514200871
0;20;-0.0087784198699184246;-0.58345889576803778;0;0.42874399121480378;0.017599486429214006;0;0.5;-0.12214977905452375;0.50000000000000026;0.89291256121645297;0.30832655644679154
1;20;0.0087784198699184246;0.58345889576803778;0;-0.42874399121480378;-0.017599486429214006;0;0.5;-0.12214977905452375;0.50000000000000026;0.89291256121645297;0.30832655644679154
0;20.5;0.20697424013402904;-0.48289310169555449;0;0.43150532000789493;0.20113158814496659;0;0.5;-0.12459767481141664;0.50000000000000028;0.8810463205900238;0.27932039482998886
1;20.5;-0.20697424013402904;0.48289310169555449;0;-0.43150532000789493;-0.20113158814496659;0;0.5;-0.12459767481141664;0.50000000000000028;0.8810463205900238;0.27932039482998886
0;21;0.37812577104825629;-0.27826808966767791;0;0.34230306182845444;0.40925002405575323;0;0.5;-0.12392308149471475;0.50000000000000035;0.86691377590987867;0.25154903378051034
1;21;-0.37812577104825629;0.27826808966767791;0;-0.34230306182845444;-0.40925002405575323;0;0.5;-0.12392308149471475;0.50000000000000035;0.86691377590987867;0.25154903378051034
0;21.5;0.4350860666785531;0.010391863462365591;0;0.1139205912605936;0.577319906260087;0;0.5;-0.11407947720513918;0.50000000000000038;0.85698582025085654;0.23533814735322863
1;21.5;-0.4350860666785531;-0.010391863462365591;0;-0.1139205912605936;-0.577319906260087;0;0.5;-0.11407947720513918;0.50000000000000038;0.85698582025085654;0.23533814735322863
0;22;0.3271055437867687;0.2951122685426697;0;-0.21596104578356876;0.56944081016060821;0;0.5;-0.098281590000022543;0.50000000000000041;0.85991207737308508;0.23987606043373034
1;22;-0.3271055437867687;-0.2951122685426697;0;0.21596104578356876;-0.56944081016060821;0;0.5;-0.098281590000022543;0.50000000000000041;0.85991207737308508;0.23987606043373034
0;22.5;0.099578875729278621;0.47197900141991112;0;-0.45505333611498017;0.35373346575448289;0;0.5;-0.093037107453906295;0.5000000000000004;0.87271129089927041;0.26219192147834052
1;22.5;-0.099578875729278621;-0.47197900141991112;0;0.45505333611498017;-0.35373346575448289;0;0.5;-0.093037107453906295;0.5000000000000004;0.87271129089927041;0.26219192147834052
0;23;-0.15567322248709228;0.51743411969023534;0;-0.51050419643274181;0.090910236540648545;0;0.5;-0.096894279645005958;0.50000000000000034;0.88626805644147129;0.29133599547170594
1;23;0.15567322248709228;-0.51743411969023534;0;0.51050419643274181;-0.090910236540648545;0;0.5;-0.096894279645005958;0.50000000000000034;0.88626805644147129;0.29133599547170594
0;23.5;-0.38008977502598951;0.46039657301868386;0;-0.44883310507779445;-0.11407509334310301;0;0.5;-0.10214097269499986;0.50000000000000035;0.89667770320970514;0.31892783655697324
1;23.5;0.38008977502598951;-0.46039657301868386;0;0.44883310507779445;0.11407509334310301;0;0.5;-0.10214097269499986;0.50000000000000035;0.89667770320970514;0.31892783655697324
0;24;-0.54868901689846894;0.33574842423561591;0;-0.33719848374495887;-0.24929629756613594;0;0.5;-0.10639618350390028;0.50000000000000038;0.90369729562769705;0.34091306184859256
1;24;0.54868901689846894;-0.33574842423561591;0;0.33719848374495887;0.24929629756613594;0;0.5;-0.10639618350390028;0.50000000000000038;0.90369729562769705;0.34091306184859256
0;24.5;-0.65286961318052406;0.17168184701263664;0;-0.2083611925641102;-0.32813315444595853;0;0.5;-0.10962434860606834;0.50000000000000039;0.90789626840739451;0.35567065336227586
1;24.5;0.65286961318052406;-0.17168184701263664;0;0.2083611925641102;0.32813315444595853;0;0.5;-0.10962434860606834;0.50000000000000039;0.90789626840739451;0.35567065336227586
0;25;-0.69073108328372068;-0.009824338127126242;0;-0.075722940206393349;-0.36301237027952576;0;0.5;-0.11219340349565845;0.50000000000000038;0.90975003199791221;0.36262390865383484
1;25;0.69073108328372068;0.009824338127126242;0;0.075722940206393349;0.36301237027952576;0;0.5;-0.11219340349565845;0.50000000000000038;0.90975003199791221;0.36262390865383484
0;25.5;-0.66311382289498511;-0.19039921265403884;0;0.055234520777471138;-0.36114974905382519;0;0.5;-0.11444381852033016;0.50000000000000041;0.90948264651478537;0.36160335710851275
1;25.5;0.66311382289498511;0.19039921265403884;0;-0.055234520777471138;0.36114974905382519;0;0.5;-0.11444381852033016;0.50000000000000041;0.90948264651478537;0.36160335710851275
0;26;-0.57239120005587019;-0.35285470720430634;0;0.18144524567822978;-0.32491098910053501;0;0.5;-0.11665311980892869;0.50000000000000038;0.9070599272834213;0.3526246506610267
1;26;0.57239120005587019;0.35285470720430634;0;-0.18144524567822978;0.32491098910053501;0;0.5;-0.11665311980892869;0.50000000000000038;0.9070599272834213;0.3526246506610267
0;26.5;-0.42283350797795421;-0.47904089655285886;0;0.29911538415583194;-0.25237237869710505;0;0.5;-0.11904984961706802;0.50000000000000036;0.90218725856080683;0.33591648543867066
1;26.5;0.42283350797795421;0.47904089655285886;0;-0.29911538415583194;0.25237237869710505;0;0.5;-0.11904984961706802;0.50000000000000036;0.90218725856080683;0.33591648543867066
0;27;-0.22262332142677727;-0.54784133972167681;0;0.4004203731023539;-0.13760088633763587;0;0.5;-0.12174657109005432;0.50000000000000039;0.8943280126981098;0.31222304925157228
1;27;0.22262332142677727;0.54784133972167681;0;-0.4004203731023539;0.13760088633763587;0;0.5;-0.12174657109005432;0.50000000000000039;0.8943280126981098;0.31222304925157228
0;27.5;0.011229769526332645;-0.53385183212720355;0;0.46770618190621982;0.027979015188946615;0;0.5;-0.12432963008477397;0.50000000000000044;0.88296385236932085;0.28360769905496792
1;27.5;-0.011229769526332645;0.53385183212720355;0;-0.46770618190621982;-0.027979015188946615;0;0.5;-0.12432963008477397;0.50000000000000044;0.88296385236932085;0.28360769905496792
0;28;0.24277786296336537;-0.41028508484664405;0;0.46309618687406545;0.24713349456111899;0;0.5;-0.124434413517131;0.50000000000000045;0.86891879966955438;0.25512274264108554
1;28;-0.24277786296336537;0.41028508484664405;0;-0.46309618687406545;-0.24713349456111899;0;0.5;-0.124434413517131;0.50000000000000045;0.86891879966955438;0.25512274264108554
0;28.5;0.40430439775942628;-0.1683846444630997;0;0.32305306959212177;0.48380088076708871;0;0.5;-0.11619608828914984;0.50000000000000046;0.85775420945288406;0.23651154224300042
1;28.5;-0.40430439775942628;0.1683846444630997;0;-0.32305306959212177;-0.48380088076708871;0;0.5;-0.11619608828914984;0.50000000000000046;0.85775420945288406;0.23651154224300042
0;29;0.41543601428658666;0.1361522524668175;0;0.022263233054320777;0.6090737938598344;0;0.5;-0.10019152158465649;0.50000000000000045;0.85865701422539733;0.23790660587038715
1;29;-0.41543601428658666;-0.1361522524668175;0;-0.022263233054320777;-0.6090737938598344;0;0.5;-0.10019152158465649;0.50000000000000045;0.85865701422539733;0.23790660587038715
0;29.5;0.2711931964866518;0.38976775962334292;0;-0.28848563559986973;0.50723101431305084;0;0.5;-0.092997821213712585;0.50000000000000043;0.87064932714688011;0.25829675082308838
1;29.5;-0.2711931964866518;-0.38976775962334292;0;0.28848563559986973;-0.50723101431305084;0;0.5;-0.092997821213712585;0.50000000000000043;0.87064932714688011;0.25829675082308838
0;30;0.047789409250307058;0.52961052429751754;0;-0.44680757447268948;0.27968552934834923;0;0.5;-0.096136936821137127;0.50000000000000043;0.88447661018150164;0.28709084393062914
1;30;-0.047789409250307058;-0.52961052429751754;0;0.44680757447268948;-0.27968552934834923;0;0.5;-0.096136936821137127;0.50000000000000043;0.88447661018150164;0.28709084393062914
0;30.5;-0.18554620326793925;0.55938707812508215;0;-0.46667122503649261;0.059553107655129285;0;0.5;-0.10143136755202415;0.50000000000000039;0.89539788239672045;0.31523842544932963
1;30.5;0.18554620326793925;-0.55938707812508215;0;0.46667122503649261;-0.059553107655129285;0;0.5;-0.10143136755202415;0.50000000000000039;0.89539788239672045;0.31523842544932963
0;31;-0.39055697601706074;0.50376954100522153;0;-0.41002154549824299;-0.11123507423972115;0;0.5;-0.10585414790007632;0.50000000000000034;0.90287378917963897;0.33816883966896591
1;31;0.39055697601706074;-0.50376954100522153;0;0.41002154549824299;0.11123507423972115;0;0.5;-0.10585414790007632;0.50000000000000034;0.90287378917963897;0.33816883966896591
0;31.5;-0.54844457603199193;0.38736901815788077;0;-0.31577520002986237;-0.23280104569468149;0;0.5;-0.10920889094580144;0.50000000000000032;0.90744440663237451;0.35401809343680374
1;31.5;0.54844457603199193;-0.38736901815788077;0;0.31577520002986237;0.23280104569468149;0;0.5;-0.10920889094580144;0.50000000000000032;0.90744440663237451;0.35401809343680374
0;32;-0.64971605203715044;0.23098025706731751;0;-0.20254295201031705;-0.31277752218112653;0;0.5;-0.11185024094260008;0.50000000000000033;0.90961606476244499;0.36211182864467651
1;32;0.64971605203715044;-0.23098025706731751;0;0.20254295201031705;0.31277752218112653;0;0.5;-0.11185024094260008;0.50000000000000033;0.90961606476244499;0.36211182864467651
0;32.5;-0.68906176543925035;0.05257629638256861;0;-0.078691426804199799;-0.35680792136949779;0;0.5;-0.11412820422643054;0.50000000000000037;0.90965031394437467;0.36224259882155684
1;32.5;0.68906176543925035;-0.05257629638256861;0;0.078691426804199799;0.35680792136949779;0;0.5;-0.11412820422643054;0.50000000000000037;0.90965031394437467;0.36224259882155684
0;33;-0.66316174880326784;-0.13080599717774269;0;0.051800033271965008;-0.3667645871206226;0;0.5;-0.11632814009740821;0.5000000000000004;0.90755004055397347;0.35440297002852029
1;33;0.66316174880326784;0.13080599717774269;0;-0.051800033271965008;0.3667645871206226;0;0.5;-0.11632814009740821;0.5000000000000004;0.90755004055397347;0.35440297002852029
0;33.5;-0.57015799382716414;-0.30095234728417752;0;0.18600750995220749;-0.34029270021286967;0;0.5;-0.11868632255152644;0.50000000000000044;0.90305846398980676;0.338780176661048
1;33.5;0.57015799382716414;0.30095234728417752;0;-0.18600750995220749;0.34029270021286967;0;0.5;-0.11868632255152644;0.50000000000000044;0.90305846398980676;0.338780176661048
0;34;-0.41066525171530704;-0.43600313271609825;0;0.3189854842237142;-0.27010157086384146;0;0.5;-0.1213442161346414;0.50000000000000044;0.89566826859006045;0.31601031743592629
1;34;0.41066525171530704;0.43600313271609825;0;-0.3189854842237142;0.27010157086384146;0;0.5;-0.1213442161346414;0.50000000000000044;0.89566826859006045;0.31601031743592629
0;34.5;-0.19144701251660276;-0.50764338189221692;0;0.43843647839740857;-0.14328049835223727;0;0.5;-0.12401822671770024;0.50000000000000048;0.88481698124999563;0.28788721273990559
1;34.5;0.19144701251660276;0.50764338189221692;0;-0.43843647839740857;0.14328049835223727;0;0.5;-0.12401822671770024;0.50000000000000048;0.88481698124999563;0.28788721273990559
0;35;0.065233508774508925;-0.47994815790110246;0;0.51336104258222337;0.05539044798222896;0;0.5;-0.12476810771611356;0.50000000000000047;0.87097131999856633;0.25889677030763455
1;35;-0.065233508774508925;0.47994815790110246;0;-0.51336104258222337;-0.05539044798222896;0;0.5;-0.12476810771611356;0.50000000000000047;0.87097131999856633;0.25889677030763455
0;35.5;0.30397441689531751;-0.32026426035407674;0;0.47748181624161717;0.31936779509405144;0;0.5;-0.11809895839220116;0.50000000000000048;0.85879726769594633;0.23812494429726753
1;35.5;-0.30397441689531751;0.32026426035407674;0;-0.47748181624161717;-0.31936779509405144;0;0.5;-0.11809895839220116;0.50000000000000048;0.85879726769594633;0.23812494429726753
0;36;0.43237441474715843;-0.044326335987891929;0;0.25679999570368184;0.55187584873236961;0;0.5;-0.10233733317768632;0.5000000000000005;0.85764978056695073;0.23635132198774645
1;36;-0.43237441474715843;0.044326335987891929;0;-0.25679999570368184;-0.55187584873236961;0;0.5;-0.10233733317768632;0.5000000000000005;0.85764978056695073;0.23635132198774645
0;36.5;0.39621637159737982;0.24848181650965118;0;-0.072316086299557228;0.58561630499508621;0;0.5;-0.093185041278401816;0.50000000000000055;0.86861264484122475;0.25456996545951053
1;36.5;-0.39621637159737982;-0.24848181650965118;0;0.072316086299557228;-0.58561630499508621;0;0.5;-0.093185041278401816;0.50000000000000055;0.86861264484122475;0.25456996545951053
0;37;0.23902135831958832;0.46538324642281148;0;-0.31439002655558301;0.43380285982632066;0;0.5;-0.095412481249427149;0.50000000000000054;0.88261749324351131;0.28282288474500031
1;37;-0.23902135831958832;-0.46538324642281148;0;0.31439002655558301;-0.43380285982632066;0;0.5;-0.095412481249427149;0.50000000000000054;0.88261749324351131;0.28282288474500031
0;37.5;0.029665558889348298;0.58072573546870643;0;-0.41871159886048004;0.23068497809178995;0;0.5;-0.10070012760487198;0.50000000000000053;0.89404464455639313;0.31143462335624874
1;37.5;-0.029665558889348298;-0.58072573546870643;0;0.41871159886048004;-0.23068497809178995;0;0.5;-0.10070012760487198;0.50000000000000053;0.89404464455639313;0.31143462335624874
0;38;-0.18440534798330899;0.60376643281315123;0;-0.42814181374531457;0.046081394688889596;0;0.5;-0.1052897770216269;0.50000000000000057;0.90198950985996633;0.33527358552906713
1;38;0.18440534798330899;-0.60376643281315123;0;0.42814181374531457;-0.046081394688889596;0;0.5;-0.1052897770216269;0.50000000000000057;0.90198950985996633;0.33527358552906713
0;38.5;-0.37557196110712321;0.55181557549782978;0;-0.38233322624762844;-0.10390171463064285;0;0.5;-0.10877910649212567;0.50000000000000052;0.90694247546196491;0.3522012795744701
1;38.5;0.37557196110712321;-0.55181557549782978;0;0.38233322624762844;0.10390171463064285;0;0.5;-0.10877910649212567;0.50000000000000052;0.90694247546196491;0.3522012795744701
0;39;-0.5272754377257598;0.44188282486608266;0;-0.30340695323727318;-0.21986550126349427;0;0.5;-0.11150005643067618;0.5000000000000005;0.90943742128304134;0.36143133959755265
1;39;0.5272754377257598;-0.44188282486608266;0;0.30340695323727318;0.21986550126349427;0;0.5;-0.11150005643067618;0.5000000000000005;0.90943742128304134;0.36143133959755265
0;39.5;-0.62837191533825976;0.28953891285864186;0;-0.20219295522499986;-0.30468782401488159;0;0.5;-0.11381145797901465;0.50000000000000055;0.90977332491454169;0.36271309968097438
1;39.5;0.62837191533825976;-0.28953891285864186;0;0.20219295522499986;0.30468782401488159;0;0.5;-0.11381145797901465;0.50000000000000055;0.90977332491454169;0.36271309968097438
0;40;-0.67017676727125364;0.10987482243166682;0;-0.083609703865987733;-0.35932818085395007;0;0.5;-0.11600698702182799;0.50000000000000057;0.90799012035842711;0.35601593177554902
1;40;0.67017676727125364;-0.10987482243166682;0;0.083609703865987733;0.35932818085395007;0;0.5;-0.11600698702182799;0.50000000000000057;0.90799012035842711;0.35601593177554902
0;40.5;-0.64511764309632613;-0.080751551172993347;0;0.050118248349855031;-0.38125274720932034;0;0.5;-0.11832999270678784;0.50000000000000055;0.90386882497493816;0.34149059244274314
1;40.5;0.64511764309632613;0.080751551172993347;0;-0.050118248349855031;0.38125274720932034;0;0.5;-0.11832999270678784;0.50000000000000055;0.90386882497493816;0.34149059244274314
0;41;-0.54670105832840743;-0.26219552402270896;0;0.19683316953583735;-0.36288794569943117;0;0.5;-0.12094499474117364;0.50000000000000051;0.89693447990213018;0.31967913215218446
1;41;0.54670105832840743;0.26219552402270896;0;-0.19683316953583735;0.36288794569943117;0;0.5;-0.12094499474117364;0.50000000000000051;0.89693447990213018;0.31967913215218446
0;41.5;-0.37163907144026576;-0.40688068496470869;0;0.35012397377628335;-0.28937032188399947;0;0.5;-0.12367442589417909;0.5000000000000005;0.88660008333422631;0.29213758356606943
1;41.5;0.37163907144026576;0.40688068496470869;0;-0.35012397377628335;0.28937032188399947;0;0.5;-0.12367442589417909;0.5000000000000005;0.88660008333422631;0.29213758356606943
0;42;-0.12717477297141333;-0.47558228485469844;0;0.48892859693770485;-0.13740319977997956;0;0.5;-0.12494866538365157;0.50000000000000048;0.87304444576038124;0.26283320362592011
1;42;0.12717477297141333;0.47558228485469844;0;-0.48892859693770485;0.13740319977997956;0;0.5;-0.12494866538365157;0.50000000000000048;0.87304444576038124;0.26283320362592011
0;42.5;0.15060003395566512;-0.41971603726918405;0;0.55554961385415691;0.1117324951710288;0;0.5;-0.11976149807603285;0.50000000000000051;0.86008645507548169;0.24015250817417792
1;42.5;-0.15060003395566512;0.41971603726918405;0;-0.55554961385415691;-0.1117324951710288;0;0.5;-0.11976149807603285;0.50000000000000051;0.86008645507548169;0.24015250817417792
0;43;0.37529701048819153;-0.21592408173458966;0;0.44939395306505275;0.40758391106918879;0;0.5;-0.1046576341205759;0.50000000000000053;0.85691747220683169;0.23523438841304924
1;43;-0.37529701048819153;0.21592408173458966;0;-0.44939395306505275;-0.40758391106918879;0;0.5;-0.1046576341205759;0.50000000000000053;0.85691747220683169;0.23523438841304924
0;43.5;0.45550864477684483;0.070996339991444946;0;0.16042326857730665;0.5738408434520692;0;0.5;-0.093630353404530294;0.50000000000000053;0.86662822819692432;0.25104886801920141
1;43.5;-0.45550864477684483;-0.070996339991444946;0;-0.16042326857730665;-0.5738408434520692;0;0.5;-0.093630353404530294;0.50000000000000053;0.86662822819692432;0.25104886801920141
0;44;0.39043535340374635;0.33527240996655561;0;-0.13014658274619689;0.52855213995022132;0;0.5;-0.094738682291704561;0.50000000000000048;0.88069725927129121;0.27855483743243267
1;44;-0.39043535340374635;-0.33527240996655561;0;0.13014658274619689;-0.52855213995022132;0;0.5;-0.094738682291704561;0.50000000000000048;0.88069725927129121;0.27855483743243267
0;44.5;0.23584502486948145;0.52267892261176385;0;-0.30918065706852982;0.37481302529041644;0;0.5;-0.099949694426017502;0.50000000000000047;0.89261772720587599;0.30752789956367804
1;44.5;-0.23584502486948145;-0.52267892261176385;0;0.30918065706852982;-0.37481302529041644;0;0.5;-0.099949694426017502;0.50000000000000047;0.89261772720587599;0.30752789956367804
0;45;0.042166370777621864;0.6234580243101101;0;-0.38735730818371916;0.20155820339669248;0;0.5;-0.10470196866684058;0.5000000000000005;0.90104344881405657;0.33223350161497496
1;45;-0.042166370777621864;-0.6234580243101101;0;0.38735730818371916;-0.20155820339669248;0;0.5;-0.10470196866684058;0.5000000000000005;0.90104344881405657;0.33223350161497496
0;45.5;-0.15691262872126108;0.64438940338107276;0;-0.39815799899776588;0.041862758141925249;0;0.5;-0.1083335910567586;0.50000000000000051;0.90639004312077814;0.35022424771148322
1;45.5;0.15691262872126108;-0.64438940338107276;0;0.39815799899776588;-0.041862758141925249;0;0.5;-0.1083335910567586;0.50000000000000051;0.90639004312077814;0.35022424771148322
0;46;-0.33918280588440508;0.59629238693833753;0;-0.36454035432628806;-0.096194032885470501;0;0.5;-0.11114163218373271;0.50000000000000049;0.90921439825112636;0.36058556739575268
1;46;0.33918280588440508;-0.59629238693833753;0;0.36454035432628806;0.096194032885470501;0;0.5;-0.11114163218373271;0.50000000000000049;0.90921439825112636;0.36058556739575268
0;46.5;-0.48862133408097319;0.49047645907155696;0;-0.29887705639313628;-0.21163185573356114;0;0.5;-0.11349250862468295;0.50000000000000045;0.90985270448054085;0.36301739938185025
1;46.5;0.48862133408097319;-0.49047645907155696;0;0.29887705639313628;0.21163185573356114;0;0.5;-0.11349250862468295;0.50000000000000045;0.90985270448054085;0.36301739938185025
0;47;-0.59204619089243549;0.33847216193863022;0;-0.20684971362292451;-0.30400859426585347;0;0.5;-0.11568869946057905;0.50000000000000049;0.90838196133073017;0.35746516340354362
1;47;0.59204619089243549;-0.33847216193863022;0;0.20684971362292451;0.30400859426585347;0;0.5;-0.11568869946057905;0.50000000000000049;0.90838196133073017;0.35746516340354362
0;47.5;-0.63713846833550591;0.15311919276963348;0;-0.090184554886140772;-0.37070593833799348;0;0.5;-0.11798028984901954;0.50000000000000049;0.90462085759042711;0.34404723201367108
1;47.5;0.63713846833550591;-0.15311919276963348;0;0.090184554886140772;0.37070593833799348;0;0.5;-0.11798028984901954;0.50000000000000049;0.90462085759042711;0.34404723201367108
0;48;-0.6114680170596698;-0.049239705939172373;0;0.051340902551672195;-0.40471779741761171;0;0.5;-0.12055026737626048;0.50000000000000046;0.89812892432093732;0.32322386432459463
1;48;0.6114680170596698;0.049239705939172373;0;-0.051340902551672195;0.40471779741761171;0;0.5;-0.12055026737626048;0.50000000000000046;0.89812892432093732;0.32322386432459463
0;48.5;-0.50302396921489678;-0.2449330924038858;0;0.21688809568954612;-0.39138677292942686;0;0.5;-0.12330705937027279;0.50000000000000048;0.88831014732834126;0.29634183947502724
1;48.5;0.50302396921489678;0.2449330924038858;0;-0.21688809568954612;0.39138677292942686;0;0.5;-0.12330705937027279;0.50000000000000048;0.88831014732834126;0.29634183947502724
0;49;-0.30482268516310967;-0.39692176741295493;0;0.39640256810357422;-0.30397735001813825;0;0.5;-0.12499983003077181;0.50000000000000051;0.87511578313406384;0.26689741850553673
1;49;0.30482268516310967;0.39692176741295493;0;-0.39640256810357422;0.30397735001813825;0;0.5;-0.12499983003077181;0.50000000000000051;0.87511578313406384;0.26689741850553673
0;49.5;-0.030627285511288682;-0.44995547566550015;0;0.54839079930364198;-0.10606741650509045;0;0.5;-0.1211725504813405;0.50000000000000047;0.86158864289549027;0.2425630080500541
1;49.5;0.030627285511288682;0.44995547566550015;0;-0.54839079930364198;0.10606741650509045;0;0.5;-0.1211725504813405;0.50000000000000047;0.86158864289549027;0.2425630080500541
0;50;0.25400182115624675;-0.34970417922901148;0;0.56925821333507087;0.20050259287297736;0;0.5;-0.1070797136601428;0.50000000000000046;0.85648012086716508;0.23457280126332428
1;50;-0.25400182115624675;0.34970417922901148;0;-0.56925821333507087;-0.20050259287297736;0;0.5;-0.1070797136601428;0.50000000000000046;0.85648012086716508;0.23457280126332428
0;50.5;0.44032337455951454;-0.1141051830406167;0;0.37264310680653562;0.47119799237678955;0;0.5;-0.094359934872440903;0.50000000000000042;0.86472567942630401;0.24777056114422842
1;50.5;-0.44032337455951454;0.1141051830406167;0;-0.37264310680653562;-0.47119799237678955;0;0.5;-0.094359934872440903;0.50000000000000042;0.86472567942630401;0.24777056114422842
0;51;0.48043854535649794;0.15938166333444045;0;0.080230341593966775;0.54697369275011432;0;0.5;-0.094136502803251985;0.50000000000000039;0.87872407704427813;0.27431049745130924
1;51;-0.48043854535649794;-0.15938166333444045;0;-0.080230341593966775;-0.54697369275011432;0;0.5;-0.094136502803251985;0.50000000000000039;0.87872407704427813;0.27431049745130924
0;51.5;0.40479361678059372;0.39446601814396232;0;-0.15128985715180845;0.47016870961904378;0;0.5;-0.099183477382319664;0.5000000000000004;0.89111705555477956;0.30353008897967226
1;51.5;-0.40479361678059372;-0.39446601814396232;0;0.15128985715180845;-0.47016870961904378;0;0.5;-0.099183477382319664;0.5000000000000004;0.89111705555477956;0.30353008897967226
0;52;0.25909092430087288;0.56128000992998006;0;-0.29140538495944168;0.33362798357203544;0;0.5;-0.10408965590752012;0.50000000000000037;0.90003445756397829;0.32905478714831365
1;52;-0.25909092430087288;-0.56128000992998006;0;0.29140538495944168;-0.33362798357203544;0;0.5;-0.10408965590752012;0.50000000000000037;0.90003445756397829;0.32905478714831365
0;52.5;0.079117083395864679;0.65385091280671825;0;-0.35994768181001641;0.18514180575347647;0;0.5;-0.10787081456284881;0.50000000000000036;0.90578654404086752;0.34809102525280537
1;52.5;-0.079117083395864679;-0.65385091280671825;0;0.35994768181001641;-0.18514180575347647;0;0.5;-0.10787081456284881;0.50000000000000036;0.90578654404086752;0.34809102525280537
0;53;-0.1095107240032831;0.67490244655707032;0;-0.37725561479829556;0.042103067500704167;0;0.5;-0.11077362727658057;0.50000000000000033;0.90894721701971113;0.3595778015691577
1;53;0.1095107240032831;-0.67490244655707032;0;0.37725561479829556;-0.042103067500704167;0;0.5;-0.11077362727658057;0.50000000000000033;0.90894721701971113;0.3595778015691577
0;53.5;-0.28743187460052788;0.62997004187747851;0;-0.35584230119448962;-0.089864809359183506;0;0.5;-0.11317017847637572;0.50000000000000025;0.90988945597164851;0.36315846735283191
1;53.5;0.28743187460052788;-0.62997004187747851;0;0.35584230119448962;0.089864809359183506;0;0.5;-0.11317017847637572;0.50000000000000025;0.90988945597164851;0.36315846735283191
0;54;-0.43829911115162762;0.52574304647691594;0;-0.30173447310219947;-0.20845399080112514;0;0.5;-0.11537220066593447;0.50000000000000022;0.90872738897491982;0.35875307928387997
1;54;0.43829911115162762;-0.52574304647691594;0;0.30173447310219947;0.20845399080112514;0;0.5;-0.11537220066593447;0.50000000000000022;0.90872738897491982;0.35875307928387997
0;54.5;-0.54645534911462312;0.37028389033393072;0;-0.21631247592599112;-0.31091831228597039;0;0.5;-0.11763643135165418;0.50000000000000018;0.90531721337335713;0.34645090093192276
1;54.5;0.54645534911462312;-0.37028389033393072;0;0.21631247592599112;0.31091831228597039;0;0.5;-0.11763643135165418;0.50000000000000018;0.90531721337335713;0.34645090093192276
0;55;-0.5952387138169738;0.17459305098594954;0;-0.097566729404701361;-0.39138167869596235;0;0.5;-0.12016077641670991;0.50000000000000019;0.89925439189897208;0.32664104428568701
1;55;0.5952387138169738;-0.17459305098594954;0;0.097566729404701361;0.39138167869596235;0;0.5;-0.12016077641670991;0.50000000000000019;0.89925439189897208;0.32664104428568701
0;55.5;-0.56609249108075144;-0.043955784855116614;0;0.058292445472444693;-0.43709767168213232;0;0.5;-0.12292312023490418;0.50000000000000021;0.88994604435177125;0.3004864927145396
1;55.5;0.56609249108075144;0.043955784855116614;0;-0.058292445472444693;0.43709767168213232;0;0.5;-0.12292312023490418;0.50000000000000021;0.88994604435177125;0.3004864927145396
0;56;-0.44030572226010023;-0.25500070372343109;0;0.25157353764130247;-0.42208983773662895;0;0.5;-0.12494347374668531;0.50000000000000026;0.87716734749988615;0.27105860306911956
1;56;0.44030572226010023;0.25500070372343109;0;-0.25157353764130247;0.42208983773662895;0;0.5;-0.12494347374668531;0.50000000000000026;0.87716734749988615;0.27105860306911956
0;56.5;-0.21006613928859694;-0.40555233402479451;0;0.46047916594300659;-0.30110326060272691;0;0.5;-0.12233374380419598;0.50000000000000024;0.86326887643859026;0.2453223437143598
1;56.5;0.21006613928859694;0.40555233402479451;0;-0.46047916594300659;0.30110326060272691;0;0.5;-0.12233374380419598;0.50000000000000024;0.86326887643859026;0.2453223437143598
0;57;0.089075649419088715;-0.42308181020651875;0;0.5982835774153713;-0.035058952363448484;0;0.5;-0.10952665940864577;0.50000000000000024;0.85635006223511496;0.23437684198818433
1;57;-0.089075649419088715;0.42308181020651875;0;-0.5982835774153713;0.035058952363448484;0;0.5;-0.10952665940864577;0.50000000000000024;0.85635006223511496;0.23437684198818433
0;57.5;0.35377601109596646;-0.27702515045413584;0;0.52940072335375554;0.29211331950476582;0;0.5;-0.095392282930834229;0.5000000000000002;0.86293671016005129;0.24477145241753354
1;57.5;-0.35377601109596646;0.27702515045413584;0;-0.52940072335375554;-0.29211331950476582;0;0.5;-0.095392282930834229;0.5000000000000002;0.86293671016005129;0.24477145241753354
0;58;0.49661315722506161;-0.035543208706610402;0;0.2856742922581903;0.48296388349505087;0;0.5;-0.093630807789638882;0.50000000000000022;0.8767076079443798;0.27011401859957858
1;58;-0.49661315722506161;0.035543208706610402;0;-0.2856742922581903;-0.48296388349505087;0;0.5;-0.093630807789638882;0.50000000000000022;0.8767076079443798;0.27011401859957858
0;58.5;0.51370692465396517;0.21493833985276153;0;0.034187534857807178;0.50096309711874387;0;0.5;-0.098406446459559137;0.50000000000000021;0.889542268920716;0.29945204807222518
1;58.5;-0.51370692465396517;-0.21493833985276153;0;-0.034187534857807178;-0.50096309711874387;0;0.5;-0.098406446459559137;0.50000000000000021;0.889542268920716;0.29945204807222518
0;59;0.4378341068231032;0.42652206060696185;0;-0.151745635661724;0.42316744150840058;0;0.5;-0.10345212477193324;0.50000000000000025;0.89896065171059633;0.32574181747120817
1;59;-0.4378341068231032;-0.42652206060696185;0;0.151745635661724;-0.42316744150840058;0;0.5;-0.10345212477193324;0.50000000000000025;0.89896065171059633;0.32574181747120817
0;59.5;0.30204914898574714;0.57974155387701343;0;-0.27156991567471211;0.30643898654010326;0;0.5;-0.10738938066340843;0.50000000000000024;0.90513066765199678;0.34580351627539618
1;59.5;-0.30204914898574714;-0.57974155387701343;0;0.27156991567471211;-0.30643898654010326;0;0.5;-0.10738938066340843;0.50000000000000024;0.90513066765199678;0.34580351627539618
0;60;0.13247509842294652;0.66810755828102597;0;-0.33914810112560123;0.17673200880802517;0;0.5;-0.11039484339400377;0.5000000000000002;0.9086354138093215;0.35840919923370362
1;60;-0.13247509842294652;-0.66810755828102597;0;0.33914810112560123;-0.17673200880802517;0;0.5;-0.11039484339400377;0.5000000000000002;0.9086354138093215;0.35840919923370362
0;60.5;-0.05020052192513566;0.69039882182357604;0;-0.36535124069616437;0.044582527085100097;0;0.5;-0.1128434682559313;0.50000000000000021;0.90988394151082721;0.36313729313499619
1;60.5;0.05020052192513566;-0.69039882182357604;0;0.36535124069616437;-0.044582527085100097;0;0.5;-0.1128434682559313;0.50000000000000021;0.90988394151082721;0.36313729313499619
0;61;-0.22814655793840197;0.64764495580867487;0;-0.35589207202653261;-0.085507732029802275;0;0.5;-0.1150566062544448;0.50000000000000017;0.90902760978941625;0.35988040644007637
1;61;0.22814655793840197;-0.64764495580867487;0;0.35589207202653261;0.085507732029802275;0;0.5;-0.1150566062544448;0.50000000000000017;0.90902760978941625;0.35988040644007637
0;61.5;-0.38407101142085015;0.54237790978402112;0;-0.31184890696489637;-0.21053409204930759;0;0.5;-0.11729776328807305;0.50000000000000018;0.90595996650511691;0.34870122084091563
1;61.5;0.38407101142085015;-0.54237790978402112;0;0.31184890696489637;0.21053409204930759;0;0.5;-0.11729776328807305;0.50000000000000018;0.90595996650511691;0.34870122084091563
0;62;-0.49910768311545201;0.37936990189985076;0;-0.23007334338920371;-0.32601601576834072;0;0.5;-0.11977705505822281;0.50000000000000018;0.90031334190999119;0.32992692775751495
1;62;0.49910768311545201;-0.37936990189985076;0;0.23007334338920371;0.32601601576834072;0;0.5;-0.11977705505822281;0.50000000000000018;0.90031334190999119;0.32992692775751495
0;62.5;-0.55084406156244303;0.1682475754989225;0;-0.10347275689398196;-0.42224465280185652;0;0.5;-0.12252825328857997;0.50000000000000024;0.89150742564594305;0.30455936080969295
1;62.5;0.55084406156244303;-0.1682475754989225;0;0.10347275689398196;0.42224465280185652;0;0.5;-0.12252825328857997;0.50000000000000024;0.89150742564594305;0.30455936080969295
0;63;-0.51248787542606766;-0.070392258340747971;0;0.076712372272750837;-0.47727966767934094;0;0.5;-0.12479912573404945;0.50000000000000032;0.87918461171333697;0.27528865625593897
1;63;0.51248787542606766;0.070392258340747971;0;-0.076712372272750837;0.47727966767934094;0;0.5;-0.12479912573404945;0.50000000000000032;0.87918461171333697;0.27528865625593897
0;63.5;-0.35843867155875742;-0.29314119371659408;0;0.30809840773462049;-0.44549787075169223;0;0.5;-0.12325607104930995;0.50000000000000029;0.86509219130682599;0.24839487180192903
1;63.5;0.35843867155875742;0.29314119371659408;0;-0.30809840773462049;0.44549787075169223;0;0.5;-0.12325607104930995;0.50000000000000029;0.86509219130682599;0.24839487180192903
0;64;-0.091566582457402179;-0.42362041078266033;0;0.53374417820271047;-0.26095843413213249;0;0.5;-0.11192368642669816;0.50000000000000026;0.85653174023219053;0.23465067526160556
1;64;0.091566582457402179;0.42362041078266033;0;-0.53374417820271047;0.26095843413213249;0;0.5;-0.11192368642669816;0.50000000000000026;0.85653174023219053;0.23465067526160556
0;64.5;0.21045422111566625;-0.39148885366245123;0;0.60404160714613686;0.064263114240418251;0;0.5;-0.096735168112473683;0.50000000000000026;0.86129500002508801;0.24208768086758711
1;64.5;-0.21045422111566625;0.39148885366245123;0;-0.60404160714613686;-0.064263114240418251;0;0.5;-0.096735168112473683;0.50000000000000026;0.86129500002508801;0.24208768086758711
0;65;0.4375758095498341;-0.22002909623577291;0;0.45424317686833565;0.34291951485335664;0;0.5;-0.09325079706470102;0.50000000000000027;0.87465967114264944;0.26599088279442835
1;65;-0.4375758095498341;0.22002909623577291;0;-0.45424317686833565;-0.34291951485335664;0;0.5;-0.09325079706470102;0.50000000000000027;0.87465967114264944;0.26599088279442835
0;65.5;0.54831223403795226;0.0099533717233877828;0;0.22147284897623626;0.45996493591832138;0;0.5;-0.097625763741035691;0.50000000000000029;0.88789294203986985;0.29530425114141563
1;65.5;-0.54831223403795226;-0.0099533717233877828;0;-0.22147284897623626;-0.45996493591832138;0;0.5;-0.097625763741035691;0.50000000000000029;0.88789294203986985;0.29530425114141563
0;66;0.55515727723321173;0.23804992601389147;0;0.013690086390518851;0.45619310858100737;0;0.5;-0.10278928796061569;0.50000000000000035;0.89781938596923777;0.32229727278590881
1;66;-0.55515727723321173;-0.23804992601389147;0;-0.013690086390518851;-0.45619310858100737;0;0.5;-0.10278928796061569;0.50000000000000035;0.89781938596923777;0.32229727278590881
0;66.5;0.48328622929315296;0.43239323516230976;0;-0.14374209588011752;0.38868661829683665;0;0.5;-0.10688818330015048;0.5000000000000003;0.9044202399051115;0.3433612590611426
1;66.5;-0.48328622929315296;-0.43239323516230976;0;0.14374209588011752;-0.38868661829683665;0;0.5;-0.10688818330015048;0.5000000000000003;0.9044202399051115;0.3433612590611426
0;67;0.35603431329894319;0.57718762018960246;0;-0.25450383198841953;0.28958877005458539;0;0.5;-0.11000435464098247;0.50000000000000032;0.9082776740923813;0.35707824282411579
1;67;-0.35603431329894319;-0.57718762018960246;0;0.25450383198841953;-0.28958877005458539;0;0.5;-0.11000435464098247;0.50000000000000032;0.9082776740923813;0.35707824282411579
0;67.5;0.19310950761413676;0.66415064027058057;0;-0.32584961136961288;0.17392604016195617;0;0.5;-0.11251168639476067;0.50000000000000035;0.90983567750414423;0.36295208162350132
1;67.5;-0.19310950761413676;-0.66415064027058057;0;0.32584961136961288;-0.17392604016195617;0;0.5;-0.11251168639476067;0.50000000000000035;0.90983567750414423;0.36295208162350132
0;68;0.011946410925475576;0.68838773454238034;0;-0.36232619337732236;0.048474188543599528;0;0.5;-0.11474136570895188;0.50000000000000034;0.90928296019174285;0.36084513168915201
1;68;-0.011946410925475576;-0.68838773454238034;0;0.36232619337732236;-0.048474188543599528;0;0.5;-0.11474136570895188;0.50000000000000034;0.90928296019174285;0.36084513168915201
0;68.5;-0.17036059597320188;0.64670931972066881;0;-0.36461401379735492;-0.083356829643423058;0;0.5;-0.11696393399828315;0.50000000000000033;0.90655029077570082;0.3507953253895698
1;68.5;0.17036059597320188;-0.64670931972066881;0;0.36461401379735492;0.083356829643423058;0;0.5;-0.11696393399828315;0.50000000000000033;0.90655029077570082;0.3507953253895698
0;69;-0.33486902184886236;0.53746534985007066;0;-0.329016851751321;-0.21848793974119621;0;0.5;-0.11939968704837286;0.50000000000000027;0.90130743670601611;0.33307592419702344
1;69;0.33486902184886236;-0.53746534985007066;0;0.329016851751321;0.21848793974119621;0;0.5;-0.11939968704837286;0.50000000000000027;0.90130743670601611;0.33307592419702344
0;69.5;-0.45816786090919126;0.36207992302238351;0;-0.24659767812065786;-0.3507708536553743;0;0.5;-0.12212719685860491;0.50000000000000024;0.8929939320854167;0.30854775433440374
1;69.5;0.45816786090919126;-0.36207992302238351;0;0.24659767812065786;0.3507708536553743;0;0.5;-0.12212719685860491;0.50000000000000024;0.8929939320854167;0.30854775433440374
0;70;-0.50957056919251276;0.12987657482044784;0;-0.10280541656664308;-0.46440669640387133;0;0.5;-0.12458400633476511;0.50000000000000022;0.8811554263175696;0.27956061075068413
1;70;0.50957056919251276;-0.12987657482044784;0;0.10280541656664308;0.46440669640387133;0;0.5;-0.12458400633476511;0.50000000000000022;0.8811554263175696;0.27956061075068413
0;70.5;-0.45146655850736001;-0.13023725024044019;0;0.11620802137030552;-0.52022765012177608;0;0.5;-0.12395687224076522;0.50000000000000026;0.86702444670239717;0.25174346566388777
1;70.5;0.45146655850736001;0.13023725024044019;0;-0.11620802137030552;0.52022765012177608;0;0.5;-0.12395687224076522;0.50000000000000026;0.86702444670239717;0.25174346566388777
0;71;-0.25736696032229234;-0.35111961722970375;0;0.38819919637013528;-0.44176473397852711;0;0.5;-0.11420316838746359;0.50000000000000024;0.8570212377784832;0.23539195385705982
1;71;0.25736696032229234;0.35111961722970375;0;-0.38819919637013528;0.44176473397852711;0;0.5;-0.11420316838746359;0.50000000000000024;0.8570212377784832;0.23539195385705982
0;71.5;0.034211585615174622;-0.43901377633122729;0;0.58315709187493392;-0.17578831820304708;0;0.5;-0.098381606738332597;0.5000000000000002;0.85983567491999139;0.23975515470000424
1;71.5;-0.034211585615174622;0.43901377633122729;0;-0.58315709187493392;0.17578831820304708;0;0.5;-0.098381606738332597;0.5000000000000002;0.85983567491999139;0.23975515470000424
0;72;0.31326896890708666;-0.36623245669538462;0;0.55811476658382408;0.14556263927168531;0;0.5;-0.093029497106784392;0.50000000000000021;0.87259541111118833;0.26196965716948437
1;72;-0.31326896890708666;0.36623245669538462;0;-0.55811476658382408;-0.14556263927168531;0;0.5;-0.093029497106784392;0.50000000000000021;0.87259541111118833;0.26196965716948437
0;72.5;0.50486916539091364;-0.19120781403863993;0;0.38320039296765396;0.35004928531348939;0;0.5;-0.096851208477840434;0.50000000000000023;0.88616947310888303;0.29109889679991684
1;72.5;-0.50486916539091364;0.19120781403863993;0;-0.38320039296765396;-0.35004928531348939;0;0.5;-0.096851208477840434;0.50000000000000023;0.88616947310888303;0.29109889679991684
0;73;0.59619834986183706;0.021792213792567516;0;0.18265836894184695;0.42600005566241489;0;0.5;-0.10210178561453724;0.50000000000000018;0.89660786230608036;0.31872413860237568
1;73;-0.59619834986183706;-0.021792213792567516;0;-0.18265836894184695;-0.42600005566241489;0;0.5;-0.10210178561453724;0.50000000000000018;0.89660786230608036;0.31872413860237568
0;73.5;0.59978731663497553;0.23158516535004886;0;0.0071779335462769465;0.41958590311496269;0;0.5;-0.10636636123773204;0.50000000000000017;0.90365270051734788;0.3407632500972486
1;73.5;-0.59978731663497553;-0.23158516535004886;0;-0.0071779335462769465;-0.41958590311496269;0;0.5;-0.10636636123773204;0.50000000000000017;0.90365270051734788;0.3407632500972486
0;74;0.53285363692073151;0.41414846683868256;0;-0.1338673594284881;0.36512660297726734;0;0.5;-0.10960140935219225;0.5000000000000002;0.90787224140811783;0.35558237215704884
1;74;-0.53285363692073151;-0.41414846683868256;0;0.1338673594284881;-0.36512660297726734;0;0.5;-0.10960140935219225;0.5000000000000002;0.90787224140811783;0.35558237215704884
0;74.5;0.41174555772556282;0.55460593863534602;0;-0.24221615839033742;0.28091494359332686;0;0.5;-0.1121743284659242;0.50000000000000022;0.90974370134221406;0.36259967588231518
1;74.5;-0.41174555772556282;-0.55460593863534602;0;0.24221615839033742;-0.28091494359332686;0;0.5;-0.1121743284659242;0.50000000000000022;0.90974370134221406;0.36259967588231518
0;75;0.25159525228644275;0.64247498506550582;0;-0.32030061087824008;0.17573809286031961;0;0.5;-0.11442613499675953;0.5000000000000002;0.90949324247674296;0.36164368454859311
1;75;-0.25159525228644275;-0.64247498506550582;0;0.32030061087824008;-0.17573809286031961;0;0.5;-0.11442613499675953;0.5000000000000002;0.90949324247674296;0.36164368454859311
0;75.5;0.067509563481118279;0.66922250821178608;0;-0.36817137761064894;0.053495046292560591;0;0.5;-0.1166347820544949;0.50000000000000017;0.9070887602738057;0.35272874714804318
1;75.5;-0.067509563481118279;-0.66922250821178608;0;0.36817137761064894;-0.053495046292560591;0;0.5;-0.1166347820544949;0.50000000000000017;0.9070887602738057;0.35272874714804318
0;76;-0.12350891374751524;0.62724527862216461;0;-0.38203695445726704;-0.083954459179242852;0;0.5;-0.11902926913521732;0.50000000000000015;0.90223775945309586;0.33608108674016208
1;76;0.12350891374751524;-0.62724527862216461;0;0.38203695445726704;0.083954459179242852;0;0.5;-0.11902926913521732;0.50000000000000015;0.90223775945309586;0.33608108674016208
0;76.5;-0.29975483761978988;0.51024500765989944;0;-0.35249184774454928;-0.23400054192453038;0;0.5;-0.12172395942034454;0.50000000000000018;0.89440515689350422;0.31243842569375257
1;76.5;0.29975483761978988;-0.51024500765989944;0;0.35249184774454928;0.23400054192453038;0;0.5;-0.12172395942034454;0.50000000000000018;0.89440515689350422;0.31243842569375257
0;77;-0.43080095677623659;0.31630527881736892;0;-0.26209223831289341;-0.38787945768506099;0;0.5;-0.12431320268953088;0.5000000000000002;0.88306954183341594;0.28384811020915266
1;77;0.43080095677623659;-0.31630527881736892;0;0.26209223831289341;0.38787945768506099;0;0.5;-0.12431320268953088;0.5000000000000002;0.88306954183341594;0.28384811020915266
0;77.5;-0.47366068293916619;0.057616804214273898;0;-0.085719452325859202;-0.51737694920619004;0;0.5;-0.12445760016503566;0.50000000000000017;0.86903291338780642;0.25532944508979263
1;77.5;0.47366068293916619;-0.057616804214273898;0;0.085719452325859202;0.51737694920619004;0;0.5;-0.12445760016503566;0.50000000000000017;0.86903291338780642;0.25532944508979263
0;78;-0.38026717951263578;-0.21764571998927462;0;0.18678700685306085;-0.55052504840709704;0;0.5;-0.11630877634478857;0.50000000000000015;0.85780566980938517;0.23659058251896625
1;78;0.38026717951263578;0.21764571998927462;0;-0.18678700685306085;0.55052504840709704;0;0.5;-0.11630877634478857;0.50000000000000015;0.85780566980938517;0.23659058251896625
0;78.5;-0.14559410767632813;-0.41204695759499255;0;0.46934614367261529;-0.38880247521143585;0;0.5;-0.10030611430524191;0.50000000000000017;0.85859369028443345;0.23780816965845998
1;78.5;0.14559410767632813;0.41204695759499255;0;-0.46934614367261529;0.38880247521143585;0;0.5;-0.10030611430524191;0.50000000000000017;0.85859369028443345;0.23780816965845998
0;79;0.14359331305191131;-0.45216673446928435;0;0.57837484145647888;-0.080239553748583589;0;0.5;-0.093002012316457016;0.50000000000000019;0.87053420741331414;0.25808295826619597
1;79;-0.14359331305191131;0.45216673446928435;0;-0.57837484145647888;0.080239553748583589;0;0.5;-0.093002012316457016;0.50000000000000019;0.87053420741331414;0.25808295826619597
0;79.5;0.3907567871650795;-0.35995562276258186;0;0.49432694822633638;0.18442222341340492;0;0.5;-0.096095287581620984;0.50000000000000016;0.88437409297033039;0.28685190603939207
1;79.5;-0.3907567871650795;0.35995562276258186;0;-0.49432694822633638;-0.18442222341340492;0;0.5;-0.096095287581620984;0.50000000000000016;0.88437409297033039;0.28685190603939207
0;80;0.55649014679568043;-0.192733075469943;0;0.33146671926120191;0.33444509458527771;0;0.5;-0.10139091397893015;0.50000000000000012;0.89532394365976334;0.31502804348643561
1;80;-0.55649014679568043;0.192733075469943;0;-0.33146671926120191;-0.33444509458527771;0;0.5;-0.10139091397893015;0.50000000000000012;0.89532394365976334;0.31502804348643561
0;80.5;0.63708274158288936;0.0039768608638444947;0;0.16118518957441783;0.393419872667575;0;0.5;-0.10582309988289715;0.50000000000000012;0.90282581968499953;0.33801042539444994
1;80.5;-0.63708274158288936;-0.0039768608638444947;0;-0.16118518957441783;-0.393419872667575;0;0.5;-0.10582309988289715;0.50000000000000012;0.90282581968499953;0.33801042539444994
0;81;0.64068557788043512;0.20020620411690648;0;0.0072056725950915878;0.39245868650612398;0;0.5;-0.10918518046790131;0.50000000000000012;0.90741758979093934;0.35392052655540631
1;81;-0.64068557788043512;-0.20020620411690648;0;-0.0072056725950915878;-0.39245868650612398;0;0.5;-0.10918518046790131;0.50000000000000012;0.90741758979093934;0.35392052655540631
0;81.5;0.57808730773308936;0.37574853226106203;0;-0.12519654029469149;0.35108465628831109;0;0.5;-0.11183079916689882;0.50000000000000008;0.90960722795094797;0.36207810406421914
1;81.5;-0.57808730773308936;-0.37574853226106203;0;0.12519654029469149;-0.35108465628831109;0;0.5;-0.11183079916689882;0.50000000000000008;0.90960722795094797;0.36207810406421914
0;82;0.46037106892376051;0.51546496430110578;0;-0.23543247761865774;0.27943286408008744;0;0.5;-0.11411048036137274;0.50000000000000006;0.90965838625340601;0.36227343497290034
1;82;-0.46037106892376051;-0.51546496430110578;0;0.23543247761865774;-0.27943286408008744;0;0.5;-0.11411048036137274;0.50000000000000006;0.90965838625340601;0.36227343497290034
0;82.5;0.29907361809411792;0.60638469860172195;0;-0.32259490165928512;0.18183946860123232;0;0.5;-0.11631003674211456;0.50000000000000008;0.90757602889861139;0.35449779359451227
1;82.5;-0.29907361809411792;-0.60638469860172195;0;0.32259490165928512;-0.18183946860123232;0;0.5;-0.11631003674211456;0.50000000000000008;0.90757602889861139;0.35449779359451227
0;83;0.10753881913891683;0.63599690151098009;0;-0.38306959791040218;0.059224405818516256;0;0.5;-0.11866615319174872;0.50000000000000007;0.90310549699763292;0.33893624539695411
1;83;-0.10753881913891683;-0.63599690151098009;0;0.38306959791040218;-0.059224405818516256;0;0.5;-0.11866615319174872;0.50000000000000007;0.90310549699763292;0.33893624539695411
0;83.5;-0.096518351008749281;0.59155036598746724;0;-0.40811434029533222;-0.088893071047025707;0;0.5;-0.12132172909669197;0.50000000000000008;0.89574121837060405;0.31621926072332802
1;83.5;0.096518351008749281;-0.59155036598746724;0;0.40811434029533222;0.088893071047025707;0;0.5;-0.12132172909669197;0.50000000000000008;0.89574121837060405;0.31621926072332802
0;84;-0.28656774955278008;0.46125173775623535;0;-0.3800987970880616;-0.26059725646246379;0;0.5;-0.12399971279765868;0.50000000000000005;0.88491886689799769;0.28812651513439573
1;84;0.28656774955278008;-0.46125173775623535;0;0.3800987970880616;0.26059725646246379;0;0.5;-0.12399971279765868;0.50000000000000005;0.88491886689799769;0.28812651513439573
0;84.5;-0.42069007627788269;0.24093439979804862;0;-0.26824465345020526;-0.44063467591637345;0;0.5;-0.12478205882119867;0.50000000000000004;0.87108726158709924;0.25911356006453457
1;84.5;0.42069007627788269;-0.24093439979804862;0;0.26824465345020526;0.44063467591637345;0;0.5;-0.12478205882119867;0.50000000000000004;0.87108726158709924;0.25911356006453457
0;85;-0.43943290260595991;-0.045462202313718364;0;-0.037485652656154424;-0.57279320422353397;0;0.5;-0.11819872166818029;0.50000000000000008;0.85886334225064099;0.23822795662502811
1;85;0.43943290260595991;0.045462202313718364;0;0.037485652656154424;0.57279320422353397;0;0.5;-0.11819872166818029;0.50000000000000008;0.85886334225064099;0.23822795662502811
0;85.5;-0.2989074148193992;-0.3153814576553523;0;0.28105097557312136;-0.53983851068326782;0;0.5;-0.10246347261380781;0.50000000000000006;0.85760121701346975;0.23627689380605138
1;85.5;0.2989074148193992;0.3153814576553523;0;-0.28105097557312136;0.53983851068326782;0;0.5;-0.10246347261380781;0.50000000000000006;0.85760121701346975;0.23627689380605138
0;86;-0.04452868439519192;-0.46517254005238151;0;0.50875746084841456;-0.29958216479405836;0;0.5;-0.093202910373360602;0.50000000000000008;0.86849971365873541;0.25436671608621335
1;86;0.04452868439519192;0.46517254005238151;0;-0.50875746084841456;0.29958216479405836;0;0.5;-0.093202910373360602;0.50000000000000008;0.86849971365873541;0.25436671608621335
0;86.5;0.22348662741241376;-0.47250796075841756;0;0.53603062361521137;-0.014670841412072075;0;0.5;-0.095373175499572108;0.50000000000000004;0.882511357955221;0.28258332310593163
1;86.5;-0.22348662741241376;0.47250796075841756;0;-0.53603062361521137;0.014670841412072075;0;0.5;-0.095373175499572108;0.50000000000000004;0.882511357955221;0.28258332310593163
0;87;0.44259656711062723;-0.37644490114778772;0;0.43821987939642698;0.19212611922125963;0;0.5;-0.10065852622460767;0.50000000000000004;0.89396657591704707;0.31121815289301833
1;87;-0.44259656711062723;0.37644490114778772;0;-0.43821987939642698;-0.19212611922125963;0;0.5;-0.10065852622460767;0.50000000000000004;0.89396657591704707;0.31121815289301833
0;87.5;0.59119668597928443;-0.22041060699864848;0;0.29720023773731435;0.31206858829827849;0;0.5;-0.105257444760133;0.50000000000000007;0.90193810028885487;0.33510687395786792
1;87.5;-0.59119668597928443;0.22041060699864848;0;-0.29720023773731435;-0.31206858829827849;0;0.5;-0.105257444760133;0.50000000000000007;0.90193810028885487;0.33510687395786792
0;88;0.6662433663542906;-0.036954037979396975;0;0.15009336075001231;0.36691313803850301;0;0.5;-0.10875455332447521;0.50000000000000009;0.90691283594962047;0.35209460915991689
1;88;-0.6662433663542906;0.036954037979396975;0;-0.15009336075001231;-0.36691313803850301;0;0.5;-0.10875455332447521;0.50000000000000009;0.90691283594962047;0.35209460915991689
0;88.5;0.67121181464005009;0.15038950955391586;0;0.009936896571519074;0.37468709506662567;0;0.5;-0.11148018719474237;0.50000000000000007;0.90942608540440025;0.36138824973438108
1;88.5;-0.67121181464005009;-0.15038950955391586;0;-0.009936896571519074;-0.37468709506662567;0;0.5;-0.11148018719474237;0.50000000000000007;0.90942608540440025;0.36138824973438108
0;89;0.61173040824150182;0.32329263481606829;0;-0.11896281279709654;0.3458062505243048;0;0.5;-0.11379364125376218;0.50000000000000012;0.90977892039178524;0.36273453222821358
1;89;-0.61173040824150182;-0.32329263481606829;0;0.11896281279709654;-0.3458062505243048;0;0.5;-0.11379364125376218;0.50000000000000012;0.90977892039178524;0.36273453222821358
0;89.5;0.49453634016339565;0.46569526802279437;0;-0.23438813615621235;0.28480526641345222;0;0.5;-0.11598907232182841;0.50000000000000011;0.90801335259377517;0.35610151150440779
1;89.5;-0.49453634016339565;-0.46569526802279437;0;0.23438813615621235;-0.28480526641345222;0;0.5;-0.11598907232182841;0.50000000000000011;0.90801335259377517;0.35610151150440779
0;90;0.32803876529550074;0.56166974632113065;0;-0.33299514973578981;0.19194895659667247;0;0.5;-0.11831021361505563;0.50000000000000015;0.90391251582897674;0.34163802770485356
1;90;-0.32803876529550074;-0.56166974632113065;0;0.33299514973578981;-0.19194895659667247;0;0.5;-0.11831021361505563;0.50000000000000015;0.90391251582897674;0.34163802770485356
0;90.5;0.12429019773096955;0.59386287365845303;0;-0.40749713512906238;0.064386254674644705;0;0.5;-0.12092273126229503;0.50000000000000018;0.89700333629874695;0.31988123606054054
1;90.5;-0.12429019773096955;-0.59386287365845303;0;0.40749713512906238;-0.064386254674644705;0;0.5;-0.12092273126229503;0.50000000000000018;0.89700333629874695;0.31988123606054054
0;91;-0.096848415290840983;0.54296576092177662;0;-0.44227722604362107;-0.10179422547335276;0;0.5;-0.12365437568919665;0.50000000000000018;0.886697930732929;0.29237470904986355
1;91;0.096848415290840983;-0.54296576092177662;0;0.44227722604362107;0.10179422547335276;0;0.5;-0.12365437568919665;0.50000000000000018;0.886697930732929;0.29237470904986355
0;91.5;-0.29994762899295918;0.39093352740099352;0;-0.4061984274042364;-0.30406446704156626;0;0.5;-0.12495474547094331;0.50000000000000021;0.87316083622464276;0.26305803892041455
1;91.5;0.29994762899295918;-0.39093352740099352;0;0.4061984274042364;0.30406446704156626;0;0.5;-0.12495474547094331;0.50000000000000021;0.87316083622464276;0.26305803892041455
0;92;-0.42469867166522868;0.13678704490632021;0;-0.24950208534453905;-0.50829296498934662;0;0.5;-0.11984731982574178;0.50000000000000019;0.86016537947818447;0.2402778581327962
1;92;0.42469867166522868;-0.13678704490632021;0;0.24950208534453905;0.50829296498934662;0;0.5;-0.11984731982574178;0.50000000000000019;0.86016537947818447;0.2402778581327962
0;92.5;-0.40003595348321819;-0.16548265571724535;0;0.049325436364020959;-0.60453940124713113;0;0.5;-0.10479147674810272;0.50000000000000019;0.85688498964640693;0.23518511171076428
1;92.5;0.40003595348321819;0.16548265571724535;0;-0.049325436364020959;0.60453940124713113;0;0.5;-0.10479147674810272;0.50000000000000019;0.85688498964640693;0.23518511171076428
0;93;-0.22129243417354497;-0.40401383498134014;0;0.35748703861934644;-0.47706235852818957;0;0.5;-0.093663531564112969;0.5000000000000002;0.86651908367751149;0.25085825872889978
1;93;0.22129243417354497;0.40401383498134014;0;-0.35748703861934644;0.47706235852818957;0;0.5;-0.093663531564112969;0.5000000000000002;0.86651908367751149;0.25085825872889978
0;93.5;0.028197776024932314;-0.51338270463023272;0;0.49898042039695456;-0.2187377392977852;0;0.5;-0.094702804979120621;0.50000000000000018;0.88058792542985437;0.27831597210876805
1;93.5;-0.028197776024932314;0.51338270463023272;0;-0.49898042039695456;0.2187377392977852;0;0.5;-0.094702804979120621;0.50000000000000018;0.88058792542985437;0.27831597210876805
0;94;0.2712049438044003;-0.50471808651893257;0;0.48601433555893603;0.017329236222600266;0;0.5;-0.099907106132621881;0.50000000000000017;0.89253552605414812;0.30730601403813226
1;94;-0.2712049438044003;0.50471808651893257;0;-0.48601433555893603;-0.017329236222600266;0;0.5;-0.099907106132621881;0.50000000000000017;0.89253552605414812;0.30730601403813226
0;94.5;0.46915573690372758;-0.41220261047326556;0;0.39590158619865456;0.18503095209133399;0;0.5;-0.10466828871038108;0.50000000000000018;0.90098854551295652;0.33205886333792436
1;94.5;-0.46915573690372758;0.41220261047326556;0;-0.39590158619865456;-0.18503095209133399;0;0.5;-0.10466828871038108;0.50000000000000018;0.90098854551295652;0.33205886333792436
0;95;0.6069143720304695;-0.2668019990777345;0;0.27551727025348394;0.29080122279106213;0;0.5;-0.10830811030913687;0.50000000000000015;0.90635755959502714;0.35010872440048817
1;95;-0.6069143720304695;0.2668019990777345;0;-0.27551727025348394;-0.29080122279106213;0;0.5;-0.10830811030913687;0.50000000000000015;0.90635755959502714;0.35010872440048817
0;95.5;0.67958558261572666;-0.092788694058896837;0;0.14534242117051438;0.34802661003767532;0;0.5;-0.11112126095624451;0.50000000000000015;0.90920058430118719;0.36053331759888967
1;95.5;-0.67958558261572666;0.092788694058896837;0;-0.14534242117051438;-0.34802661003767532;0;0.5;-0.11112126095624451;0.50000000000000015;0.90920058430118719;0.36053331759888967
0;96;0.68644115687859009;0.090210891862935488;0;0.013711148525726791;0.36599917184366465;0;0.5;-0.11347453299344809;0.50000000000000014;0.90985588647378069;0.36302960867634968
1;96;-0.68644115687859009;-0.090210891862935488;0;-0.013711148525726791;-0.36599917184366465;0;0.5;-0.11347453299344809;0.50000000000000014;0.90985588647378069;0.36302960867634968
0;96.5;0.62865863540294553;0.26471585270807829;0;-0.11556504295128915;0.34900992169028566;0;0.5;-0.11567091305118011;0.50000000000000013;0.90840254564836812;0.3575416385338313
1;96.5;-0.62865863540294553;-0.26471585270807829;0;0.11556504295128915;-0.34900992169028566;0;0.5;-0.11567091305118011;0.50000000000000013;0.90840254564836812;0.3575416385338313
0;97;0.50897696158491923;0.41315629145575844;0;-0.23936334763605258;0.2968808774953603;0;0.5;-0.1179608594524614;0.50000000000000015;0.90466135844659249;0.34418606793802405
1;97;-0.50897696158491923;-0.41315629145575844;0;0.23936334763605258;-0.2968808774953603;0;0.5;-0.1179608594524614;0.50000000000000015;0.90466135844659249;0.34418606793802405
0;97.5;0.33283855702631676;0.51576861761488657;0;-0.35227680911720494;0.20522465231825637;0;0.5;-0.12052828164942495;0.50000000000000013;0.89819383822767334;0.32341889858826974
1;97.5;-0.33283855702631676;-0.51576861761488657;0;0.35227680911720494;-0.20522465231825637;0;0.5;-0.12052828164942495;0.50000000000000013;0.89819383822767334;0.32341889858826974
0;98;0.11173051005755427;0.54869571707508358;0;-0.44221609393752498;0.065854198920394014;0;0.5;-0.12328590967398925;0.5000000000000001;0.88840385314219953;0.29657595647819739
1;98;-0.11173051005755427;-0.54869571707508358;0;0.44221609393752498;-0.065854198920394014;0;0.5;-0.12328590967398925;0.5000000000000001;0.88840385314219953;0.29657595647819739
0;98.5;-0.12926411901808935;0.4839620932137198;0;-0.48198925815128724;-0.12946724772272758;0;0.5;-0.12499932256507782;0.50000000000000009;0.87523150317915422;0.26712847456358984
1;98.5;0.12926411901808935;-0.4839620932137198;0;0.48198925815128724;0.12946724772272758;0;0.5;-0.12499932256507782;0.50000000000000009;0.87523150317915422;0.26712847456358984
0;99;-0.33812192261383928;0.29890888301520041;0;-0.41771560719149986;-0.37010642039703878;0;0.5;-0.12124421467608007;0.50000000000000011;0.86167848299153198;0.24270884009234924
1;99;0.33812192261383928;-0.29890888301520041;0;0.41771560719149986;0.37010642039703878;0;0.5;-0.12124421467608007;0.50000000000000011;0.86167848299153198;0.24270884009234924
0;99.5;-0.4320259333728132;0.012233424990875319;0;-0.18780802151794782;-0.57335091604865018;0;0.5;-0.10721699261332729;0.50000000000000014;0.85646461679046375;0.23454942251448641
1;99.5;0.4320259333728132;-0.012233424990875319;0;0.18780802151794782;0.57335091604865018;0;0.5;-0.10721699261332729;0.50000000000000014;0.85646461679046375;0.23454942251448641
0;100;-0.35870222814822783;-0.27917732219516522;0;0.14664741044917068;-0.58282149437208108;0;0.5;-0.09440968607026609;0.50000000000000015;0.86462204610673917;0.24759465027261546
1;100;0.35870222814822783;0.27917732219516522;0;-0.14664741044917068;0.58282149437208108;0;0.5;-0.09440968607026609;0.50000000000000015;0.86462204610673917;0.24759465027261546
