# column style format: id;time;x;y;z;vx;vy;vz;mass;totalEnergy;totalSpecificAngularMomentum;rungeLenzVector;semiMajorAxis
# this file will be overwritten without any precaution
# used integrator was velocity_verlet
0;0;0.4975;0.050000000000000003;0;-0.049874067216649533;0.49750009374707038;0;0.5;-0.12499999212905518;0.49999999999999998;0.87500156303151805;0.2666697788751904
1;0;-0.4975;-0.050000000000000003;0;0.049874067216649533;-0.49750009374707038;0;0.5;-0.12499999212905518;0.49999999999999998;0.87500156303151805;0.2666697788751904
0;0.1;0.4900251865566701;0.099500018749414082;0;-0.099245728262666102;0.49002593083916035;0;0.5;-0.12499996860061492;0.50000000000000001;0.87500623605199072;0.26667908396150378
1;0.1;-0.4900251865566701;-0.099500018749414082;0;0.099245728262666102;-0.49002593083916035;0;0.5;-0.12499996860061492;0.50000000000000001;0.87500623605199072;0.26667908396150378
0;0.2;0.47765085434746679;0.14800518616783206;0;-0.14761786059631177;0.47765389506615835;0;0.5;-0.12499992966677671;0.49999999999999999;0.87501397101915034;0.26669448764243489
1;0.2;-0.47765085434746679;-0.14800518616783206;0;0.14761786059631177;-0.47765389506615835;0;0.5;-0.12499992966677671;0.49999999999999999;0.87501397101915034;0.26669448764243489
0;0.3;0.46050161443740772;0.19503079776264576;0;-0.19450384433635601;0.46051035093602999;0;0.5;-0.12499987574410727;0.49999999999999997;0.8750246884598584;0.26671583389054379
1;0.3;-0.46050161443740772;-0.19503079776264576;0;0.19450384433635601;-0.46051035093602999;0;0.5;-0.12499987574410727;0.49999999999999997;0.8750246884598584;0.26671583389054379
0;0.4;0.43875008548019556;0.24010725635503807;0;-0.23943265325602026;0.43877024510250356;0;0.5;-0.12499980740832271;0.49999999999999999;0.87503827835697908;0.26674290658641202
1;0.4;-0.43875008548019556;-0.24010725635503807;0;0.23943265325602026;-0.43877024510250356;0;0.5;-0.12499980740832271;0.49999999999999999;0.87503827835697908;0.26674290658641202
0;0.5;0.41261508378620365;0.28278484678314647;0;-0.2819537565776285;0.41265517630588344;0;0.5;-0.12499972538698673;0.49999999999999998;0.87505460137304712;0.26677543180316031
1;0.5;-0.41261508378620365;-0.28278484678314647;0;0.2819537565776285;-0.41265517630588344;0;0.5;-0.12499972538698673;0.49999999999999998;0.87505460137304712;0.26677543180316031
0;0.6;0.38235933416466983;0.32263829161621477;0;-0.32164177373846564;0.38243096099136287;0;0.5;-0.12499963055036571;0.49999999999999995;0.87507349039328277;0.26681308069513564
1;0.6;-0.38235933416466983;-0.32263829161621477;0;0.32164177373846564;-0.38243096099136287;0;0.5;-0.12499963055036571;0.49999999999999995;0.87507349039328277;0.26681308069513564
0;0.7;0.34828672903851049;0.35927103898141904;0;-0.35810082858494724;0.34840472845223364;0;0.5;-0.12499952390061328;0.49999999999999992;0.87509475236622541;0.26685547295556746
1;0.7;-0.34828672903851049;-0.35927103898141904;0;0.35810082858494724;-0.34840472845223364;0;0.5;-0.12499952390061328;0.49999999999999992;0.87509475236622541;0.26685547295556746
0;0.8;0.31073916844768035;0.39231923730666146;0;-0.39096855456835028;0.31092158527522168;0;0.5;-0.12499940655948227;0.49999999999999991;0.87511817041646691;0.26690218080147288
1;0.8;-0.31073916844768035;-0.39231923730666146;0;0.39096855456835028;-0.31092158527522168;0;0.5;-0.12499940655948227;0.49999999999999991;0.87511817041646691;0.26690218080147288
0;0.9;0.27009301812484043;0.42145535603646334;0;-0.41991970831548581;0.27036089393253798;0;0.5;-0.12499927975478304;0.4999999999999999;0.87514350620073758;0.26695273343828866
1;0.9;-0.27009301812484043;-0.42145535603646334;0;0.41991970831548581;-0.27036089393253798;0;0.5;-0.12499927975478304;0.4999999999999999;0.87514350620073758;0.26695273343828866
0;1;0.22675522678458321;0.44639141609316901;0;-0.4446693552717772;0.22713221449101559;0;0.5;-0.12499914480582079;0.49999999999999986;0.87517050247598161;0.26700662195170388
1;1;-0.22675522678458321;-0.44639141609316901;0;0.4446693552717772;-0.22713221449101559;0;0.5;-0.12499914480582079;0.49999999999999986;0.87517050247598161;0.26700662195170388
0;1.1;0.181159147070485;0.46688179893466641;0;-0.4649755977942851;0.18167096154563536;0;0.5;-0.12499900310805248;0.49999999999999984;0.87519888584608596;0.26706330457001671
1;1.1;-0.181159147070485;-0.46688179893466641;0;0.4649755977942851;-0.18167096154563536;0;0.5;-0.12499900310805248;0.49999999999999984;0.87519888584608596;0.26706330457001671
0;1.2;0.13376010722572618;0.48272560840229606;0;-0.48064182293902341;0.13443383061756919;0;0.5;-0.12499885611720445;0.4999999999999998;0.8752283696526048;0.26712221223707471
1;1.2;-0.13376010722572618;-0.48272560840229606;0;0.48064182293902341;-0.13443383061756919;0;0.5;-0.12499885611720445;0.4999999999999998;0.8752283696526048;0.26712221223707471
0;1.3;0.085030782482680312;0.49376856505818023;0;-0.49151845407618827;0.085894049401145117;0;0.5;-0.12499870533308715;0.49999999999999982;0.87525865697413991;0.26718275443349321
1;1.3;-0.085030782482680312;-0.49376856505818023;0;0.49151845407618827;-0.085894049401145117;0;0.5;-0.12499870533308715;0.49999999999999982;0.87525865697413991;0.26718275443349321
0;1.4;0.03545641641048853;0.49990441828252508;0;-0.49750419722519629;0.036536509443755548;0;0.5;-0.12499855228333269;0.49999999999999984;0.87528944369896632;0.26724432518236907
1;1.4;-0.03545641641048853;-0.49990441828252508;0;0.49750419722519629;-0.036536509443755548;0;0.5;-0.12499855228333269;0.49999999999999984;0.87528944369896632;0.26724432518236907
0;1.5;-0.014470056962358941;0.50107586694693129;0;-0.49854677949094089;-0.013147166833618577;0;0.5;-0.12499839850726617;0.49999999999999978;0.8753204216359846;0.26730630917508861
1;1.5;0.014470056962358941;-0.50107586694693129;0;0.49854677949094089;0.013147166833618577;0;0.5;-0.12499839850726617;0.49999999999999978;0.8753204216359846;0.26730630917508861
0;1.6;-0.064252939487699653;0.4972749849158013;0;-0.49464318308531485;-0.062663570330767221;0;0.5;-0.12499824554010232;0.49999999999999976;0.87535128163007961;0.26736808795302288
1;1.6;0.064252939487699653;-0.4972749849158013;0;0.49464318308531485;0.062663570330767221;0;0.5;-0.12499824554010232;0.49999999999999976;0.87535128163007961;0.26736808795302288
0;1.7;-0.11339869357942192;0.48854315288077782;0;-0.48583938403818722;-0.11152240937830132;0;0.5;-0.12499809489763878;0.49999999999999973;0.87538171664939823;0.26742904608184852
1;1.7;0.11339869357942192;-0.48854315288077782;0;0.48583938403818722;0.11152240937830132;0;0.5;-0.12499809489763878;0.49999999999999973;0.87538171664939823;0.26742904608184852
0;1.8;-0.16142081629533711;0.47497050304014099;0;-0.4722296097681829;-0.15924132517659098;0;0.5;-0.12499794806159212;0.49999999999999969;0.87541142481385151;0.26748857725686036
1;1.8;0.16142081629533711;-0.47497050304014099;0;0.4722296097681829;0.15924132517659098;0;0.5;-0.12499794806159212;0.49999999999999969;0.87541142481385151;0.26748857725686036
0;1.9;-0.20784461553305852;0.45669488784545959;0;-0.45395513414899474;-0.20535057313604327;0;0.5;-0.1249978064657002;0.49999999999999969;0.87544011233622045;0.2675460902798694
1;1.9;0.20784461553305852;-0.45669488784545959;0;0.45395513414899474;0.20535057313604327;0;0.5;-0.1249978064657002;0.49999999999999969;0.87544011233622045;0.2675460902798694
0;2;-0.25221184312513606;0.43390038841293233;0;-0.43120263254892283;-0.24939752817687733;0;0.5;-0.1249976714826904;0.49999999999999967;0.87546749634952021;0.26760101485102795
1;2;0.25221184312513606;-0.43390038841293233;0;0.43120263254892283;0.24939752817687733;0;0.5;-0.1249976714826904;0.49999999999999967;0.87546749634952021;0.26760101485102795
0;2.1;-0.29408514204284308;0.40681538221008412;0;-0.40420212253994087;-0.2909509757426687;0;0.5;-0.12499754441218869;0.49999999999999964;0.87549330759667846;0.26765280712210665
1;2.1;0.29408514204284308;-0.40681538221008412;0;0.40420212253994087;0.2909509757426687;0;0.5;-0.12499754441218869;0.49999999999999964;0.87549330759667846;0.26765280712210665
0;2.2;-0.33305226763312423;0.37571019326439858;0;-0.3732245185883401;-0.32960515408076002;0;0.5;-0.12499742646962574;0.49999999999999964;0.87551729296104194;0.26770095496128343
1;2.2;0.33305226763312423;-0.37571019326439858;0;0.3732245185883401;0.32960515408076002;0;0.5;-0.12499742646962574;0.49999999999999964;0.87551729296104194;0.26770095496128343
0;2.3;-0.3687300457605111;0.34089435139393209;0;-0.33857883109000159;-0.36498351714811855;0;0.5;-0.12499731877617503;0.49999999999999965;0.87553921781867606;0.26774498288331625
1;2.3;0.3687300457605111;-0.34089435139393209;0;0.33857883109000159;0.36498351714811855;0;0.5;-0.12499731877617503;0.49999999999999965;0.87553921781867606;0.26774498288331625
0;2.4;-0.40076803385112458;0.30271348983477486;0;-0.30060904165200131;-0.39674219123150045;0;0.5;-0.1249972223497424;0.49999999999999965;0.87555886819581472;0.2677844566029869
1;2.4;0.40076803385112458;-0.30271348983477486;0;0.30060904165200131;0.39674219123150045;0;0.5;-0.1249972223497424;0.49999999999999965;0.87555886819581472;0.2677844566029869
0;2.5;-0.42885185409091142;0.26154591314763204;0;-0.25969068761171971;-0.42457310195995474;0;0.5;-0.12499713809701313;0.4999999999999997;0.87557605271710882;0.26781898717386067
1;2.5;0.42885185409091142;-0.26154591314763204;0;0.25969068761171971;0.42457310195995474;0;0.5;-0.12499713809701313;0.4999999999999997;0.87557605271710882;0.26781898717386067
0;2.6;-0.45270617137346852;0.21779886944278393;0;-0.21622718949517497;-0.44820675178684277;0;0.5;-0.12499706680655191;0.49999999999999965;0.87559060433248109;0.26784823467865258
1;2.6;0.45270617137346852;-0.21779886944278393;0;0.21622718949517497;0.44820675178684277;0;0.5;-0.12499706680655191;0.49999999999999965;0.87559060433248109;0.26784823467865258
0;2.7;-0.47209729198994638;0.17190456279026348;0;-0.17064595552170239;-0.46741463119600785;0;0.5;-0.12499700914294322;0.49999999999999962;0.87560238181240154;0.26787191144178146
1;2.7;0.47209729198994638;-0.17190456279026348;0;0.17064595552170239;0.46741463119600785;0;0.5;-0.12499700914294322;0.49999999999999962;0.87560238181240154;0.26787191144178146
0;2.8;-0.48683536247780901;0.12431594320358237;0;-0.12339429743619258;-0.48201124982775356;0;0.5;-0.1249969656419567;0.49999999999999966;0.87561127100324554;0.26788978473899525
1;2.8;0.48683536247780901;-0.12431594320358237;0;0.12339429743619258;0.48201124982775356;0;0.5;-0.1249969656419567;0.49999999999999966;0.87561127100324554;0.26788978473899525
0;2.9;-0.4967761514771849;0.075502312824712772;0;-0.074935191963607456;-0.49185577642610601;0;0.5;-0.1249969367067182;0.49999999999999964;0.87561718583608436;0.26790167898324284
1;2.9;0.4967761514771849;-0.075502312824712772;0;0.074935191963607456;0.49185577642610601;0;0.5;-0.1249969367067182;0.49999999999999964;0.87561718583608436;0.26790167898324284
0;3;-0.50182240087053054;0.025944787918361172;0;-0.025742922098172395;-0.49685327899519416;0;0.5;-0.12499692260486991;0.4999999999999997;0.87562006908379948;0.26790747737023356
1;3;0.50182240087053054;-0.025944787918361172;0;0.025742922098172395;0.49685327899519416;0;0.5;-0.12499692260486991;0.4999999999999997;0.87562006908379948;0.26790747737023356
0;3.1;-0.50192473589681941;-0.023868342974326058;0;0.023701367682166526;-0.49695555884792547;0;0.5;-0.12499692346670431;0.49999999999999969;0.87561989286282641;0.26790712297136048
1;3.1;0.50192473589681941;0.023868342974326058;0;-0.023701367682166526;0.49695555884792547;0;0.5;-0.12499692346670431;0.49999999999999969;0.87561989286282641;0.26790712297136048
0;3.2;-0.49708212733409723;-0.073446323851223919;0;0.072914168300858145;-0.49216157437340846;0;0.5;-0.12499693928426128;0.49999999999999973;0.87561665887714521;0.26790061926587142
1;3.2;0.49708212733409723;0.073446323851223919;0;-0.072914168300858145;0.49216157437340846;0;0.5;-0.12499693928426128;0.49999999999999973;0.87561665887714521;0.26790061926587142
0;3.3;-0.48734190223664781;-0.12230065784900775;0;0.1214141211675152;-0.48251745238780419;0;0.5;-0.12499696991138326;0.49999999999999975;0.87561039840337926;0.26788803010835404
1;3.3;0.48734190223664781;0.12230065784900775;0;-0.1214141211675152;0.48251745238780419;0;0.5;-0.12499696991138326;0.49999999999999975;0.87561039840337926;0.26788803010835404
0;3.4;-0.4727993031005942;-0.16994981432878475;0;0.16872651757688731;-0.46811608691896839;0;0.5;-0.12499701506472843;0.49999999999999974;0.87560117201707098;0.26786947913177579
1;3.4;0.4727993031005942;0.16994981432878475;0;-0.16872651757688731;0.46811608691896839;0;0.5;-0.12499701506472843;0.49999999999999974;0.87560117201707098;0.26786947913177579
0;3.5;-0.45359659872127034;-0.21592387523280143;0;0.21438774848360326;-0.4490963272636036;0;0.5;-0.12499707432574812;0.49999999999999973;0.87558906906141438;0.26784514859049137
1;3.5;0.45359659872127034;0.21592387523280143;0;-0.21438774848360326;0.4490963272636036;0;0.5;-0.12499707432574812;0.49999999999999973;0.87558906906141438;0.26784514859049137
0;3.6;-0.42992175340387356;-0.25976907978150549;0;0.25794967060125229;-0.42564175920185332;0;0.5;-0.12499714714363984;0.49999999999999976;0.8755742068609735;0.26781527765181747
1;3.6;0.42992175340387356;0.25976907978150549;0;-0.25794967060125229;0.42564175920185332;0;0.5;-0.12499714714363984;0.49999999999999976;0.8755742068609735;0.26781527765181747
0;3.7;-0.40200666460101991;-0.30105222707317209;0;0.29898385462271104;-0.39797908541067828;0;0.5;-0.12499723283929071;0.49999999999999975;0.87555672968423823;0.26778016014898374
1;3.7;0.40200666460101991;0.30105222707317209;0;-0.29898385462271104;0.39797908541067828;0;0.5;-0.12499723283929071;0.49999999999999975;0.87555672968423823;0.26778016014898374
0;3.8;-0.37012498247933134;-0.33936489686364113;0;0.33708568120282495;-0.36637611343072596;0;0.5;-0.1249973306102295;0.49999999999999972;0.87553680746029658;0.26774014181250834
1;3.8;0.37012498247933134;0.33936489686364113;0;-0.33708568120282495;0.36637611343072596;0;0.5;-0.1249973306102295;0.49999999999999972;0.87553680746029658;0.26774014181250834
0;3.9;-0.33458952836045491;-0.37432744975931725;0;0.37187825023119297;-0.33113936205032501;0;0.5;-0.1249974395366047;0.49999999999999973;0.87551463425645972;0.26769561700131554
1;3.9;0.33458952836045491;0.37432744975931725;0;-0.37187825023119297;0.33113936205032501;0;0.5;-0.1249974395366047;0.49999999999999973;0.87551463425645972;0.26769561700131554
0;4;-0.29574933243309276;-0.40559276927370613;0;0.40301606890887087;-0.29261129970268313;0;0.5;-0.12499755858820546;0.49999999999999977;0.87549042652538267;0.2676470249592063
1;4;0.29574933243309276;0.40559276927370613;0;-0.40301606890887087;0.29261129970268313;0;0.5;-0.12499755858820546;0.49999999999999977;0.87549042652538267;0.2676470249592063
0;4.1;-0.25398631457868076;-0.43284970969985392;0;0.43018848429365469;-0.25116723144352432;0;0.5;-0.12499768663253623;0.49999999999999978;0.87546442113208852;0.26759484562659565
1;4.1;0.25398631457868076;0.43284970969985392;0;-0.43018848429365469;0.25116723144352432;0;0.5;-0.12499768663253623;0.49999999999999978;0.87546442113208852;0.26759484562659565
0;4.2;-0.20971163557436184;-0.45582621556241104;0;0.45312282636546342;-0.20721185428682881;0;0.5;-0.12499782244394828;0.49999999999999978;0.8754368731733298;0.26753959504171741
1;4.2;0.20971163557436184;0.45582621556241104;0;-0.45312282636546342;0.20721185428682881;0;0.5;-0.12499782244394828;0.49999999999999978;0.8754368731733298;0.26753959504171741
0;4.3;-0.16336174930558808;-0.47429208055721972;0;0.4715872283604558;-0.16117550411053261;0;0.5;-0.12499796471382194;0.49999999999999977;0.87540805360389596;0.2674818203697354
1;4.3;0.16336174930558808;0.47429208055721972;0;-0.4715872283604558;0.16117550411053261;0;0.5;-0.12499796471382194;0.49999999999999977;0.87540805360389596;0.2674818203697354
0;4.4;-0.1153941899022707;-0.48806131638451755;0;0.4853930922039546;-0.11351012096951811;0;0.5;-0.12499811206177726;0.49999999999999976;0.87537824668678037;0.26742209460234378
1;4.4;0.1153941899022707;0.48806131638451755;0;-0.4853930922039546;0.11351012096951811;0;0.5;-0.12499811206177726;0.49999999999999976;0.87537824668678037;0.26742209460234378
0;4.5;-0.066283130864797174;-0.49699410475112332;0;0.4943971684084274;-0.064684963420161098;0;0.5;-0.12499826304787621;0.49999999999999976;0.87534774728652178;0.26736101097443533
1;4.5;0.066283130864797174;0.49699410475112332;0;-0.4943971684084274;0.064684963420161098;0;0.5;-0.12499826304787621;0.49999999999999976;0.87534774728652178;0.26736101097443533
0;4.6;-0.016514756220585222;-0.50099830906854981;0;0.49850322185684387;-0.015182106302268976;0;0.5;-0.12499841618575857;0.4999999999999998;0.8753168580274901;0.26729917714819918
1;4.6;0.016514756220585222;0.50099830906854981;0;-0.49850322185684387;0.015182106302268976;0;0.5;-0.12499841618575857;0.4999999999999998;0.8753168580274901;0.26729917714819918
0;4.7;0.0334175135065716;-0.50003052601157716;0;0.49766325751592272;0.034508239742352682;0;0.5;-0.12499856995663316;0.4999999999999998;0.8752858863413408;0.26723720921850945
1;4.7;-0.0334175135065716;0.50003052601157716;0;-0.49766325751592272;-0.034508239742352682;0;0.5;-0.12499856995663316;0.4999999999999998;0.8752858863413408;0.26723720921850945
0;4.8;0.083017895282599327;-0.49409666112007927;0;0.49187828335585071;0.083892545007191635;0;0.5;-0.12499872282402236;0.49999999999999977;0.87525514143025282;0.26717572559660285
1;4.8;-0.083017895282599327;0.49409666112007927;0;-0.49187828335585071;-0.083892545007191635;0;0.5;-0.12499872282402236;0.49999999999999977;0.87525514143025282;0.26717572559660285
0;4.9;0.13179317017774175;-0.48325201701013881;0;0.48119859161297773;0.13247886819205648;0;0.5;-0.12499887324913408;0.49999999999999975;0.87522493117482117;0.2671153408317354
1;4.9;-0.13179317017774175;0.48325201701013881;0;-0.48119859161297773;-0.13247886819205648;0;0.5;-0.12499887324913408;0.49999999999999975;0.87522493117482117;0.2671153408317354
0;5;0.17925761360519488;-0.46760088748166795;0;0.46572354401913102;0.1797818059015632;0;0.5;-0.12499901970671155;0.49999999999999975;0.87519555901752079;0.26705665943267213
1;5;-0.17925761360519488;0.46760088748166795;0;-0.46572354401913102;-0.1797818059015632;0;0.5;-0.12499901970671155;0.49999999999999975;0.87519555901752079;0.26705665943267213
0;5.1;0.22493787898156795;-0.44729565582982617;0;0.44560085171206359;0.22532743273211231;0;0.5;-0.12499916070118749;0.49999999999999975;0.87516732085441367;0.26700026975241612
1;5.1;-0.22493787898156795;0.44729565582982617;0;-0.44560085171206359;-0.22532743273211231;0;0.5;-0.12499916070118749;0.49999999999999975;0.87516732085441367;0.26700026975241612
0;5.2;0.26837778394760758;-0.4225354009352455;0;0.4210253461883991;0.26865817834780165;0;0.5;-0.12499929478294894;0.49999999999999977;0.87514050196915799;0.26694673800044537
1;5.2;-0.26837778394760758;0.4225354009352455;0;-0.4210253461883991;-0.26865817834780165;0;0.5;-0.12499929478294894;0.49999999999999977;0.87514050196915799;0.26694673800044537
0;5.3;0.30914294821924776;-0.39356402016026582;0;0.39223724379073166;0.30933758647250686;0;0.5;-0.12499942056449913;0.49999999999999976;0.87511537404432132;0.26689660244683033
1;5.3;-0.30914294821924776;0.39356402016026582;0;-0.39223724379073166;-0.30933758647250686;0;0.5;-0.12499942056449913;0.49999999999999976;0.87511537404432132;0.26689660244683033
0;5.4;0.34682523270575394;-0.36066788364074409;0;0.35951991273758344;0.34695490004419832;0;0.5;-0.12499953673629026;0.49999999999999979;0.87509219228543016;0.26685036788188895
1;5.4;-0.34682523270575394;0.36066788364074409;0;-0.35951991273758344;-0.34695490004419832;0;0.5;-0.12499953673629026;0.49999999999999979;0.87509219228543016;0.26685036788188895
0;5.5;0.38104693076676449;-0.32417304015142612;0;0.32319715848954172;0.38112941697734282;0;0.5;-0.12499964208198896;0.49999999999999981;0.87507119269304872;0.2668085003934584
1;5.5;-0.38104693076676449;0.32417304015142612;0;-0.32319715848954172;-0.38112941697734282;0;0.5;-0.12499964208198896;0.49999999999999981;0.87507119269304872;0.2668085003934584
0;5.6;0.41146466440366231;-0.28444200024527549;0;0.28363005015835069;0.411514562128178;0;0.5;-0.12499973549293376;0.49999999999999978;0.87505258951742584;0.26677142252139412
1;5.6;-0.41146466440366231;0.28444200024527549;0;-0.28363005015835069;-0.411514562128178;0;0.5;-0.12499973549293376;0.49999999999999978;0.87505258951742584;0.26677142252139412
0;5.7;0.43777294079843465;-0.2418701277257905;0;0.2412133175536845;0.43780162319894095;0;0.5;-0.12499981598154397;0.49999999999999981;0.87503657292885209;0.26673950884554021
1;5.7;-0.43777294079843465;0.2418701277257905;0;-0.2412133175536845;-0.43780162319894095;0;0.5;-0.12499981598154397;0.49999999999999981;0.87503657292885209;0.26673950884554021
0;5.8;0.45970732791439922;-0.19688167560548731;0;0.19637135515985454;0.45972310146546136;0;0.5;-0.12499988269344953;0.49999999999999978;0.87502330693482197;0.26671308205916384
1;5.8;-0.45970732791439922;0.19688167560548731;0;-0.19637135515985454;-0.45972310146546136;0;0.5;-0.12499988269344953;0.49999999999999978;0.87502330693482197;0.26671308205916384
0;5.9;0.47704721183040555;-0.14992550743269822;0;0.14955387567208014;0.47705563235163106;0;0.5;-0.12499993491812355;0.49999999999999979;0.8750129275724068;0.26669240957474821
1;5.9;-0.47704721183040555;0.14992550743269822;0;-0.14955387567208014;-0.47705563235163106;0;0.5;-0.12499993491812355;0.49999999999999979;0.8750129275724068;0.26669240957474821
0;6;0.48961810304881526;-0.10147054913516108;0;0.10123126153102401;0.48962243595576516;0;0.5;-0.12499997209782346;0.49999999999999977;0.87500554140094908;0.26667770070314861
1;6;-0.48961810304881526;0.10147054913516108;0;-0.10123126153102401;-0.48962243595576516;0;0.5;-0.12499997209782346;0.49999999999999977;0.87500554140094908;0.26667770070314861
0;6.1;0.49729346413661035;-0.052001020241545189;0;0.051889668015097819;0.49729526357757248;0;0.5;-0.1249999938346714;0.49999999999999979;0.8750012243163374;0.26666910444051989
1;6.1;-0.49729346413661035;0.052001020241545189;0;-0.051889668015097819;-0.49729526357757248;0;0.5;-0.1249999938346714;0.49999999999999979;0.8750012243163374;0.26666910444051989
0;6.2;0.49999603665183479;-0.0020114964196465924;0;0.0020259357373576571;0.49999581299001156;0;0.5;-0.12499999989573843;0.49999999999999976;0.87500002070378929;0.26666670789021817
1;6.2;-0.49999603665183479;0.0020114964196465924;0;-0.0020259357373576571;-0.49999581299001156;0;0.5;-0.12499999989573843;0.49999999999999976;0.87500002070378929;0.26666670789021817
0;6.3;0.49769865128408186;0.047998142356457121;0;-0.04785762627670722;0.49769659251043818;0;0.5;-0.12499999021603392;0.49999999999999976;0.8750019429413452;0.26667053533918624
1;6.3;-0.49769865128408186;-0.047998142356457121;0;0.04785762627670722;-0.49769659251043818;0;0.5;-0.12499999021603392;0.49999999999999976;0.8750019429413452;0.26667053533918624
0;6.4;0.49042451139649335;0.09752782208244104;0;-0.097258523480628772;0.49042122169038865;0;0.5;-0.12499996489934131;0.49999999999999975;0.87500697126126749;0.26668054800028405
1;6.4;-0.49042451139649335;-0.09752782208244104;0;0.097258523480628772;-0.49042122169038865;0;0.5;-0.12499996489934131;0.49999999999999975;0.87500697126126749;0.26668054800028405
0;6.5;0.47824694658795613;0.14608238669453485;0;-0.1456793600676837;0.47824416448650681;0;0.5;-0.12499992421688375;0.49999999999999976;0.87501505397135796;0.26669664442376753
1;6.5;-0.47824694658795613;-0.14608238669453485;0;0.1456793600676837;-0.47824416448650681;0;0.5;-0.12499992421688375;0.49999999999999976;0.87501505397135796;0.26669664442376753
0;6.6;0.46128863938295661;0.1931766549797424;0;-0.19263306000821703;0.46128989890957728;0;0.5;-0.1249998686038463;0.49999999999999972;0.87502610803297971;0.26671866157280144
1;6.6;-0.46128863938295661;-0.1931766549797424;0;0.19263306000821703;-0.46128989890957728;0;0.5;-0.1249998686038463;0.49999999999999972;0.87502610803297971;0.26671866157280144
0;6.7;0.43972033458631271;0.23834036647645029;0;-0.23764796143451422;0.43973153518412506;0;0.5;-0.12499979865382182;0.49999999999999971;0.87504001998741751;0.2667463765496697
1;6.7;-0.43972033458631271;-0.23834036647645029;0;0.23764796143451422;-0.43973153518412506;0;0.5;-0.12499979865382182;0.49999999999999971;0.87504001998741751;0.2667463765496697
0;6.8;0.41375904709605377;0.28112296201656739;0;-0.28027272322799912;0.41378890220121073;0;0.5;-0.12499971511128963;0.49999999999999968;0.87505664721725725;0.2667795089513663
1;6.8;-0.41375904709605377;-0.28112296201656739;0;0.28027272322799912;-0.41378890220121073;0;0.5;-0.12499971511128963;0.49999999999999968;0.87505664721725725;0.2667795089513663
0;6.9;0.38366578994071288;0.32109814691669242;0;-0.32008098599812201;0.38372612933638178;0;0.5;-0.12499961886226892;0.49999999999999965;0.87507581952482199;0.26681772382565899
1;6.9;-0.38366578994071288;-0.32109814691669242;0;0.32008098599812201;-0.38372612933638178;0;0.5;-0.12499961886226892;0.49999999999999965;0.87507581952482199;0.26681772382565899
0;7;0.34974284989642934;0.35786818788384372;0;-0.35667573392796087;0.34984875737501003;0;0.5;-0.12499951092332361;0.49999999999999963;0.87509734100547389;0.26686063519164165
1;7;-0.34974284989642934;-0.35786818788384372;0;0.35667573392796087;-0.34984875737501003;0;0.5;-0.12499951092332361;0.49999999999999963;0.87509734100547389;0.26686063519164165
0;7.1;0.31233064315512071;0.39106789839169442;0;-0.38969330907278432;0.31250041820304436;0;0.5;-0.12499939242911834;0.49999999999999966;0.87512099218986187;0.26690781008234935
1;7.1;-0.31233064315512071;-0.39106789839169442;0;0.38969330907278432;-0.31250041820304436;0;0.5;-0.12499939242911834;0.49999999999999966;0.87512099218986187;0.26690781008234935
0;7.2;0.27180418808187251;0.42036827152445261;0;-0.41880703548873383;0.2720591279743142;0;0.5;-0.12499926461874742;0.49999999999999968;0.87514653242603484;0.26695877306129655
1;7.2;-0.27180418808187251;-0.42036827152445261;0;0.41880703548873383;-0.2720591279743142;0;0.5;-0.12499926461874742;0.49999999999999968;0.87514653242603484;0.26695877306129655
0;7.3;0.22856923605737395;0.44547972398655727;0;-0.44373041687928316;0.22893324257793804;0;0.5;-0.12499912882107012;0.49999999999999966;0.87517370246979767;0.26701301115989052
1;7.3;-0.22856923605737395;-0.44547972398655727;0;0.44373041687928316;-0.22893324257793804;0;0.5;-0.12499912882107012;0.49999999999999966;0.87517370246979767;0.26701301115989052
0;7.4;0.18305810470601586;0.46615492004004022;0;-0.46421987810948573;0.18355712735493562;0;0.5;-0.1249989864392932;0.49999999999999966;0.87520222724978829;0.26706997917862222
1;7.4;-0.18305810470601586;-0.46615492004004022;0;0.46421987810948573;-0.18355712735493562;0;0.5;-0.1249989864392932;0.49999999999999966;0.87520222724978829;0.26706997917862222
0;7.5;0.13572526043547678;0.48219114945754438;0;-0.48007702778341499;0.13638659513756166;0;0.5;-0.12499883893504183;0.49999999999999966;0.87523181877250779;0.26712910529177648
1;7.5;-0.13572526043547678;-0.48219114945754438;0;0.48007702778341499;-0.13638659513756166;0;0.5;-0.12499883893504183;0.49999999999999966;0.87523181877250779;0.26712910529177648
0;7.6;0.087042699149332853;0.49343223906755251;0;-0.49115042594507846;0.087894167824599967;0;0.5;-0.1249986878121543;0.49999999999999966;0.87526217913192515;0.26718979689314107
1;7.6;-0.087042699149332853;-0.49343223906755251;0;0.49115042594507846;-0.087894167824599967;0;0.5;-0.1249986878121543;0.49999999999999966;0.87526217913192515;0.26718979689314107
0;7.7;0.037495175246461093;0.49976998302246434;0;-0.49733684769482267;0.038564216905449228;0;0.5;-0.12499853460042434;0.49999999999999963;0.87529300358827485;0.26725144661881807
1;7.7;-0.037495175246461093;-0.49976998302246434;0;0.49733684769482267;-0.038564216905449228;0;0.5;-0.12499853460042434;0.49999999999999963;0.87529300358827485;0.26725144661881807
0;7.8;-0.012424670389631685;0.50114508244864231;0;-0.49858203997507844;-0.011111962325538783;0;0.5;-0.12499838083950065;0.49999999999999957;0.8753239836812193;0.26731343848271805
1;7.8;0.012424670389631685;-0.50114508244864231;0;0.49858203997507844;0.011111962325538783;0;0.5;-0.12499838083950065;0.49999999999999957;0.8753239836812193;0.26731343848271805
0;7.9;-0.062221232748554595;0.49754759055735653;0;-0.49488097485416971;-0.060641089575962398;0;0.5;-0.12499822806313244;0.49999999999999958;0.87535481034359985;0.26737515406060226
1;7.9;0.062221232748554595;-0.49754759055735653;0;0.49488097485416971;0.060641089575962398;0;0.5;-0.12499822806313244;0.49999999999999958;0.87535481034359985;0.26737515406060226
0;8;-0.11140086536046563;0.48901686453344984;0;-0.48627760823027733;-0.10953280022485892;0;0.5;-0.12499807778392951;0.49999999999999961;0.87538517698347823;0.26743597865956495
1;8;0.11140086536046563;-0.48901686453344984;0;0.48627760823027733;0.10953280022485892;0;0.5;-0.12499807778392951;0.49999999999999961;0.87538517698347823;0.26743597865956495
0;8.1;-0.15947675439461007;0.47564103051238477;0;-0.47286415791906744;-0.15730445938804094;0;0.5;-0.12499793147878071;0.49999999999999961;0.87541478250399987;0.26749530741154915
1;8.1;0.15947675439461007;-0.47564103051238477;0;0.47286415791906744;0.15730445938804094;0;0.5;-0.12499793147878071;0.49999999999999961;0.87541478250399987;0.26749530741154915
0;8.2;-0.20597369694427911;0.45755597265584164;0;-0.45477991953212443;-0.20348584404673578;0;0.5;-0.12499779057505142;0.49999999999999957;0.87544333423271097;0.26755255123178092
1;8.2;0.20597369694427911;-0.45755597265584164;0;0.45477991953212443;0.20348584404673578;0;0.5;-0.12499779057505142;0.49999999999999957;0.87544333423271097;0.26755255123178092
0;8.3;-0.25043273830103496;0.43494386170303762;0;-0.43220964237736631;-0.24762365136364822;0;0.5;-0.12499765643765607;0.49999999999999959;0.87547055073425563;0.26760714258580954
1;8.3;0.25043273830103496;-0.43494386170303762;0;0.43220964237736631;0.24762365136364822;0;0.5;-0.12499765643765607;0.49999999999999959;0.87547055073425563;0.26760714258580954
0;8.4;-0.29241562541975241;0.408031242383112;0;-0.4053814908178125;-0.28928579497440071;0;0.5;-0.12499753035708023;0.49999999999999959;0.87549616448278988;0.26765854101206823
1;8.4;0.29241562541975241;-0.408031242383112;0;0.4053814908178125;0.28928579497440071;0;0.5;-0.12499753035708023;0.49999999999999959;0.87549616448278988;0.26765854101206823
0;8.5;-0.33150903646459745;0.37708670270815747;0;-0.37456461913244565;-0.32806545480645855;0;0.5;-0.12499741353840338;0.49999999999999956;0.87551992437290992;0.267706238350442
1;8.5;0.33150903646459745;-0.37708670270815747;0;0.37456461913244565;0.32806545480645855;0;0.5;-0.12499741353840338;0.49999999999999956;0.87551992437290992;0.267706238350442
0;8.6;-0.36732854924624153;0.3424181514218203;0;-0.34006638997090977;-0.36358484974697491;0;0.5;-0.12499730709135749;0.49999999999999955;0.87554159805033844;0.2677497636311666
1;8.6;0.36732854924624153;-0.3424181514218203;0;0.34006638997090977;0.36358484974697491;0;0.5;-0.12499730709135749;0.49999999999999955;0.87554159805033844;0.2677497636311666
0;8.7;-0.39952231445877939;0.3043697327587625;0;-0.30222926803498723;-0.3954987061745634;0;0.5;-0.12499721202143822;0.49999999999999956;0.87556097404599594;0.26778868758241853
1;8.7;0.39952231445877939;-0.3043697327587625;0;0.30222926803498723;0.3954987061745634;0;0.5;-0.12499721202143822;0.49999999999999956;0.87556097404599594;0.26778868758241853
0;8.8;-0.42777440285323898;0.26331841018690766;0;-0.26142742171736416;-0.42349739892284793;0;0.5;-0.12499712922207338;0.49999999999999959;0.87557786369936095;0.26782262671912559
1;8.8;0.42777440285323898;-0.26331841018690766;0;0.26142742171736416;0.42349739892284793;0;0.5;-0.12499712922207338;0.49999999999999959;0.87557786369936095;0.26782262671912559
0;8.9;-0.45180779880225225;0.21967025297419293;0;-0.21806306615223445;-0.44730974460771711;0;0.5;-0.12499705946784344;0.49999999999999959;0.87559210285916548;0.2678512469797806
1;8.9;0.45180779880225225;-0.21967025297419293;0;0.21806306615223445;0.44730974460771711;0;0.5;-0.12499705946784344;0.49999999999999959;0.87559210285916548;0.2678512469797806
0;9;-0.47138701608368588;0.17385646126536425;0;-0.17256258155629234;-0.4667054303946937;0;0.5;-0.12499700340874068;0.49999999999999964;0.87560355335146097;0.2678742668823346
1;9;0.47138701608368588;-0.17385646126536425;0;0.17256258155629234;0.4667054303946937;0;0.5;-0.12499700340874068;0.49999999999999964;0.87560355335146097;0.2678742668823346
0;9.1;-0.48632031511351076;0.1263291668952542;0;-0.12537244093604602;-0.48149706419372912;0;0.5;-0.12499696156545114;0.49999999999999964;0.87561210420691886;0.26789146017454751
1;9.1;0.48632031511351076;-0.1263291668952542;0;0.12537244093604602;0.48149706419372912;0;0.5;-0.12499696156545114;0.49999999999999964;0.87561210420691886;0.26789146017454751
0;9.2;-0.49646150427089514;0.077557048426618411;0;-0.076954981278363227;-0.4915418349479278;0;0.5;-0.12499693432564031;0.49999999999999964;0.87561767264089983;0.26790265795846379
1;9.2;0.49646150427089514;-0.077557048426618411;0;0.076954981278363227;0.4915418349479278;0;0.5;-0.12499693432564031;0.49999999999999964;0.87561767264089983;0.26790265795846379
0;9.3;-0.50171131136918345;0.028020799905668629;0;-0.027784052289906477;-0.49674277414651813;0;0.5;-0.12499692194122613;0.49999999999999967;0.87562020478135233;0.26790775027294278
1;9.3;0.50171131136918345;-0.028020799905668629;0;0.027784052289906477;0.49674277414651813;0;0.5;-0.12499692194122613;0.49999999999999967;0.87562020478135233;0.26790775027294278
0;9.4;-0.50201831472887648;-0.021791506402685217;0;0.021659423336686603;-0.49704961196971831;0;0.5;-0.12499692452662389;0.4999999999999997;0.87561967614100104;0.26790668712240588
1;9.4;0.50201831472887648;0.021791506402685217;0;-0.021659423336686603;0.49704961196971831;0;0.5;-0.12499692452662389;0.4999999999999997;0.87561967614100104;0.26790668712240588
0;9.5;-0.49737942670184615;-0.071389122488275031;0;0.07089194423120046;-0.49245922360330219;0;0.5;-0.12499694205795416;0.49999999999999967;0.87561609183158897;0.26789947894416575
1;9.5;0.49737942670184615;0.071389122488275031;0;-0.07089194423120046;0.49245922360330219;0;0.5;-0.12499694205795416;0.49999999999999967;0.87561609183158897;0.26789947894416575
0;9.6;-0.48783992588263636;-0.12028335112334565;0;0.11943194536762136;-0.48301566329093465;0;0.5;-0.12499697437320757;0.49999999999999967;0.87560948651917423;0.26788619651088554
1;9.6;0.48783992588263636;0.12028335112334565;0;-0.11943194536762136;0.48301566329093465;0;0.5;-0.12499697437320757;0.49999999999999967;0.87560948651917423;0.26788619651088554
0;9.7;-0.47349303762832184;-0.16799225514646196;0;0.16680429991405757;-0.46880978567536374;0;0.5;-0.12499702117336878;0.49999999999999965;0.87559992412068927;0.26786697026888763
1;9.7;0.47349303762832184;0.16799225514646196;0;-0.16680429991405757;0.46880978567536374;0;0.5;-0.12499702117336878;0.49999999999999965;0.87559992412068927;0.26786697026888763
0;9.8;-0.45447906589982484;-0.21404530825841842;0;0.21254477393405921;-0.44997845597060998;0;0.5;-0.12499708202450547;0.49999999999999969;0.87558749724318297;0.26784198911720587
1;9.8;0.45447906589982484;0.21404530825841842;0;-0.21254477393405921;0.44997845597060998;0;0.5;-0.12499708202450547;0.49999999999999969;0.87558749724318297;0.26784198911720587
0;9.9;-0.43098408284151002;-0.25798794634058397;0;0.25620439981185689;-0.42670335256150327;0;0.5;-0.12499715636083442;0.49999999999999968;0.87557232636842284;0.26781149863646393
1;9.9;0.43098408284151002;0.25798794634058397;0;-0.25620439981185689;0.42670335256150327;0;0.5;-0.12499715636083442;0.49999999999999968;0.87557232636842284;0.26781149863646393
0;10;-0.40323818593745347;-0.2993859787707191;0;0.29735373408615112;-0.39920936779647781;0;0.5;-0.12499724348877996;0.49999999999999972;0.87555455878686674;0.26777579878087482
1;10;0.40323818593745347;0.2993859787707191;0;-0.29735373408615112;0.39920936779647781;0;0.5;-0.12499724348877996;0.49999999999999972;0.87555455878686674;0.26777579878087482
0;10.1;-0.37151333602427983;-0.33782981989987954;0;0.33558696518731829;-0.36776261507094804;0;0.5;-0.12499734259204321;0.49999999999999975;0.87553436728645593;0.26773524105089935
1;10.1;0.37151333602427983;0.33782981989987954;0;-0.33558696518731829;0.36776261507094804;0;0.5;-0.12499734259204321;0.49999999999999975;0.87553436728645593;0.26773524105089935
0;10.2;-0.33612079289998986;-0.37293850178490867;0;0.37052583642852682;-0.3326680528300881;0;0.5;-0.12499745273769958;0.49999999999999972;0.87551194860325361;0.2676902251683742
1;10.2;0.33612079289998986;0.37293850178490867;0;-0.37052583642852682;0.3326680528300881;0;0.5;-0.12499745273769958;0.49999999999999972;0.87551194860325361;0.2676902251683742
0;10.3;-0.29740816873857445;-0.40436343046589712;0;0.40182334955992133;-0.29426673887892291;0;0.5;-0.12499757288334006;0.4999999999999997;0.87548752164267835;0.26764119528021542
1;10.3;0.29740816873857445;0.40436343046589712;0;-0.40182334955992133;0.29426673887892291;0;0.5;-0.12499757288334006;0.4999999999999997;0.87548752164267835;0.26764119528021542
0;10.4;-0.2557561229880056;-0.43179184956069322;0;0.42916721432267707;-0.25293273138893513;0;0.5;-0.12499770188526767;0.49999999999999968;0.87546132548196571;0.26758863572110545
1;10.4;0.2557561229880056;0.43179184956069322;0;-0.42916721432267707;0.25293273138893513;0;0.5;-0.12499770188526767;0.49999999999999968;0.87546132548196571;0.26758863572110545
0;10.5;-0.21157472587403905;-0.45494997674368415;0;0.45228300980809666;-0.20906965623378579;0;0.5;-0.12499783850775057;0.49999999999999971;0.875433617166534;0.26753306636985527
1;10.5;0.21157472587403905;0.45494997674368415;0;-0.45228300980809666;0.20906965623378579;0;0.5;-0.12499783850775057;0.49999999999999971;0.875433617166534;0.26753306636985527
0;10.6;-0.16529952102638626;-0.47360578080745042;0;0.47093702411066662;-0.16310696375597317;0;0.5;-0.12499798143332373;0.49999999999999975;0.87540466931512249;0.26747503763836316
1;10.6;0.16529952102638626;0.47360578080745042;0;-0.47093702411066662;0.16310696375597317;0;0.5;-0.12499798143332373;0.49999999999999975;0.87540466931512249;0.26747503763836316
0;10.7;-0.11738732105190573;-0.48757136949487878;0;0.4849387398374701;-0.11549590172799788;0;0.5;-0.12499812927411622;0.49999999999999974;0.87537476755088755;0.26741512513622114
1;10.7;0.11738732105190573;0.48757136949487878;0;-0.4849387398374701;0.11549590172799788;0;0.5;-0.12499812927411622;0.49999999999999974;0.87537476755088755;0.26741512513622114
0;10.8;-0.068311773058892244;-0.49670496115304996;0;0.49414293457012237;-0.066705235075141617;0;0.5;-0.12499828058416377;0.49999999999999975;0.87534420777805203;0.26735392405799527
1;10.8;0.068311773058892244;0.49670496115304996;0;-0.49414293457012237;0.066705235075141617;0;0.5;-0.12499828058416377;0.49999999999999975;0.87534420777805203;0.26735392405799527
0;10.9;-0.018558734137881262;-0.50091241650990714;0;0.49845136743260754;-0.017216746804547534;0;0.5;-0.12499843387264782;0.49999999999999977;0.87531329332616175;0.26729204334395961
1;10.9;0.018558734137881262;0.50091241650990714;0;-0.49845136743260754;0.017216746804547534;0;0.5;-0.12499843387264782;0.49999999999999977;0.87531329332616175;0.26729204334395961
0;11;0.031378500427629269;-0.50014831051395947;0;0.49781402555109588;0.032479441546824847;0;0.5;-0.1249985876179789;0.49999999999999972;0.8752823319864524;0.26723009966852627
1;11;-0.031378500427629269;0.50014831051395947;0;-0.49781402555109588;-0.032479441546824847;0;0.5;-0.1249985876179789;0.49999999999999972;0.8752823319864524;0.26723009966852627
0;11.1;0.081004070972337916;-0.4944165282005421;0;0.49222990743740291;0.081889687872479175;0;0.5;-0.12499874028262007;0.4999999999999997;0.87525163296720986;0.26716871131370373
1;11.1;-0.081004070972337916;0.4944165282005421;0;-0.49222990743740291;-0.081889687872479175;0;0.5;-0.12499874028262007;0.4999999999999997;0.87525163296720986;0.26716871131370373
0;11.2;0.12982448191510984;-0.48377037293946362;0;0.48174732420566274;0.130521740248636;0;0.5;-0.12499889032852224;0.49999999999999973;0.87522150379724268;0.26710849198755044
1;11.2;-0.12982448191510984;0.48377037293946362;0;-0.48174732420566274;-0.130521740248636;0;0.5;-0.12499889032852224;0.49999999999999973;0.87522150379724268;0.26710849198755044
0;11.3;0.17735353581347046;-0.46831218015081494;0;0.4664637040406861;0.17788969165330518;0;0.5;-0.12499903623301794;0.49999999999999978;0.87519224720860127;0.26705004464968947
1;11.3;-0.17735353581347046;0.46831218015081494;0;-0.4664637040406861;-0.17788969165330518;0;0.5;-0.12499903623301794;0.49999999999999978;0.87519224720860127;0.26705004464968947
0;11.4;0.22311722272324708;-0.44819243460880259;0;0.4465248904520292;0.22351892707420237;0;0.5;-0.12499917650499875;0.49999999999999974;0.87516415803139574;0.26699395540742572
1;11.4;-0.22311722272324708;0.44819243460880259;0;-0.4465248904520292;-0.22351892707420237;0;0.5;-0.12499917650499875;0.49999999999999974;0.87516415803139574;0.26699395540742572
0;11.5;0.26665851390387629;-0.42360839473597445;0;0.42212393052128488;0.26695100925185045;0;0.5;-0.12499930970117897;0.49999999999999974;0.87513752013490356;0.26694078754678658
1;11.5;-0.26665851390387629;0.42360839473597445;0;-0.42212393052128488;-0.26695100925185045;0;0.5;-0.12499930970117897;0.49999999999999974;0.87513752013490356;0.26694078754678658
0;11.6;0.30754200882750404;-0.39480223275843251;0;0.39349935550795229;0.30774844782112837;0;0.5;-0.124999434442232;0.49999999999999978;0.87511260345004596;0.26689107576281858
1;11.6;-0.30754200882750404;0.39480223275843251;0;-0.39349935550795229;-0.30774844782112837;0;0.5;-0.124999434442232;0.49999999999999978;0.87511260345004596;0.26689107576281858
0;11.7;0.34535838500546678;-0.36205870517174876;0;0.36093296272366371;0.34549929592871581;0;0.5;-0.12499954942856966;0.49999999999999976;0.87508966110867924;0.26684532065266037
1;11.7;-0.34535838500546678;0.36205870517174876;0;-0.36093296272366371;-0.34549929592871581;0;0.5;-0.12499954942856966;0.49999999999999976;0.87508966110867924;0.26684532065266037
0;11.8;0.3797286013722368;-0.32570237357268933;0;0.32474711439531867;0.37982151860396574;0;0.5;-0.12499965345552721;0.49999999999999977;0.8750689267349389;0.26680398353323292
1;11.8;-0.3797286013722368;0.32570237357268933;0;-0.32474711439531867;-0.37982151860396574;0;0.5;-0.12499965345552721;0.49999999999999977;0.8750689267349389;0.26680398353323292
0;11.9;0.41030780788453047;-0.2860944014509556;0;0.28530157617507163;0.41036707831444297;0;0.5;-0.12499974542771214;0.49999999999999974;0.87505061192304839;0.26676748164281559
1;11.9;-0.41030780788453047;0.2860944014509556;0;-0.28530157617507163;-0.41036707831444297;0;0.5;-0.12499974542771214;0.49999999999999974;0.87505061192304839;0.26676748164281559
0;12;0.43678891660725111;-0.24362895790980071;0;0.24298992486396279;0.43682568528719024;0;0.5;-0.12499982437227768;0.49999999999999976;0.87503490393453153;0.26673618378230788
1;12;-0.43678891660725111;0.24362895790980071;0;-0.24298992486396279;-0.43682568528719024;0;0.5;-0.12499982437227768;0.49999999999999976;0.87503490393453153;0.26673618378230788
0;12.1;0.45890579285732302;-0.19872926439351754;0;0.19823556163067296;0.45892816333651926;0;0.5;-0.12499988945089086;0.49999999999999972;0.87502196364564671;0.26671040644762508
1;12.1;-0.45890579285732302;0.19872926439351754;0;-0.19823556163067296;-0.45892816333651926;0;0.5;-0.12499988945089086;0.49999999999999972;0.87502196364564671;0.26671040644762508
0;12.2;0.47643602893338566;-0.15184332524249686;0;0.15148737335726742;0.47644938609149373;0;0.5;-0.12499993997018017;0.4999999999999997;0.87501192377309936;0.26669041049948373
1;12.2;-0.47643602893338566;0.15184332524249686;0;-0.15148737335726742;-0.47644938609149373;0;0.5;-0.12499993997018017;0.4999999999999997;0.87501192377309936;0.26669041049948373
0;12.3;0.48920326752877646;-0.10343938717521881;0;0.10321509056152459;0.48921074361181216;0;0.5;-0.1249999753904705;0.49999999999999966;0.87500488740272745;0.26667639841085687
1;12.3;-0.48920326752877646;0.10343938717521881;0;-0.10321509056152459;-0.48921074361181216;0;0.5;-0.1249999753904705;0.49999999999999966;0.87500488740272745;0.26667639841085687
0;12.4;0.49707904704569056;-0.054001176520134427;0;0.053904395470643685;0.49708210533820091;0;0.5;-0.12499999533264006;0.49999999999999969;0.87500092684194365;0.26666851212570733
1;12.4;-0.49707904704569056;0.054001176520134427;0;-0.053904395470643685;-0.49708210533820091;0;0.5;-0.12499999533264006;0.49999999999999969;0.87500092684194365;0.26666851212570733
0;12.5;0.49998414662290519;-0.0040229661075786224;0;0.0040518381089247775;0.49998325203129956;0;0.5;-0.12499999958296824;0.49999999999999968;0.87500008281233637;0.26666683155533917
1;12.5;-0.49998414662290519;0.0040229661075786224;0;-0.0040518381089247775;-0.49998325203129956;0;0.5;-0.12499999958296824;0.49999999999999968;0.87500008281233637;0.26666683155533917
0;12.6;0.49788941466747549;0.045995473886125487;0;-0.045840378411330381;0.49788475667314652;0;0.5;-0.12499998809587906;0.49999999999999969;0.87500236399406851;0.26667137373096642
1;12.6;-0.49788941466747549;-0.045995473886125487;0;0.045840378411330381;-0.49788475667314652;0;0.5;-0.12499998809587906;0.49999999999999969;0.87500236399406851;0.26667137373096642
0;12.7;0.49081607094063912;0.095553985227050678;0;-0.095269679938213891;0.4908083020772413;0;0.5;-0.12499996099452744;0.49999999999999967;0.87500774692867885;0.26668209262301825
1;12.7;-0.49081607094063912;-0.095553985227050678;0;0.095269679938213891;-0.4908083020772413;0;0.5;-0.12499996099452744;0.49999999999999967;0.87500774692867885;0.26668209262301825
0;12.8;0.47883547867983273;0.14415713430157373;0;-0.14373840606716132;0.47882643099966798;0;0.5;-0.12499991856921618;0.49999999999999966;0.87501617628169776;0.266698879629427
1;12.8;-0.47883547867983273;-0.14415713430157373;0;0.14373840606716132;-0.47882643099966798;0;0.5;-0.12499991856921618;0.49999999999999966;0.87501617628169776;0.266698879629427
0;12.9;0.46206838972720687;0.19131927142698427;0;-0.19075903308032094;0.46206173267771922;0;0.5;-0.12499986127367488;0.49999999999999967;0.87502756546126455;0.2667215647268314
1;12.9;-0.46206838972720687;-0.19131927142698427;0;0.19075903308032094;-0.46206173267771922;0;0.5;-0.12499986127367488;0.49999999999999967;0.87502756546126455;0.2667215647268314
0;13;0.44068367206376857;0.23656948083711757;0;-0.23585927162247622;0.44068547775363925;0;0.5;-0.12499978971927364;0.49999999999999967;0.87504179758379823;0.26674991827042476
1;13;-0.44068367206376857;-0.23656948083711757;0;0.23585927162247622;-0.44068547775363925;0;0.5;-0.12499978971927364;0.49999999999999967;0.87504179758379823;0.26674991827042476
0;13.1;0.41489653540271165;0.27945636697771209;0;-0.27858697798642246;0.41491572128343507;0;0.5;-0.12499970466728339;0.49999999999999966;0.87505872677285017;0.26678365342023625
1;13.1;-0.41489653540271165;-0.27945636697771209;0;0.27858697798642246;-0.41491572128343507;0;0.5;-0.12499970466728339;0.49999999999999966;0.87505872677285017;0.26678365342023625
0;13.2;0.38496627646648407;0.31955262509380455;0;-0.31851482121755736;0.38501490080923922;0;0.5;-0.12499960701933055;0.49999999999999964;0.87507817977266717;0.26682242916409417
1;13.2;-0.38496627646648407;-0.31955262509380455;0;0.31851482121755736;-0.38501490080923922;0;0.5;-0.12499960701933055;0.49999999999999964;0.87507817977266717;0.26682242916409417
0;13.3;0.35119357115920019;0.3564593471395599;0;-0.35524465253193049;0.35128696313100538;0;0.5;-0.12499949780622419;0.49999999999999964;0.87509995785381796;0.26686585390051215
1;13.3;-0.35119357115920019;-0.3564593471395599;0;0.35524465253193049;-0.35128696313100538;0;0.5;-0.12499949780622419;0.49999999999999964;0.87509995785381796;0.26686585390051215
0;13.4;0.31391734596009802;0.38981001772000562;0;-0.38841152864803807;0.31407405931491855;0;0.5;-0.1249993781753597;0.49999999999999965;0.87512383898456956;0.26691348953837618
1;13.4;-0.31391734596009802;-0.38981001772000562;0;0.38841152864803807;-0.31407405931491855;0;0.5;-0.1249993781753597;0.49999999999999965;0.87512383898456956;0.26691348953837618
0;13.5;0.27351126542959259;0.41927415900254361;0;-0.41768734641405292;0.27375285251465414;0;0.5;-0.12499924937692102;0.49999999999999964;0.8751495802386087;0.26696485606468591
1;13.5;-0.27351126542959259;-0.41927415900254361;0;0.41768734641405292;-0.27375285251465414;0;0.5;-0.12499924937692102;0.49999999999999964;0.8751495802386087;0.26696485606468591
0;13.6;0.23037987667728743;0.44456058822293643;0;-0.44278405240881469;0.23073048728062856;0;0.5;-0.12499911274911711;0.49999999999999962;0.8751769204072338;0.26701943652679225
1;13.6;-0.23037987667728743;-0.44456058822293643;0;0.44278405240881469;-0.23073048728062856;0;0.5;-0.12499911274911711;0.49999999999999962;0.8751769204072338;0.26701943652679225
0;13.7;0.18495445494782967;0.4654202564586693;0;-0.46345639783925385;0.18544027214655465;0;0.5;-0.12499896970269343;0.49999999999999962;0.87520558278231963;0.26707668237162385
1;13.7;-0.18495445494782967;-0.4654202564586693;0;0.46345639783925385;-0.18544027214655465;0;0.5;-0.12499896970269343;0.49999999999999962;0.87520558278231963;0.26707668237162385
0;13.8;0.13768859710943668;0.48164864265224733;0;-0.47950421588065373;0.13833712939869391;0;0.5;-0.12499882170495935;0.49999999999999964;0.87523527807518401;0.26713601908133871
1;13.8;-0.13768859710943668;-0.48164864265224733;0;0.47950421588065373;-0.13833712939869391;0;0.5;-0.12499882170495935;0.49999999999999964;0.87523527807518401;0.26713601908133871
0;13.9;0.089053611771698932;0.49308768233840805;0;-0.49077420544640099;0.089892867068467386;0;0.5;-0.12499867026356549;0.49999999999999963;0.87526570743594807;0.26719685204267747
1;13.9;-0.089053611771698932;-0.49308768233840805;0;0.49077420544640099;-0.089892867068467386;0;0.5;-0.12499867026356549;0.49999999999999963;0.87526570743594807;0.26719685204267747
0;14;0.039533756020156484;0.49962721606594079;0;-0.49716121207888692;0.040591328388797407;0;0.5;-0.12499851691025397;0.49999999999999963;0.87529656553804436;0.26725857258601879
1;14;-0.039533756020156484;-0.49962721606594079;0;0.49716121207888692;-0.040591328388797407;0;0.5;-0.12499851691025397;0.49999999999999963;0.87529656553804436;0.26725857258601879
0;14.1;-0.010378630644078455;0.50120594801616758;0;-0.49860900308722378;-0.0090765267116770139;0;0.5;-0.12499836318478842;0.49999999999999966;0.87532754369314198;0.26732056412971032
1;14.1;0.010378630644078455;-0.50120594801616758;0;0.49860900308722378;0.0090765267116770139;0;0.5;-0.12499836318478842;0.49999999999999966;0.87532754369314198;0.26732056412971032
0;14.2;-0.06018804459728827;0.49781191072360542;0;-0.49511054010444561;-0.05861755494493065;0;0.5;-0.12499821061925069;0.49999999999999964;0.87535833296286191;0.26738220836562165
1;14.2;0.06018804459728827;-0.49781191072360542;0;0.49511054010444561;0.05861755494493065;0;0.5;-0.12499821061925069;0.49999999999999964;0.87535833296286191;0.26738220836562165
0;14.3;-0.10940073866496758;0.48948243702718142;0;-0.48670775780339287;-0.10754132681306397;0;0.5;-0.12499806072286965;0.49999999999999959;0.87538862723517865;0.26744289142297498
1;14.3;0.10940073866496758;-0.48948243702718142;0;0.48670775780339287;0.10754132681306397;0;0.5;-0.12499806072286965;0.49999999999999959;0.87538862723517865;0.26744289142297498
0;14.4;-0.15752959615796686;0.47630364536099262;0;-0.47349086252713152;-0.15536493922490568;0;0.5;-0.12499791496752362;0.49999999999999964;0.87541812623526895;0.26750200994928111
1;14.4;0.15752959615796686;-0.47630364536099262;0;0.47349086252713152;0.15536493922490568;0;0.5;-0.12499791496752362;0.49999999999999964;0.87541812623526895;0.26750200994928111
0;14.5;-0.20409891117039389;0.45840944918220028;0;-0.4555971690116401;-0.20161769834259255;0;0.5;-0.12499777477403416;0.49999999999999963;0.87544653844269526;0.26755897704956407
1;14.5;0.20409891117039389;-0.45840944918220028;0;0.4555971690116401;0.20161769834259255;0;0.5;-0.12499777477403416;0.49999999999999963;0.87544653844269526;0.26755897704956407
0;14.6;-0.24864902996029487;0.43598010569247408;0;-0.43320949718464291;-0.24584563084849745;0;0.5;-0.12499764149934448;0.49999999999999961;0.87547358388912235;0.26761322802791346
1;14.6;0.24864902996029487;-0.43598010569247408;0;0.43320949718464291;0.24584563084849745;0;0.5;-0.12499764149934448;0.49999999999999961;0.87547358388912235;0.26761322802791346
0;14.7;-0.29074081060732249;0.4092403230125008;0;-0.40655415421629504;-0.28761578545431454;0;0.5;-0.12499751642465419;0.49999999999999961;0.87549899681318645;0.26766422587867352
1;14.7;0.29074081060732249;-0.4092403230125008;0;0.40655415421629504;0.28761578545431454;0;0.5;-0.12499751642465419;0.49999999999999961;0.87549899681318645;0.26766422587867352
0;14.8;-0.32995986080355388;0.37845694860161117;0;-0.37589852959648201;-0.32652029020349976;0;0.5;-0.12499740074456007;0.49999999999999961;0.87552252815159688;0.26771146647818473
1;14.8;0.32995986080355388;-0.37845694860161117;0;0.37589852959648201;0.32652029020349976;0;0.5;-0.12499740074456007;0.49999999999999961;0.87552252815159688;0.26771146647818473
0;14.9;-0.36592051652661889;0.3439362649718008;0;-0.34154833305856569;-0.36218013485136535;0;0.5;-0.12499729555723497;0.49999999999999963;0.87554394784799279;0.26775448343185813
1;14.9;0.36592051652661889;-0.3439362649718008;0;0.34154833305856569;0.36218013485136535;0;0.5;-0.12499729555723497;0.49999999999999963;0.87554394784799279;0.26775448343185813
0;15;-0.39826952741526706;0.30602092163133809;0;-0.30384450671322899;-0.39424865126394598;0;0.5;-0.12499720185566065;0.49999999999999965;0.87556304696344944;0.26779285253541532
1;15;0.39826952741526706;-0.30602092163133809;0;0.30384450671322899;0.39424865126394598;0;0.5;-0.12499720185566065;0.49999999999999965;0.87556304696344944;0.26779285253541532
0;15.1;-0.42668941786926468;0.26508653471901161;0;-0.26315984386180119;-0.42241466829323454;0;0.5;-0.12499712051991789;0.49999999999999963;0.875579639574792;0.26782619581331018
1;15.1;0.42668941786926468;-0.26508653471901161;0;0.26315984386180119;0.42241466829323454;0;0.5;-0.12499712051991789;0.49999999999999963;0.875579639574792;0.26782619581331018
0;15.2;-0.45090149618762726;0.22153798797269117;0;-0.21989534769604302;-0.44640532091538077;0;0.5;-0.12499705231052687;0.49999999999999961;0.875593564449;0.26785418510160752
1;15.2;0.45090149618762726;-0.22153798797269117;0;0.21989534769604302;0.44640532091538077;0;0.5;-0.12499705231052687;0.49999999999999961;0.875593564449;0.26785418510160752
0;15.3;-0.47066848740847328;0.17580547053593545;0;-0.17447636353401891;-0.46598849652995533;0;0.5;-0.12499699786282523;0.4999999999999996;0.87560468648395632;0.26787654514688933
1;15.3;0.47066848740847328;-0.17580547053593545;0;0.17447636353401891;0.46598849652995533;0;0.5;-0.12499699786282523;0.4999999999999996;0.87560468648395632;0.26787654514688933
0;15.4;-0.48579676889443107;0.12834028866670011;0;-0.12734851846240131;-0.48097490419915628;0;0.5;-0.12499695768236625;0.49999999999999965;0.87561289790760465;0.26789305619706184
1;15.4;0.48579676889443107;-0.12834028866670011;0;0.12734851846240131;0.48097490419915628;0;0.5;-0.12499695768236625;0.49999999999999965;0.87561289790760465;0.26789305619706184
0;15.5;-0.49613819110095358;0.079610489696104209;0;-0.078973502324038117;-0.49121975525842221;0;0.5;-0.1249969321413191;0.49999999999999965;0.87561811922923255;0.26790355606422222
1;15.5;0.49613819110095358;-0.079610489696104209;0;0.078973502324038117;0.49121975525842221;0;0.5;-0.1249969321413191;0.49999999999999965;0.87561811922923255;0.26790355606422222
0;15.6;-0.50159146935923871;0.030096337615015668;0;-0.029824723969453171;-0.49662404617119582;0;0.5;-0.1249969214758541;0.49999999999999966;0.87562029993810712;0.26790794164400338
1;15.6;0.50159146935923871;-0.030096337615015668;0;0.029824723969453171;0.49662404617119582;0;0.5;-0.1249969214758541;0.49999999999999966;0.87562029993810712;0.26790794164400338
0;15.7;-0.50210313589484423;-0.019714319538134954;0;0.019617123362826214;-0.49713543675991445;0;0.5;-0.12499692578449908;0.49999999999999967;0.87561941894607874;0.26790616988004371
1;15.7;0.50210313589484423;0.019714319538134954;0;-0.019617123362826214;0.49713543675991445;0;0.5;-0.12499692578449908;0.49999999999999967;0.87561941894607874;0.26790616988004371
0;15.8;-0.49766804468667347;-0.06933074973696722;0;0.068868553715137198;-0.49274871906236217;0;0.5;-0.12499694502745723;0.49999999999999966;0.87561548477206146;0.26789825816642906
1;15.8;0.49766804468667347;0.06933074973696722;0;-0.068868553715137198;0.49274871906236217;0;0.5;-0.12499694502745723;0.49999999999999966;0.87561548477206146;0.26789825816642906
0;15.9;-0.48832942515181677;-0.11826406335060738;0;0.11744780330648384;-0.48350587408483087;0;0.5;-0.12499697902688237;0.49999999999999967;0.87560853546753069;0.26788428418513545
1;15.9;0.48832942515181677;0.11826406335060738;0;-0.11744780330648384;0.48350587408483087;0;0.5;-0.12499697902688237;0.49999999999999967;0.87560853546753069;0.26788428418513545
0;16;-0.47417848402537671;-0.1660319245539334;0;0.16487933477044606;-0.46949571570391235;0;0.5;-0.12499702746811333;0.49999999999999967;0.87559863828338451;0.26786438517967136
1;16;0.47417848402537671;0.1660319245539334;0;-0.16487933477044606;0.46949571570391235;0;0.5;-0.12499702746811333;0.49999999999999967;0.87559863828338451;0.26786438517967136
0;16.1;-0.45535355819772755;-0.21216320649138987;0;0.21069829672035817;-0.45085312296250524;0;0.5;-0.12499708990187467;0.49999999999999965;0.87558588907973081;0.26783875667029503
1;16.1;0.45535355819772755;0.21216320649138987;0;-0.21069829672035817;0.45085312296250524;0;0.5;-0.12499708990187467;0.49999999999999965;0.87558588907973081;0.26783875667029503
0;16.2;-0.43203882468130506;-0.25620254914643442;0;0.2544549044384431;-0.4277578640678476;0;0.5;-0.12499716574745605;0.49999999999999964;0.87557041148142598;0.2678076506203724
1;16.2;0.43203882468130506;0.25620254914643442;0;-0.2544549044384431;0.4277578640678476;0;0.5;-0.12499716574745605;0.49999999999999964;0.87557041148142598;0.2678076506203724
0;16.3;-0.40446257731003893;-0.29771477930495938;0;0.29571870726149058;-0.40043301758211231;0;0.5;-0.12499725429688615;0.49999999999999966;0.8755523557835349;0.267771373067657
1;16.3;0.40446257731003893;0.29771477930495938;0;-0.29571870726149058;0.40043301758211231;0;0.5;-0.12499725429688615;0.49999999999999966;0.8755523557835349;0.267771373067657
0;16.4;-0.37289508322900694;-0.33628915266285692;0;0.33408270801195405;-0.36914299864557576;0;0.5;-0.12499735472011917;0.49999999999999968;0.87553189761233719;0.26773028123852015
1;16.4;0.37289508322900694;0.33628915266285692;0;-0.33408270801195405;0.36914299864557576;0;0.5;-0.12499735472011917;0.49999999999999968;0.87553189761233719;0.26773028123852015
0;16.5;-0.33764603570764812;-0.37154337903407453;0;0.36916729964798395;-0.33419120062645896;0;0.5;-0.12499746607125179;0.49999999999999965;0.87550923634909498;0.26768478016743502
1;16.5;0.33764603570764812;0.37154337903407453;0;-0.36916729964798395;0.33419120062645896;0;0.5;-0.12499746607125179;0.49999999999999965;0.87550923634909498;0.26768478016743502
0;16.6;-0.29906162329941016;-0.40312739278814869;0;0.40062398423721352;-0.29591726537727958;0;0.5;-0.12499758729578536;0.49999999999999967;0.87548459332553985;0.26763531884831537
1;16.6;0.29906162329941016;0.40312739278814869;0;-0.40062398423721352;0.29591726537727958;0;0.5;-0.12499758729578536;0.49999999999999967;0.87548459332553985;0.26763531884831537
0;16.7;-0.25752123886020545;-0.43072683210953044;0;0.42813883946360476;-0.25469399830899148;0;0.5;-0.12499771723894402;0.4999999999999997;0.87545820980193923;0.26758238594861144
1;16.7;0.25752123886020545;0.43072683210953044;0;-0.42813883946360476;0.25469399830899148;0;0.5;-0.12499771723894402;0.4999999999999997;0.87545820980193923;0.26758238594861144
0;16.8;-0.21343385540668924;-0.454066192449947;0;0.45143569822659635;-0.2109239477705421;0;0.5;-0.12499785465504916;0.49999999999999971;0.87543034474066322;0.2675265051213448
1;16.8;0.21343385540668924;0.454066192449947;0;-0.45143569822659635;0.2109239477705421;0;0.5;-0.12499785465504916;0.49999999999999971;0.87543034474066322;0.2675265051213448
0;16.9;-0.16723409921488619;-0.47291162166363887;0;0.47027900756223795;-0.1650356717257245;0;0.5;-0.1249979982179404;0.49999999999999967;0.87540127239038092;0.26746822995448457
1;16.9;0.16723409921488619;0.47291162166363887;0;-0.47027900756223795;0.1650356717257245;0;0.5;-0.1249979982179404;0.49999999999999967;0.87540127239038092;0.26746822995448457
0;17;-0.11937805389424165;-0.48707332679509191;0;0.4844763341815817;-0.11747971841717741;0;0.5;-0.1249981465324187;0.49999999999999968;0.87537127969834481;0.26740813860118271
1;17;0.11937805389424165;0.48707332679509191;0;-0.4844763341815817;0.11747971841717741;0;0.5;-0.1249981465324187;0.49999999999999968;0.87537127969834481;0.26740813860118271
0;17.1;-0.070338832378569846;-0.49640756534707436;0;0.49388048545304192;-0.068724351547480217;0;0.5;-0.12499829814666899;0.49999999999999967;0.87534066357064034;0.26734682813833839
1;17.1;0.070338832378569846;0.49640756534707436;0;-0.49388048545304192;0.068724351547480217;0;0.5;-0.12499829814666899;0.49999999999999967;0.87534066357064034;0.26734682813833839
0;17.2;-0.020601956803633265;-0.50081819710458797;0;0.49839121671585795;-0.019251054420807916;0;0.5;-0.12499845156560078;0.49999999999999969;0.87530972800273706;0.26728490870468675
1;17.2;0.020601956803633265;0.50081819710458797;0;-0.49839121671585795;0.019251054420807916;0;0.5;-0.12499845156560078;0.49999999999999969;0.87530972800273706;0.26728490870468675
0;17.3;0.029339410964601742;-0.50025777623123602;0;0.49795649845306594;0.030450148609120677;0;0.5;-0.12499860526502257;0.49999999999999975;0.87527878110512424;0.26722299747302967
1;17.3;-0.029339410964601742;0.50025777623123602;0;-0.49795649845306594;-0.030450148609120677;0;0.5;-0.12499860526502257;0.49999999999999975;0.87527878110512424;0.26722299747302967
0;17.4;0.078989342886979924;-0.49472816738276387;0;0.49257332011153337;0.079885511246828758;0;0.5;-0.1249987577065428;0.49999999999999972;0.87524813205117921;0.2671617125142686
1;17.4;-0.078989342886979924;0.49472816738276387;0;-0.49257332011153337;-0.079885511246828758;0;0.5;-0.1249987577065428;0.49999999999999972;0.87524813205117921;0.2671617125142686
0;17.5;0.12785407498690843;-0.48428067398187025;0;0.48228801125253845;0.12856247920864308;0;0.5;-0.12499890735306573;0.4999999999999997;0.87521808797663192;0.26710166661347772
1;17.5;-0.12785407498690843;0.48428067398187025;0;-0.48228801125253845;-0.12856247920864308;0;0.5;-0.12499890735306573;0.4999999999999997;0.87521808797663192;0.26710166661347772
0;17.6;0.17544694513748763;-0.46901567154103524;0;0.46719606524703727;0.1759946500785993;0;0.5;-0.12499905268472761;0.49999999999999969;0.87518895086197475;0.26704346110028487
1;17.6;-0.17544694513748763;0.46901567154103524;0;-0.46719606524703727;-0.1759946500785993;0;0.5;-0.12499905268472761;0.49999999999999969;0.87518895086197475;0.26704346110028487
0;17.7;0.22129328803631587;-0.44908174396615036;0;0.44744145586996958;0.22170672735048846;0;0.5;-0.12499919221509417;0.49999999999999968;0.8751610144308441;0.26698767975722928
1;17.7;-0.22129328803631587;0.44908174396615036;0;-0.44744145586996958;-0.22170672735048846;0;0.5;-0.12499919221509417;0.49999999999999968;0.8751610144308441;0.26698767975722928
0;17.8;0.26493523631148153;-0.42467432607093752;0;0.42321544284800788;0.26523941474923907;0;0.5;-0.12499932450742098;0.49999999999999967;0.87513456109869145;0.26693488287045808
1;17.8;-0.26493523631148153;0.42467432607093752;0;-0.42321544284800788;-0.26523941474923907;0;0.5;-0.12499932450742098;0.49999999999999967;0.87513456109869145;0.26693488287045808
0;17.9;0.30593637660591744;-0.39603386101630256;0;0.39475486860043624;0.30615419543206507;0;0.5;-0.12499944819076063;0.4999999999999997;0.8751098590068926;0.26688560148704383
1;17.9;-0.30593637660591744;0.39603386101630256;0;-0.39475486860043624;-0.30615419543206507;0;0.5;-0.12499944819076063;0.4999999999999997;0.8751098590068926;0.26688560148704383
0;18;0.34388621003156877;-0.36344348698452456;0;0.36233995498449012;0.34403793997950732;0;0.5;-0.12499956197568578;0.49999999999999971;0.87508715917774777;0.26684033194229494
1;18;-0.34388621003156877;0.36344348698452456;0;-0.36233995498449012;-0.34403793997950732;0;0.5;-0.12499956197568578;0.49999999999999971;0.87508715917774777;0.26684033194229494
0;18.1;0.37840436760281548;-0.32722627302040114;0;0.32629161569321713;0.37850728728702365;0;0.5;-0.1249996646693905;0.49999999999999972;0.87506669282554743;0.26679953071864952
1;18.1;-0.37840436760281548;0.32722627302040114;0;-0.32629161569321713;-0.37850728728702365;0;0.5;-0.1249996646693905;0.49999999999999972;0.87506669282554743;0.26679953071864952
0;18.2;0.40914453317021221;-0.28774202952711986;0;0.28696830691502612;0.40921274362636006;0;0.5;-0.12499975518992714;0.49999999999999972;0.87504866885797921;0.26676360969506813
1;18.2;-0.40914453317021221;0.28774202952711986;0;-0.28696830691502612;-0.40921274362636006;0;0.5;-0.12499975518992714;0.49999999999999972;0.87504866885797921;0.26676360969506813
0;18.3;0.43579802898582071;-0.24538372429512914;0;0.24476244579356118;0.43584244730434768;0;0.5;-0.12499983257934151;0.49999999999999971;0.87503327160060451;0.26673293184226856
1;18.3;-0.43579802898582071;0.24538372429512914;0;-0.24476244579356118;-0.43584244730434768;0;0.5;-0.12499983257934151;0.49999999999999971;0.87503327160060451;0.26673293184226856
0;18.4;0.45809702232892446;-0.20057354006625033;0;0.20009643295811694;0.45812554951791962;0;0.5;-0.12499989601547621;0.49999999999999971;0.87502065877493641;0.26670780741469588
1;18.4;-0.45809702232892446;0.20057354006625033;0;-0.20009643295811694;-0.45812554951791962;0;0.5;-0.12499989601547621;0.49999999999999971;0.87502065877493641;0.26670780741469588
0;18.5;0.47581731557744411;-0.15375861439154523;0;0.15341832175791104;0.47583516616972837;0;0.5;-0.12499994482223084;0.49999999999999972;0.87501095975781934;0.26668849068483417
1;18.5;-0.47581731557744411;0.15375861439154523;0;-0.15341832175791104;-0.47583516616972837;0;0.5;-0.12499994482223084;0.49999999999999972;0.87501095975781934;0.26668849068483417
0;18.6;0.48878068668050667;-0.10540650683230467;0;0.10519718265963779;0.48879086051821224;0;0.5;-0.12499997847808867;0.4999999999999997;0.87500427414638126;0.26667517725940643
1;18.6;-0.48878068668050667;0.10540650683230467;0;-0.10519718265963779;-0.48879086051821224;0;0.5;-0.12499997847808867;0.4999999999999997;0.87500427414638126;0.26667517725940643
0;18.7;0.49685675210937169;-0.056000442287902782;0;0.055918216397058906;0.49686062250688989;0;0.5;-0.12499999662274839;0.49999999999999971;0.87500067064886059;0.26666800201026283
1;18.7;-0.49685675210937169;0.056000442287902782;0;-0.055918216397058906;-0.49686062250688989;0;0.5;-0.12499999662274839;0.49999999999999971;0.87500067064886059;0.26666800201026283
0;18.8;0.49996432995991846;-0.0060343823309266867;0;0.0060776737494413037;0.49996231733762353;0;0.5;-0.12499999906173393;0.49999999999999968;0.87500018631717958;0.26666703764542836
1;18.8;-0.49996432995991846;0.0060343823309266867;0;-0.0060776737494413037;-0.49996231733762353;0;0.5;-0.12499999906173393;0.49999999999999968;0.87500018631717958;0.26666703764542836
0;18.9;0.49807228685925992;0.043992021179621928;0;-0.043822356850701502;0.49806458318244168;0;0.5;-0.12499998576889169;0.49999999999999965;0.87500282613233566;0.26667229393799444
1;18.9;-0.49807228685925992;-0.043992021179621928;0;0.043822356850701502;-0.49806458318244168;0;0.5;-0.12499998576889169;0.49999999999999965;0.87500282613233566;0.26667229393799444
0;19;0.49119985858977816;0.09357853430556165;0;-0.093279230417325207;0.49118716570700699;0;0.5;-0.12499995688672719;0.49999999999999964;0.8750085629486238;0.26668371762242842
1;19;-0.49119985858977816;-0.09357853430556165;0;0.093279230417325207;-0.49118716570700699;0;0.5;-0.12499995688672719;0.49999999999999964;0.8750085629486238;0.26668371762242842
0;19.1;0.47941644077579487;0.14222945432102332;0;-0.14179503061844168;0.4794006851283395;0;0.5;-0.1249999127245735;0.49999999999999963;0.87501733779749997;0.26670119295959045
1;19.1;-0.47941644077579487;-0.14222945432102332;0;0.14179503061844168;-0.4794006851283395;0;0.5;-0.1249999127245735;0.49999999999999963;0.87501733779749997;0.26670119295959045
0;19.2;0.4628408524660898;0.18945867133122954;0;-0.18888179451389597;0.4628258396625291;0;0.5;-0.12499985375462814;0.49999999999999964;0.87502906054667521;0.26672454296343791
1;19.2;-0.4628408524660898;-0.18945867133122954;0;0.18888179451389597;-0.4628258396625291;0;0.5;-0.12499985375462814;0.49999999999999964;0.87502906054667521;0.26672454296343791
0;19.3;0.44164008187301568;0.23479462225352912;0;-0.23406661342250068;0.44163205724470744;0;0.5;-0.12499978060593578;0.49999999999999964;0.87504361090491286;0.26675353127421713
1;19.3;-0.44164008187301568;-0.23479462225352912;0;0.23406661342250068;-0.44163205724470744;0;0.5;-0.12499978060593578;0.49999999999999964;0.87504361090491286;0.26675353127421713
0;19.4;0.41602752978158969;0.277785082780171;0;-0.27689654881126496;0.41603561513774195;0;0.5;-0.12499969405643247;0.49999999999999965;0.87506083975810954;0.26678786465504059
1;19.4;-0.41602752978158969;-0.277785082780171;0;0.27689654881126496;-0.41603561513774195;0;0.5;-0.12499969405643247;0.49999999999999965;0.87506083975810954;0.26678786465504059
0;19.5;0.38626077211076271;0.3180017452810775;0;-0.3169433054384001;0.38629725431359008;0;0.5;-0.12499959502320364;0.49999999999999963;0.87508057081768493;0.26682719608126265
1;19.5;-0.38626077211076271;-0.3180017452810775;0;0.3169433054384001;-0.38629725431359008;0;0.5;-0.12499959502320364;0.49999999999999963;0.87508057081768493;0.26682719608126265
0;19.6;0.35263886869390965;0.35504453364288902;0;-0.35380760826486102;0.35271932213536061;0;0.5;-0.1249994845511368;0.49999999999999959;0.87510260255818395;0.266871128385128
1;19.6;-0.35263886869390965;-0.35504453364288902;0;0.35380760826486102;-0.35271932213536061;0;0.5;-0.1249994845511368;0.49999999999999959;0.87510260255818395;0.266871128385128
0;19.7;0.31549925045779048;0.38854560970814961;0;-0.38712323474977761;0.31564248275537327;0;0.5;-0.12499936380017502;0.49999999999999959;0.87512671041739197;0.26691921841188469
1;19.7;-0.31549925045779048;-0.38854560970814961;0;0.38712323474977761;-0.31564248275537327;0;0.5;-0.12499936380017502;0.49999999999999959;0.87512671041739197;0.26691921841188469
0;19.8;0.2752142217439541;0.41817303019396368;0;-0.41656065991674701;0.27544203966880138;0;0.5;-0.12499923403139625;0.49999999999999957;0.87515264922924194;0.26697098163801881
1;19.8;-0.2752142217439541;-0.41817303019396368;0;0.41656065991674701;-0.27544203966880138;0;0.5;-0.12499923403139625;0.49999999999999957;0.87515264922924194;0.26697098163801881
0;19.9;0.23218711847444104;0.44363401764190991;0;-0.44183027786044193;0.23252391894804275;0;0.5;-0.12499909659215392;0.49999999999999956;0.87518015585739564;0.26702589719755403
1;19.9;-0.23218711847444104;-0.44363401764190991;0;0.44183027786044193;-0.23252391894804275;0;0.5;-0.12499909659215392;0.49999999999999956;0.87518015585739564;0.26702589719755403
0;20;0.1868481661718657;0.46467781398357222;0;-0.46268516998905856;0.18732036478577249;0;0.5;-0.12499895290052062;0.49999999999999953;0.87520895199563362;0.26708341325851127
1;20;-0.1868481661718657;-0.46467781398357222;0;0.46268516998905856;-0.18732036478577249;0;0.5;-0.12499895290052062;0.49999999999999953;0.87520895199563362;0.26708341325851127
