# column style format: id;time;x;y;z;vx;vy;vz;mass;totalEnergy;totalSpecificAngularMomentum;rungeLenzVector;semiMajorAxis
# this file will be overwritten without any precaution
# used integrator was hermite
0;0.5;0.43877727158090413;0.23971719703919037;0;-0.2399043884036294;0.4387124812652981;0;0.5;-0.12499370745239969;0.50001254616719061;0.87499118514838593;0.26666249842666098
1;0.5;-0.43877727158090413;-0.23971719703919037;0;0.2399043884036294;-0.4387124812652981;0;0.5;-0.12499370745239969;0.50001254616719061;0.87499118514838593;0.26666249842666098
0;1;0.27002123852800319;0.42068854563178931;0;-0.4210829536978139;0.26985847161185361;0;0.5;-0.1249876329118256;0.50002458822675622;0.87496027865796441;0.26661382261557075
1;1;-0.27002123852800319;-0.42068854563178931;0;0.4210829536978139;-0.26985847161185361;0;0.5;-0.1249876329118256;0.50002458822675622;0.87496027865796441;0.26661382261557075
0;1.5;0.035054774985676419;0.49850075753603057;0;-0.49910219234850983;0.03466917084461231;0;0.5;-0.12498171179544377;0.5000362819130473;0.87491476180512413;0.2665357416502637
1;1.5;-0.035054774985676419;-0.49850075753603057;0;0.49910219234850983;-0.03466917084461231;0;0.5;-0.12498171179544377;0.5000362819130473;0.87491476180512413;0.2665357416502637
0;2;-0.2085105671146863;0.45396285564864247;0;-0.45463871444300863;-0.2092692208976189;0;0.5;-0.12497584304628945;0.50004786605197398;0.87486563721988497;0.26645043246757048
1;2;0.2085105671146863;-0.45396285564864247;0;0.45463871444300863;0.2092692208976189;0;0.5;-0.12497584304628945;0.50004786605197398;0.87486563721988497;0.26645043246757048
0;2.5;-0.4008451633106207;0.29789712089841219;0;-0.29838825249175621;-0.40200261092103318;0;0.5;-0.12496991238056236;0.5000596071062802;0.87482479484991647;0.26638180599202396
1;2.5;0.4008451633106207;-0.29789712089841219;0;0.29838825249175621;0.40200261092103318;0;0.5;-0.12496991238056236;0.5000596071062802;0.87482479484991647;0.26638180599202396
0;3;-0.49462047977927542;0.06858583294840874;0;-0.068654152313813888;-0.49599071422584928;0;0.5;-0.12496382005976311;0.50007173451652982;0.87480212887649539;0.26634971834646679
1;3;0.49462047977927542;-0.06858583294840874;0;0.068654152313813888;0.49599071422584928;0;0.5;-0.12496382005976311;0.50007173451652982;0.87480212887649539;0.26634971834646679
0;3.5;-0.46673411383979607;-0.17760024052662965;0;0.1779979998008949;-0.46799601160777149;0;0.5;-0.1249575063580073;0.5000843826724201;0.87480311123232117;0.26636514236075682
1;3.5;0.46673411383979607;0.17760024052662965;0;-0.1779979998008949;0.46799601160777149;0;0.5;-0.1249575063580073;0.5000843826724201;0.87480311123232117;0.26636514236075682
0;4;-0.32406028941313392;-0.38011940499284674;0;0.380785348078304;-0.32495458874678024;0;0.5;-0.12495096726295281;0.50009755603385294;0.87482744600008951;0.26642750438554493
1;4;0.32406028941313392;0.38011940499284674;0;-0.380785348078304;0.32495458874678024;0;0.5;-0.12495096726295281;0.50009755603385294;0.87482744600008951;0.26642750438554493
0;4.5;-0.10173504643736195;-0.48923337125191885;0;0.48985960202437712;-0.1022253389876052;0;0.5;-0.1249442553333177;0.50011112829497678;0.87486916059658997;0.26652485890159862
1;4.5;0.10173504643736195;0.48923337125191885;0;-0.48985960202437712;0.1022253389876052;0;0.5;-0.1249442553333177;0.50011112829497678;0.87486916059658997;0.26652485890159862
0;5;0.14558311295362725;-0.47825494873950342;0;0.47862930872994969;0.14531632127513713;0;0.5;-0.12493746548489375;0.50012487585213984;0.87491810446067598;0.266636846955336
1;5;-0.14558311295362725;0.47825494873950342;0;-0.47862930872994969;-0.14531632127513713;0;0.5;-0.12493746548489375;0.50012487585213984;0.87491810446067598;0.266636846955336
0;5.5;0.35722881672306944;-0.35002064916626308;0;0.35014095114965271;0.3569496594920486;0;0.5;-0.12493071042667869;0.50013853502228265;0.87496245180983463;0.26673967634545066
1;5.5;-0.35722881672306944;0.35002064916626308;0;-0.35014095114965271;-0.3569496594920486;0;0.5;-0.12493071042667869;0.50013853502228265;0.87496245180983463;0.26673967634545066
0;6;0.48141122348112536;-0.13606366604970885;0;0.13607752159931732;0.48100400546416788;0;0.5;-0.12492409308748375;0.50015186645117705;0.87499156395015167;0.26681187597071794
1;6;-0.48141122348112536;0.13606366604970885;0;-0.13607752159931732;-0.48100400546416788;0;0.5;-0.12492409308748375;0.50015186645117705;0.87499156395015167;0.26681187597071794
0;6.5;0.48781054431811577;0.11119582646387005;0;-0.1111562390638509;0.48732494243530594;0;0.5;-0.1249176829573169;0.50016471059696288;0.87499851584307309;0.26683942987496233
1;6.5;-0.48781054431811577;-0.11119582646387005;0;0.1111562390638509;-0.48732494243530594;0;0.5;-0.1249176829573169;0.50016471059696288;0.87499851584307309;0.26683942987496233
0;7;0.37489363004658138;0.33126386639240629;0;-0.33119825099537054;0.37443820604968459;0;0.5;-0.12491150099695709;0.50017702292245027;0.87498171145277296;0.266819089580685
1;7;-0.37489363004658138;-0.33126386639240629;0;0.33119825099537054;-0.37443820604968459;0;0.5;-0.12491150099695709;0.50017702292245027;0.87498171145277296;0.266819089580685
0;7.5;0.17025795237736208;0.47028817181264726;0;-0.47029704618407941;0.1698558162522357;0;0.5;-0.12490551534576449;0.5001888830665799;0.87494524063049374;0.26675911361801987
1;7.5;-0.17025795237736208;-0.47028817181264726;0;0.47029704618407941;-0.1698558162522357;0;0.5;-0.12490551534576449;0.5001888830665799;0.87494524063049374;0.26675911361801987
0;8;-0.076057625059432935;0.49417393428356338;0;-0.49432203365652289;-0.076510070751849443;0;0.5;-0.12489964831138878;0.50020047689922159;0.8748979062983453;0.26667727543176291
1;8;0.076057625059432935;-0.49417393428356338;0;0.49432203365652289;0.076510070751849443;0;0.5;-0.12489964831138878;0.50020047689922159;0.8748979062983453;0.26667727543176291
0;8.5;-0.3037300390761774;0.39695970755283361;0;-0.39717362044202009;-0.30436272700949896;0;0.5;-0.12489379370155251;0.50021205437258293;0.8748511335487134;0.26659659940726605
1;8.5;0.3037300390761774;-0.39695970755283361;0;0.39717362044202009;0.30436272700949896;0;0.5;-0.12489379370155251;0.50021205437258293;0.8748511335487134;0.26659659940726605
0;9;-0.45689864869213048;0.20237804367127793;0;-0.20248418054196979;-0.45772423187817729;0;0.5;-0.12488784168073825;0.50022387070249657;0.87481622754317368;0.26653981662789261
1;9;0.45689864869213048;-0.20237804367127793;0;0.20248418054196979;0.45772423187817729;0;0.5;-0.12488784168073825;0.50022387070249657;0.87481622754317368;0.26653981662789261
0;9.5;-0.49792134414348305;-0.041878483937542267;0;0.042003774006064198;-0.49879164722185604;0;0.5;-0.12488170590197616;0.50023612361455537;0.87480162559375223;0.2665238621141891
1;9.5;0.49792134414348305;0.041878483937542267;0;-0.042003774006064198;0.49879164722185604;0;0.5;-0.12488170590197616;0.50023612361455537;0.87480162559375223;0.2665238621141891
0;10;-0.41670442336499186;-0.27586068469776909;0;0.27616778057130265;-0.41741965925362934;0;0.5;-0.12487534578389657;0.5002489029007156;0.87481082727140574;0.26655576260589591
1;10;0.41670442336499186;0.27586068469776909;0;-0.27616778057130265;0.41741965925362934;0;0.5;-0.12487534578389657;0.5002489029007156;0.87481082727140574;0.26655576260589591
0;10.5;-0.23321694940620752;-0.44215452771628733;0;0.44244512167553596;-0.23369643543675375;0;0.5;-0.12486877715235723;0.50026216714897265;0.87484154039996175;0.26663094509864494
1;10.5;0.23321694940620752;0.44215452771628733;0;-0.44244512167553596;0.23369643543675375;0;0.5;-0.12486877715235723;0.50026216714897265;0.87484154039996175;0.26663094509864494
0;11;0.0074704525082118726;-0.50004082704866681;0;0.50012868358027696;0.0071102700678916534;0;0.5;-0.12486206777518746;0.50027575500621085;0.87488626788823986;0.26673439038867066
1;11;-0.0074704525082118726;0.50004082704866681;0;-0.50012868358027696;-0.0071102700678916534;0;0.5;-0.12486206777518746;0.50027575500621085;0.87488626788823986;0.26673439038867066
0;11.5;0.24634802135251127;-0.43546329814073198;0;0.43533351843193591;0.24588362275293402;0;0.5;-0.12485531934779302;0.50028942735150512;0.8749341731475547;0.2668443275622346
1;11.5;-0.24634802135251127;0.43546329814073198;0;-0.43533351843193591;-0.24588362275293402;0;0.5;-0.12485531934779302;0.50028942735150512;0.8749341731475547;0.2668443275622346
0;12;0.42498610942673049;-0.26436320500444188;0;0.26419004276802782;0.42427113095084967;0;0.5;-0.12484864170884494;0.50030292744259381;0.87497373024372994;0.26693752880825159
1;12;-0.42498610942673049;0.26436320500444188;0;-0.26419004276802782;-0.42427113095084967;0;0.5;-0.12484864170884494;0.50030292744259381;0.87497373024372994;0.26693752880825159
0;12.5;0.49979336015528941;-0.028656562164250457;0;0.028663372049545496;0.49887943175426802;0;0.5;-0.12484212657649973;0.50031604242360368;0.87499549054631245;0.26699489527501799
1;12.5;-0.49979336015528941;0.028656562164250457;0;-0.028663372049545496;-0.49887943175426802;0;0.5;-0.12484212657649973;0.50031604242360368;0.87499549054631245;0.26699489527501799
0;13;0.45256433332247697;0.21405759242765418;0;-0.21377559758678488;0.45165741330371501;0;0.5;-0.1248358269108017;0.50032865176232087;0.87499430941746177;0.26700599879591127
1;13;-0.45256433332247697;-0.21405759242765418;0;0.21377559758678488;-0.45165741330371501;0;0.5;-0.1248358269108017;0.50032865176232087;0.87499430941746177;0.26700599879591127
0;13.5;0.29484224782805346;0.40451465543053911;0;-0.40405533914176978;0.29413719049245318;0;0.5;-0.12482974560478734;0.50034075340485174;0.87497053660620843;0.26697152984912216
1;13.5;-0.29484224782805346;-0.40451465543053911;0;0.40405533914176978;-0.29413719049245318;0;0.5;-0.12482974560478734;0.50034075340485174;0.87497053660620843;0.26697152984912216
0;14;0.065107500484307343;0.49617112328444607;0;-0.49573074568027026;0.064646175625666588;0;0.5;-0.12482383504374587;0.50035246368334492;0.87492991876636352;0.26690310279094139
1;14;-0.065107500484307343;-0.49617112328444607;0;0.49573074568027026;-0.064646175625666588;0;0.5;-0.12482383504374587;0.50035246368334492;0.87492991876636352;0.26690310279094139
0;14.5;-0.18053807597641539;0.46654368066511126;0;-0.4662554049401702;-0.18086756873959858;0;0.5;-0.12481800753913928;0.50036399123513618;0.87488223891438581;0.266820470450796
1;14.5;0.18053807597641539;-0.46654368066511126;0;0.4662554049401702;0.18086756873959858;0;0.5;-0.12481800753913928;0.50036399123513618;0.87488223891438581;0.266820470450796
0;15;-0.38200654593558547;0.32276659725218432;0;-0.32261826770586927;-0.38234264750085312;0;0.5;-0.1248121551590589;0.5003755892289714;0.87483898977892691;0.26674678958953575
1;15;0.38200654593558547;-0.32276659725218432;0;0.32261826770586927;0.38234264750085312;0;0.5;-0.1248121551590589;0.5003755892289714;0.87483898977892691;0.26674678958953575
0;15.5;-0.48992615151131186;0.099950287104458996;0;-0.099847796344591275;-0.49030640811798826;0;0.5;-0.12480617541788812;0.50038749500394014;0.87481060861605224;0.26670304491780969
1;15.5;0.48992615151131186;-0.099950287104458996;0;0.099847796344591275;0.49030640811798826;0;0.5;-0.12480617541788812;0.50038749500394014;0.87481060861605224;0.26670304491780969
0;16;-0.47780902829959365;-0.14735777222484187;0;0.14745408534571869;-0.47816474044435503;0;0.5;-0.12479999694900436;0.50039987104168299;0.87480393580216209;0.26670297132702944
1;16;0.47780902829959365;0.14735777222484187;0;-0.14745408534571869;0.47816474044435503;0;0.5;-0.12479999694900436;0.50039987104168299;0.87480393580216209;0.26670297132702944
0;16.5;-0.34861972089700466;-0.35856960730654841;0;0.35857721627606937;-0.34889446212355352;0;0.5;-0.12479359804110054;0.50041276327441852;0.87482053856693894;0.26674972692725134
1;16.5;0.34861972089700466;0.35856960730654841;0;-0.35857721627606937;0.34889446212355352;0;0.5;-0.12479359804110054;0.50041276327441852;0.87482053856693894;0.26674972692725134
0;17;-0.13404910080760923;-0.48198389655914781;0;0.48177453604136899;-0.13432000970486041;0;0.5;-0.12478701224003256;0.50042608933120101;0.87485633814046088;0.26683515165155945
1;17;0.13404910080760923;0.48198389655914781;0;-0.48177453604136899;0.13432000970486041;0;0.5;-0.12478701224003256;0.50042608933120101;0.87485633814046088;0.26683515165155945
0;17.5;0.11333329489195462;-0.48748913428115709;0;0.48704447790702199;0.11286126772265856;0;0.5;-0.12478031920487755;0.50043966045600838;0.87490263608170529;0.26694179241323779
1;17.5;-0.11333329489195462;0.48748913428115709;0;-0.48704447790702199;-0.11286126772265856;0;0.5;-0.12478031920487755;0.50043966045600838;0.87490263608170529;0.26694179241323779
0;18;0.33304255217830819;-0.37387533142375179;0;0.37337401599182879;0.33218362151869701;0;0.5;-0.12477362389305413;0.50045323015276444;0.87494826189233786;0.26704717101088514
1;18;-0.33304255217830819;0.37387533142375179;0;-0.37337401599182879;-0.33218362151869701;0;0.5;-0.12477362389305413;0.50045323015276444;0.87494826189233786;0.26704717101088514
0;18.5;0.47148716066407476;-0.169006368694883;0;0.16874791794817168;0.47024356804932449;0;0.5;-0.12476703049390078;0.50046655511472439;0.87498228311766297;0.26712922052801265
1;18.5;-0.47148716066407476;0.169006368694883;0;-0.16874791794817168;-0.47024356804932449;0;0.5;-0.12476703049390078;0.50046655511472439;0.87498228311766297;0.26712922052801265
0;19;0.4949797798760171;0.077082338496317807;0;-0.076868969611625135;0.4935847810717871;0;0.5;-0.12476061805197114;0.50047945244106346;0.87499660898294958;0.26717156314102776
1;19;-0.4949797798760171;-0.077082338496317807;0;0.076868969611625135;-0.4935847810717871;0;0.5;-0.12476061805197114;0.50047945244106346;0.87499660898294958;0.26717156314102776
0;19.5;0.39784488830744924;0.30439435427151018;0;-0.30370701953725754;0.39663502742051099;0;0.5;-0.12475442301484291;0.50049184056540739;0.874987883399057;0.26716738400576408
1;19.5;-0.39784488830744924;-0.30439435427151018;0;0.30370701953725754;-0.39663502742051099;0;0.5;-0.12475442301484291;0.50049184056540739;0.874987883399057;0.26716738400576408
0;20;0.20374865053363808;0.45752369506168961;0;-0.45658490238338717;0.20296314387583131;0;0.5;-0.12474843157547472;0.50050375664118681;0.87495825335328077;0.2671210159224477
1;20;-0.20374865053363808;-0.45752369506168961;0;0.45658490238338717;-0.20296314387583131;0;0.5;-0.12474843157547472;0.50050375664118681;0.87495825335328077;0.2671210159224477
0;20.5;-0.040028811784728204;0.49908748336233155;0;-0.49819293842683482;-0.040366276821196305;0;0.5;-0.12474258278242654;0.50051534793131979;0.87491485311365098;0.26704688403665808
1;20.5;0.040028811784728204;-0.49908748336233155;0;0.49819293842683482;0.040366276821196305;0;0.5;-0.12474258278242654;0.50051534793131979;0.87491485311365098;0.26704688403665808
0;21;-0.27403277552739436;0.41884656038895229;0;-0.41819405632440299;-0.27407041783223568;0;0.5;-0.12473678197817362;0.50052683871020038;0.87486811765488091;0.26696605661359511
1;21;0.27403277552739436;-0.41884656038895229;0;0.41819405632440299;0.27407041783223568;0;0.5;-0.12473678197817362;0.50052683871020038;0.87486811765488091;0.26696605661359511
0;21.5;-0.44109138099058065;0.23628948860537399;0;-0.23592213184844388;-0.44100458016804184;0;0.5;-0.12473092251932033;0.50053847834930246;0.87482929664446759;0.26690119776796524
1;21.5;0.44109138099058065;-0.23628948860537399;0;0.23592213184844388;0.44100458016804184;0;0.5;-0.12473092251932033;0.50053847834930246;0.87482929664446759;0.26690119776796524
0;22;-0.50031576730160565;-0.0040330972893034035;0;0.0041479541401850473;-0.50020112860121058;0;0.5;-0.12472491155449372;0.50055048112768546;0.8748077417311509;0.26687111079517005
1;22;0.50031576730160565;0.0040330972893034035;0;-0.0041479541401850473;0.50020112860121058;0;0.5;-0.12472491155449372;0.50055048112768546;0.8748077417311509;0.26687111079517005
0;22.5;-0.43718384471704774;-0.2433740972133886;0;0.24323417345156778;-0.43708062672722298;0;0.5;-0.12471869354941152;0.50056297243832848;0.87480862731364691;0.26688619240574661
1;22.5;0.43718384471704774;0.2433740972133886;0;-0.24323417345156778;0.43708062672722298;0;0.5;-0.12471869354941152;0.50056297243832848;0.87480862731364691;0.26688619240574661
0;23;-0.26714765438531674;-0.42321511047682081;0;0.4227669102689221;-0.26714302917558808;0;0.5;-0.12471226475064204;0.50057595653010529;0.87483168645361166;0.26694592447899074
1;23;0.26714765438531674;0.42321511047682081;0;-0.4227669102689221;0.26714302917558808;0;0.5;-0.12471226475064204;0.50057595653010529;0.87483168645361166;0.26694592447899074
0;23.5;-0.031820497892250187;-0.49965157399379651;0;0.49889360128869237;-0.03210775392234104;0;0.5;-0.12470567398450718;0.50058931571067885;0.8748712931018571;0.26703903182922727
1;23.5;0.031820497892250187;0.49965157399379651;0;-0.49889360128869237;0.03210775392234104;0;0.5;-0.12470567398450718;0.50058931571067885;0.8748712931018571;0.26703903182922727
0;24;0.21129242930745568;-0.45412944410799;0;0.45323203807522655;0.21049219449072609;0;0.5;-0.12469900958022689;0.50060284125447389;0.87491786436304841;0.26714625737061217
1;24;-0.21129242930745568;0.45412944410799;0;-0.45323203807522655;-0.21049219449072609;0;0.5;-0.12469900958022689;0.50060284125447389;0.87491786436304841;0.26714625737061217
0;24.5;0.40291192253823593;-0.29788748109291235;0;0.29719417331443732;0.40152130148685633;0;0.5;-0.12469237669140004;0.50061628641250419;0.87496020885572959;0.2672450453449773
1;24.5;-0.40291192253823593;0.29788748109291235;0;-0.29719417331443732;-0.40152130148685633;0;0.5;-0.12469237669140004;0.50061628641250419;0.87496020885572959;0.2672450453449773
0;25;0.49642730502668181;-0.069092789462594478;0;0.06896495812365884;0.49463381518352928;0;0.5;-0.12468587170951734;0.5006294263571197;0.87498822101363827;0.26731496724004142
1;25;-0.49642730502668181;0.069092789462594478;0;-0.06896495812365884;-0.49463381518352928;0;0.5;-0.12468587170951734;0.5006294263571197;0.87498822101363827;0.26731496724004142
0;25.5;0.46915506524838857;0.17652536531971713;0;-0.17591934626138855;0.46736536477224361;0;0.5;-0.1246795601638015;0.50064211014031261;0.87499527012135266;0.26734258238278936
1;25.5;-0.46915506524838857;-0.17652536531971713;0;0.17591934626138855;-0.46736536477224361;0;0.5;-0.1246795601638015;0.50064211014031261;0.87499527012135266;0.26734258238278936
0;26;0.32776281644982586;0.37921134706625959;0;-0.37800452914261279;0.32640536058038006;0;0.5;-0.124673462491179;0.50065429396292741;0.87497974104124348;0.26732459997447058
1;26;-0.32776281644982586;-0.37921134706625959;0;0.37800452914261279;-0.32640536058038006;0;0.5;-0.124673462491179;0.50065429396292741;0.87497974104124348;0.26732459997447058
0;26.5;0.10662738806207263;0.48963854466739204;0;-0.48819023122950661;0.10594155009310852;0;0.5;-0.12466754983937031;0.50066605022745722;0.87494539523648635;0.26726862726047763
1;26.5;-0.10662738806207263;-0.48963854466739204;0;0.48819023122950661;-0.10594155009310852;0;0.5;-0.12466754983937031;0.50066605022745722;0.87494539523648635;0.26726862726047763
0;27;-0.14046392721128684;0.48086167917513456;0;-0.47956127448835384;-0.14050679268051097;0;0.5;-0.12466175040045611;0.50067755123520822;0.87490047956646068;0.26719134283555907
1;27;0.14046392721128684;-0.48086167917513456;0;0.47956127448835384;0.14050679268051097;0;0.5;-0.12466175040045611;0.50067755123520822;0.87490047956646068;0.26719134283555907
0;27.5;-0.3533241791661621;0.35491384928516828;0;-0.35401356345719215;-0.35293423422900649;0;0.5;-0.12465596539291492;0.50068903022870593;0.87485577674869254;0.26711451557153025
1;27.5;0.3533241791661621;-0.35491384928516828;0;0.35401356345719215;0.35293423422900649;0;0.5;-0.12465596539291492;0.50068903022870593;0.87485577674869254;0.26711451557153025
0;28;-0.4800103643398636;0.14240820999552767;0;-0.14199240162856472;-0.47942606398870197;0;0.5;-0.1246500920608559;0.50070072679626709;0.87482203163457921;0.26705979123920558
1;28;0.4800103643398636;-0.14240820999552767;0;0.14199240162856472;0.47942606398870197;0;0.5;-0.1246500920608559;0.50070072679626709;0.87482203163457921;0.26705979123920558
0;28.5;-0.48955228778225229;-0.10485261995927637;0;0.10478337619720543;-0.48895615167633139;0;0.5;-0.12464404885623048;0.5007128284016189;0.87480735556332522;0.26704348275069383
1;28.5;0.48955228778225229;0.10485261995927637;0;-0.10478337619720543;0.48895615167633139;0;0.5;-0.12464404885623048;0.5007128284016189;0.87480735556332522;0.26704348275069383
0;29;-0.37959605483414405;-0.32652593086158099;0;0.32597594070376085;-0.3791480764411127;0;0.5;-0.12463779627874238;0.50072542298355179;0.87481524938730139;0.26707263238241942
1;29;0.37959605483414405;0.32652593086158099;0;-0.32597594070376085;0.3791480764411127;0;0.5;-0.12463779627874238;0.50072542298355179;0.87481524938730139;0.26707263238241942
0;29.5;-0.17700518476091859;-0.46853161479194605;0;0.46753331126540409;-0.17691629162781905;0;0.5;-0.12463134714039302;0.50073847636600797;0.87484375389493773;0.26714332487704306
1;29.5;0.17700518476091859;0.46853161479194605;0;-0.46753331126540409;0.17691629162781905;0;0.5;-0.12463134714039302;0.50073847636600797;0.87484375389493773;0.26714332487704306
0;30;0.068758063950543374;-0.49630742953729279;0;0.49502434866111533;0.068234305042031512;0;0.5;-0.12462476296251594;0.50075184150414328;0.87488594940623274;0.26724167165343504
1;30;-0.068758063950543374;0.49630742953729279;0;-0.49502434866111533;-0.068234305042031512;0;0.5;-0.12462476296251594;0.50075184150414328;0.87488594940623274;0.26724167165343504
0;30.5;0.29779461558474646;-0.4032092260281625;0;0.40199658163415392;0.29649266020962034;0;0.5;-0.12461813774761898;0.50076529663499397;0.87493166735295565;0.26734720801115917
1;30.5;-0.29779461558474646;0.4032092260281625;0;-0.40199658163415392;-0.29649266020962034;0;0.5;-0.12461813774761898;0.50076529663499397;0.87493166735295565;0.26734720801115917
0;31;0.45440853635962242;-0.21202091191657982;0;0.21133998833522136;0.45241404348605196;0;0.5;-0.12461157427094854;0.50077860076061683;0.87496996407788813;0.26743784399901834
1;31;-0.45440853635962242;0.21202091191657982;0;-0.21133998833522136;-0.45241404348605196;0;0.5;-0.12461157427094854;0.50077860076061683;0.87496996407788813;0.26743784399901834
0;31.5;0.50061068180189849;0.030700950324423902;0;-0.030494443612521304;0.49831051609294358;0;0.5;-0.12460515956316219;0.50079155121772672;0.87499173612392906;0.26749515095113438
1;31.5;-0.50061068180189849;-0.030700950324423902;0;0.030494443612521304;-0.49831051609294358;0;0.5;-0.12460515956316219;0.50079155121772672;0.87499173612392906;0.26749515095113438
0;32;0.42524688585948156;0.26597791312041785;0;-0.26483289209023048;0.42319490372392904;0;0.5;-0.1245989453213659;0.50080402976801652;0.874991857626584;0.26750872449209369
1;32;-0.42524688585948156;-0.26597791312041785;0;0.26483289209023048;-0.42319490372392904;0;0.5;-0.1245989453213659;0.50080402976801652;0.874991857626584;0.26750872449209369
0;32.5;0.2466317469240088;0.43668014049190623;0;-0.43489193706236895;0.24530232918156855;0;0.5;-0.12459293684584701;0.50081602829154206;0.8749703629706287;0.26747861784736472
1;32.5;-0.2466317469240088;-0.43668014049190623;0;0.43489193706236895;-0.24530232918156855;0;0.5;-0.12459293684584701;0.50081602829154206;0.8749703629706287;0.26747861784736472
0;33;0.0081140815392796058;0.50131993593365676;0;-0.49938431833678393;0.007703959413233665;0;0.5;-0.12458709207373778;0.5008276500594473;0.87493242404017312;0.26741530029819397
1;33;-0.0081140815392796058;-0.50131993593365676;0;0.49938431833678393;-0.007703959413233665;0;0.5;-0.12458709207373778;0.5008276500594473;0.87493242404017312;0.26741530029819397
0;33.5;-0.23237244661944753;0.44410756084997838;0;-0.4424943886770385;-0.23197431729598159;0;0.5;-0.12458133078900925;0.50083908661621025;0.87488713076450188;0.26733715767598781
1;33.5;0.23237244661944753;-0.44410756084997838;0;0.4424943886770385;0.23197431729598159;0;0.5;-0.12458133078900925;0.50083908661621025;0.87488713076450188;0.26733715767598781
0;34;-0.41632305227576299;0.27885281386459404;0;-0.27785278434950955;-0.41541119417923777;0;0.5;-0.12457555267540695;0.50085057413238583;0.87484534072873511;0.26726610870290795
1;34;0.41632305227576299;-0.27885281386459404;0;0.27785278434950955;0.41541119417923777;0;0.5;-0.12457555267540695;0.50085057413238583;0.87484534072873511;0.26726610870290795
0;34.5;-0.49890406695760209;0.045702886239286505;0;-0.045420232588037117;-0.49780178091434357;0;0.5;-0.12456966100164164;0.50086233751967245;0.8748170828187349;0.26722235731916058
1;34.5;0.49890406695760209;-0.045702886239286505;0;0.045420232588037117;0.49780178091434357;0;0.5;-0.12456966100164164;0.50086233751967245;0.8748170828187349;0.26722235731916058
0;35;-0.45994698167765757;-0.19858339806685779;0;0.19815053681326966;-0.4589395495283653;0;0.5;-0.12456358660902159;0.50087453501445309;0.87480913145865558;0.26721953295862216
1;35;0.45994698167765757;0.19858339806685779;0;-0.19815053681326966;0.4589395495283653;0;0.5;-0.12456358660902159;0.50087453501445309;0.87480913145865558;0.26721953295862216
0;35.5;-0.30893405564032683;-0.39449818211906562;0;0.39341030626927093;-0.3082986695601691;0;0.5;-0.12455730568758153;0.50088721797174449;0.87482335725408457;0.26726140795913283
1;35.5;0.30893405564032683;0.39449818211906562;0;-0.39341030626927093;0.3082986695601691;0;0.5;-0.12455730568758153;0.50088721797174449;0.87482335725408457;0.26726140795913283
0;36;-0.08268352976297548;-0.49435907443801202;0;0.49278086179733088;-0.082718628188422808;0;0.5;-0.12455084589372993;0.50090031778932875;0.87485628073366584;0.26734100914510978
1;36;0.08268352976297548;0.49435907443801202;0;-0.49278086179733088;0.082718628188422808;0;0.5;-0.12455084589372993;0.50090031778932875;0.87485628073366584;0.26734100914510978
0;36.5;0.16369962863360552;-0.47395367171887237;0;0.47223148966852285;0.16274309120680386;0;0.5;-0.12454427885652601;0.50091366404581587;0.87489994378932988;0.26744234097818755
1;36.5;-0.16369962863360552;0.47395367171887237;0;-0.47223148966852285;-0.16274309120680386;0;0.5;-0.12454427885652601;0.50091366404581587;0.87489994378932988;0.26744234097818755
0;37;0.37032152182669775;-0.3383712703621598;0;0.33702023438662448;0.36839757130080486;0;0.5;-0.12453770156340196;0.50092702817705686;0.87494386443436092;0.26754427699774134
1;37;-0.37032152182669775;0.3383712703621598;0;-0.33702023438662448;-0.36839757130080486;0;0.5;-0.12453770156340196;0.50092702817705686;0.87494386443436092;0.26754427699774134
0;37.5;0.4870722711282065;-0.12064779684609668;0;0.12018833223306445;0.48446533789689045;0;0.5;-0.12453121233136524;0.50094017980571667;0.87497756886270399;0.26762564506591425
1;37.5;-0.4870722711282065;0.12064779684609668;0;-0.12018833223306445;-0.48446533789689045;0;0.5;-0.12453121233136524;0.50094017980571667;0.87497756886270399;0.26762564506591425
0;38;0.48571636397270085;0.12634496312734886;0;-0.12562769194282372;0.48300625991425467;0;0.5;-0.12452488779040329;0.50095294089579014;0.87499307701494089;0.26767026933603057
1;38;-0.48571636397270085;-0.12634496312734886;0;0.12562769194282372;-0.48300625991425467;0;0.5;-0.12452488779040329;0.50095294089579014;0.87499307701494089;0.26767026933603057
0;38.5;0.36663703549812982;0.34272435575774296;0;-0.34094051703063005;0.36448580159075405;0;0.5;-0.12451876591826197;0.50096522565485614;0.87498676421573157;0.26767078151888596
1;38.5;-0.36663703549812982;-0.34272435575774296;0;0.34094051703063005;-0.36448580159075405;0;0.5;-0.12451876591826197;0.50096522565485614;0.87498676421573157;0.26767078151888596
0;39;0.15869508892652584;0.4760412775602243;0;-0.47366107293679049;0.15757454960018566;0;0.5;-0.12451283802419398;0.5009770589054701;0.87496019041317896;0.26763033117419383
1;39;-0.15869508892652584;-0.4760412775602243;0;0.47366107293679049;-0.15757454960018566;0;0.5;-0.12451283802419398;0.5009770589054701;0.87496019041317896;0.26763033117419383
0;39.5;-0.087726197511184476;0.49392688124231265;0;-0.4915719931077544;-0.08770086770271622;0;0.5;-0.12450705075724973;0.50098857020754297;0.87491972376825191;0.26756181588820257
1;39.5;0.087726197511184476;-0.49392688124231265;0;0.4915719931077544;0.08770086770271622;0;0.5;-0.12450705075724973;0.50098857020754297;0.87491972376825191;0.26756181588820257
0;40;-0.3128549974953439;0.39194971583403099;0;-0.39015139145563604;-0.31190249855129809;0;0.5;-0.12450131783277506;0.5009999648326924;0.87487504212776502;0.2674848118808091
1;40;0.3128549974953439;-0.39194971583403099;0;0.39015139145563604;0.31190249855129809;0;0.5;-0.12450131783277506;0.5009999648326924;0.87487504212776502;0.2674848118808091
0;40.5;-0.46199116792478906;0.19477320678874963;0;-0.19383969044495533;-0.4605087173756835;0;0.5;-0.12449553968190453;0.50101147658168224;0.87483684103277243;0.26742091019284152
1;40.5;0.46199116792478906;-0.19477320678874963;0;0.19383969044495533;0.4605087173756835;0;0.5;-0.12449553968190453;0.50101147658168224;0.87483684103277243;0.26742091019284152
0;41;-0.49882943678716962;-0.049746951978295526;0;0.049718978028875281;-0.49724067996459409;0;0.5;-0.12448962726648161;0.50102331189364023;0.87481427194711588;0.26738854941069694
1;41;0.49882943678716962;0.049746951978295526;0;-0.049718978028875281;0.49724067996459409;0;0.5;-0.12448962726648161;0.50102331189364023;0.87481427194711588;0.26738854941069694
0;41.5;-0.41436886798119116;-0.28217451955401335;0;0.28122897001522229;-0.41306710762978027;0;0.5;-0.12448352437527975;0.50103559857506455;0.87481272727619357;0.26739858487676957
1;41.5;0.41436886798119116;0.28217451955401335;0;-0.28122897001522229;0.41306710762978027;0;0.5;-0.12448352437527975;0.50103559857506455;0.87481272727619357;0.26739858487676957
0;42;-0.22915318349714842;-0.44600220212658659;0;0.44430147931888053;-0.22851412159825199;0;0.5;-0.12447722211268952;0.50104835324522942;0.87483253070955957;0.26745168286785879
1;42;0.22915318349714842;0.44600220212658659;0;-0.44430147931888053;0.22851412159825199;0;0.5;-0.12447722211268952;0.50104835324522942;0.87483253070955957;0.26745168286785879
0;42.5;0.01175814566007332;-0.50146117431411164;0;0.49933424921897196;0.011396326317428261;0;0.5;-0.12447076106682521;0.50106147730686202;0.87486887245507541;0.26753818779885584
1;42.5;-0.01175814566007332;0.50146117431411164;0;-0.49933424921897196;-0.011396326317428261;0;0.5;-0.12447076106682521;0.50106147730686202;0.87486887245507541;0.26753818779885584
0;43;0.24983297316443712;-0.43518886759875103;0;0.43316269338729624;0.24828511841344467;0;0.5;-0.12446422049624662;0.50107478269391533;0.87491300261126212;0.26764048830840315
1;43;-0.24983297316443712;0.43518886759875103;0;-0.43316269338729624;-0.24828511841344467;0;0.5;-0.12446422049624662;0.50107478269391533;0.87491300261126212;0.26764048830840315
0;43.5;0.42734743182705559;-0.26338816526904191;0;0.26209646209426102;0.42473851471132262;0;0.5;-0.1244576980407151;0.50108803946887238;0.8749543661509686;0.267737280373894
1;43.5;-0.42734743182705559;0.26338816526904191;0;-0.26209646209426102;-0.42473851471132262;0;0.5;-0.1244576980407151;0.50108803946887238;0.8749543661509686;0.267737280373894
0;44;0.5013676383858473;-0.027781195862797793;0;0.027740161140631062;0.49819701523065796;0;0.5;-0.12445128595134204;0.50110103165397285;0.87498313526360539;0.26780867047566231
1;44;-0.5013676383858473;0.027781195862797793;0;-0.027740161140631062;-0.49819701523065796;0;0.5;-0.12445128595134204;0.50110103165397285;0.87498313526360539;0.26780867047566231
0;44.5;0.45405726889375558;0.21456118815413344;0;-0.21319415867066024;0.45107440329482079;0;0.5;-0.12444504986996354;0.50111360723964901;0.87499252634110094;0.26784089083773168
1;44.5;-0.45405726889375558;-0.21456118815413344;0;0.21319415867066024;-0.45107440329482079;0;0.5;-0.12444504986996354;0.50111360723964901;0.87499252634110094;0.26784089083773168
0;45;0.29690194054303376;0.40500502539857197;0;-0.40253122315477963;0.29483029812821926;0;0.5;-0.12443901450739327;0.50112571180533847;0.87498037288461027;0.26782952789094762
1;45;-0.29690194054303376;-0.40500502539857197;0;0.40253122315477963;-0.29483029812821926;0;0.5;-0.12443901450739327;0.50112571180533847;0.87498037288461027;0.26782952789094762
0;45.5;0.067911097276416685;0.49746093317867923;0;-0.49452511977294206;0.067172709496795976;0;0.5;-0.12443315851088266;0.50113739994300653;0.87494961421609779;0.26778053335073855
1;45.5;-0.067911097276416685;-0.49746093317867923;0;0.49452511977294206;-0.067172709496795976;0;0.5;-0.12443315851088266;0.50113739994300653;0.87494961421609779;0.26778053335073855
0;46;-0.17751790048481444;0.46948946126235303;0;-0.46682074823346326;-0.17692294565148164;0;0.5;-0.12442741917470572;0.50114882290771431;0.87490759989508412;0.26770879743738814
1;46;0.17751790048481444;-0.46948946126235303;0;0.46682074823346326;0.17692294565148164;0;0.5;-0.12442741917470572;0.50114882290771431;0.87490759989508412;0.26770879743738814
0;46.5;-0.37993341781088436;0.3277687299830182;0;-0.32593625908922103;-0.37835151335527006;0;0.5;-0.12442170631644107;0.50116019460015632;0.8748643614247994;0.26763461259153025
1;46.5;0.37993341781088436;-0.3277687299830182;0;0.32593625908922103;0.37835151335527006;0;0.5;-0.12442170631644107;0.50116019460015632;0.8748643614247994;0.26763461259153025
0;47;-0.49021523438142633;0.10656777321951266;0;-0.10587225652367629;-0.48815965635653608;0;0.5;-0.12441592305902345;0.50117174195965815;0.87483023355167703;0.2675788420463312
1;47;0.49021523438142633;-0.10656777321951266;0;0.10587225652367629;0.48815965635653608;0;0.5;-0.12441592305902345;0.50117174195965815;0.87483023355167703;0.2675788420463312
0;47.5;-0.48154498054093864;-0.14049286002100767;0;0.13999386980280329;-0.47954748836070926;0;0.5;-0.12440998927278569;0.50118365021023631;0.8748133756596903;0.2675579293422608
1;47.5;0.48154498054093864;0.14049286002100767;0;-0.13999386980280329;0.47954748836070926;0;0.5;-0.12440998927278569;0.50118365021023631;0.8748133756596903;0.2675579293422608
0;48;-0.35599559357267563;-0.35345941879834081;0;0.3518918146717408;-0.35455082666723198;0;0.5;-0.12440386179455346;0.50119601656970208;0.87481779696255614;0.26757995242359743
1;48;0.35599559357267563;0.35345941879834081;0;-0.3518918146717408;0.35455082666723198;0;0.5;-0.12440386179455346;0.50119601656970208;0.87481779696255614;0.26757995242359743
0;48.5;-0.14405465230823647;-0.48066548987722413;0;0.47833134239111214;-0.14360552332691312;0;0.5;-0.12439754554678196;0.5012088254929099;0.87484238716803366;0.26764269427828305
1;48.5;0.14405465230823647;0.48066548987722413;0;-0.47833134239111214;0.14360552332691312;0;0.5;-0.12439754554678196;0.5012088254929099;0.87484238716803366;0.26764269427828305
0;49;0.10283159523131807;-0.49132409156207507;0;0.48873270061923962;0.10196113676959635;0;0.5;-0.12439109206161476;0.50122195298808741;0.87488120358702577;0.2677342082409556
1;49;-0.10283159523131807;0.49132409156207507;0;-0.48873270061923962;-0.10196113676959635;0;0.5;-0.12439109206161476;0.50122195298808741;0.87488120358702577;0.2677342082409556
0;49.5;0.32482697610712746;-0.38296739099498794;0;0.38080629237558705;0.32257544713778197;0;0.5;-0.12438458593705855;0.50123519865144681;0.87492493503984327;0.2678357278466426
1;49.5;-0.32482697610712746;0.38296739099498794;0;-0.38080629237558705;-0.32257544713778197;0;0.5;-0.12438458593705855;0.50123519865144681;0.87492493503984327;0.2678357278466426
0;50;0.46824596275273511;-0.18194222404523488;0;0.18091160364679962;0.46494519049343491;0;0.5;-0.1243781235060553;0.50124833574588201;0.87496315920326647;0.26792618799249245
1;50;-0.46824596275273511;0.18194222404523488;0;-0.18091160364679962;-0.46494519049343491;0;0.5;-0.1243781235060553;0.50124833574588201;0.87496315920326647;0.26792618799249245
0;50.5;0.4984983923385608;0.063071577825291922;0;-0.06252211267599786;0.49486060181672242;0;0.5;-0.1243717897791892;0.50126116546554936;0.87498682681165349;0.26798724742880571
1;50.5;-0.4984983923385608;-0.063071577825291922;0;0.06252211267599786;-0.49486060181672242;0;0.5;-0.1243717897791892;0.50126116546554936;0.87498682681165349;0.26798724742880571
0;51;0.40834957255744142;0.29286283069131513;0;-0.29075000916666949;0.4052579495061111;0;0.5;-0.12436563920227412;0.50127356232880459;0.87499038201991357;0.2680076165819132
1;51;-0.40834957255744142;-0.29286283069131513;0;0.29075000916666949;-0.4052579495061111;0;0.5;-0.12436563920227412;0.50127356232880459;0.87499038201991357;0.2680076165819132
0;51.5;0.21959338431661837;0.45194110891039579;0;-0.44877327268907474;0.21778279176541948;0;0.5;-0.124359683929569;0.50128550159627542;0.87497304291840935;0.2679856918447702
1;51.5;-0.21959338431661837;-0.45194110891039579;0;0.44877327268907474;-0.21778279176541948;0;0.5;-0.124359683929569;0.50128550159627542;0.87497304291840935;0.2679856918447702
0;52;-0.02220236879897293;0.50186132539335493;0;-0.49844672097444531;-0.022403018327511705;0;0.5;-0.12435389138311711;0.50129706420264891;0.87493896884210207;0.26792990513463188
1;52;0.02220236879897293;-0.50186132539335493;0;0.49844672097444531;0.022403018327511705;0;0.5;-0.12435389138311711;0.50129706420264891;0.87493896884210207;0.26792990513463188
0;52.5;-0.25862948599418045;0.43048715076808231;0;-0.42763799814008691;-0.25736255742510256;0;0.5;-0.12434819138369571;0.50130841864098903;0.87489628263446895;0.26785671719962296
1;52.5;0.25862948599418045;-0.43048715076808231;0;0.42763799814008691;0.25736255742510256;0;0.5;-0.12434819138369571;0.50130841864098903;0.87489628263446895;0.26785671719962296
0;53;-0.43249240053699134;0.25498207740048701;0;-0.2532786993130885;-0.43024654834733339;0;0.5;-0.12434249181005536;0.50131978285927506;0.87485516047127436;0.26778671407664254
1;53;0.43249240053699134;-0.25498207740048701;0;0.2532786993130885;0.43024654834733339;0;0.5;-0.12434249181005536;0.50131978285927506;0.87485516047127436;0.26778671407664254
0;53.5;-0.50165129760377603;0.017749431862271691;0;-0.017456898693797324;-0.49906346858273665;0;0.5;-0.12433670007186652;0.50133137327012657;0.87482541590123434;0.26773970858370972
1;53.5;0.50165129760377603;-0.017749431862271691;0;0.017456898693797324;0.49906346858273665;0;0.5;-0.12433670007186652;0.50133137327012657;0.87482541590123434;0.26773970858370972
0;54;-0.44929751548888003;-0.22378454099649897;0;0.22268127478904504;-0.44700681010892213;0;0.5;-0.12433074574282583;0.50134335211145999;0.87481414406563478;0.26773000450934773
1;54;0.44929751548888003;0.22378454099649897;0;-0.22268127478904504;0.44700681010892213;0;0.5;-0.12433074574282583;0.50134335211145999;0.87481414406563478;0.26773000450934773
0;54.5;-0.28809615671163835;-0.41111200528600172;0;0.40885763040527062;-0.28668071795234507;0;0.5;-0.12432459842933936;0.50135578671559511;0.87482400580539758;0.26776297061272147
1;54.5;0.28809615671163835;0.41111200528600172;0;-0.40885763040527062;0.28668071795234507;0;0.5;-0.12432459842933936;0.50135578671559511;0.87482400580539758;0.26776297061272147
0;55;-0.057118085704076886;-0.49888973540055059;0;0.49595301608958192;-0.057047556961822753;0;0.5;-0.12431827555961435;0.50136863243158027;0.87485258982499693;0.26783376950008605
1;55;0.057118085704076886;0.49888973540055059;0;-0.49595301608958192;0.057047556961822753;0;0.5;-0.12431827555961435;0.50136863243158027;0.87485258982499693;0.26783376950008605
0;55.5;0.18769688886481592;-0.46595353896459657;0;0.46302414317632096;0.18616789168698342;0;0.5;-0.12431183764127857;0.50138174443045124;0.87489301690128085;0.26792855373429928
1;55.5;-0.18769688886481592;0.46595353896459657;0;-0.46302414317632096;-0.18616789168698342;0;0.5;-0.12431183764127857;0.50138174443045124;0.87489301690128085;0.26792855373429928
0;56;0.38716106792323196;-0.32038668950184873;0;0.31827849019636345;0.38414313286043761;0;0.5;-0.12430537256076415;0.50139491473456501;0.87493562376434648;0.26802782145009559
1;56;-0.38716106792323196;0.32038668950184873;0;-0.31827849019636345;-0.38414313286043761;0;0.5;-0.12430537256076415;0.50139491473456501;0.87493562376434648;0.26802782145009559
0;56.5;0.49316339170853279;-0.097455065980029565;0;0.096877129638306331;0.48921472834684132;0;0.5;-0.12429897375391427;0.50140792353230758;0.87497029123707652;0.26811109331751625
1;56.5;-0.49316339170853279;0.097455065980029565;0;-0.096877129638306331;-0.48921472834684132;0;0.5;-0.12429897375391427;0.50140792353230758;0.87497029123707652;0.26811109331751625
0;57;0.48021675265926206;0.14899679625970411;0;-0.14771833146129909;0.47624481263659363;0;0.5;-0.1242927182004032;0.50142059106345261;0.87498884123667475;0.26816177365293923
1;57;-0.48021675265926206;-0.14899679625970411;0;0.14771833146129909;-0.47624481263659363;0;0.5;-0.1242927182004032;0.50142059106345261;0.87498884123667475;0.26816177365293923
0;57.5;0.35150526640486568;0.3595402593477488;0;-0.35663013636402846;0.34848273712609507;0;0.5;-0.12428664925139449;0.50143281814110127;0.87498694202852252;0.26817104949591783
1;57.5;-0.35150526640486568;-0.3595402593477488;0;0.35663013636402846;-0.34848273712609507;0;0.5;-0.12428664925139449;0.50143281814110127;0.87498694202852252;0.26817104949591783
0;58;0.13806468911593897;0.48342396628143097;0;-0.47960074046850082;0.13668818376589675;0;0.5;-0.12428076740058833;0.50144460757250948;0.87496510025428246;0.26813993563831896
1;58;-0.13806468911593897;-0.48342396628143097;0;0.47960074046850082;-0.13668818376589675;0;0.5;-0.12428076740058833;0.50144460757250948;0.87496510025428246;0.26813993563831896
0;58.5;-0.10866663626751376;0.49074172412064138;0;-0.4869575900982292;-0.10819902611864614;0;0.5;-0.12427503032578605;0.5014560631083434;0.87492853043119431;0.26807901041753432
1;58.5;0.10866663626751376;-0.49074172412064138;0;0.4869575900982292;0.10819902611864614;0;0.5;-0.12427503032578605;0.5014560631083434;0.87492853043119431;0.26807901041753432
0;59;-0.32917424873168327;0.37964582787335649;0;-0.37676778605640004;-0.32716825662825327;0;0.5;-0.12426936215413952;0.50146736627570696;0.87488593305841051;0.2680059083603391
1;59;0.32917424873168327;-0.37964582787335649;0;0.37676778605640004;0.32716825662825327;0;0.5;-0.12426936215413952;0.50146736627570696;0.87488593305841051;0.2680059083603391
0;59.5;-0.47018333035507026;0.17686692165803425;0;-0.17545764338913714;-0.46727882526027509;0;0.5;-0.12426367054457201;0.5014787350657818;0.87484744779323924;0.26794114301538891
1;59.5;0.47018333035507026;-0.17686692165803425;0;0.17545764338913714;0.46727882526027509;0;0.5;-0.12426367054457201;0.5014787350657818;0.87484744779323924;0.26794114301538891
0;60;-0.49755633607474858;-0.068656959510361618;0;0.068397852300498663;-0.49451525352826653;0;0.5;-0.12425786844328232;0.50149037250918143;0.87482224353281699;0.26790322864985204
1;60;0.49755633607474858;0.068656959510361618;0;-0.068397852300498663;0.49451525352826653;0;0.5;-0.12425786844328232;0.50149037250918143;0.87482224353281699;0.26790322864985204
0;60.5;-0.40462400149650463;-0.29758335336629371;0;0.2957764910966329;-0.40218337964579293;0;0.5;-0.12425189554669913;0.50150241695024068;0.87481631631573814;0.26790425906519909
1;60.5;0.40462400149650463;0.29758335336629371;0;-0.2957764910966329;0.40218337964579293;0;0.5;-0.12425189554669913;0.50150241695024068;0.87481631631573814;0.26790425906519909
0;61;-0.21385240716342227;-0.45456361345137608;0;0.45160336975249654;-0.21264663143179782;0;0.5;-0.12424573365355664;0.50151490721679144;0.87483104159947081;0.26794701809036384
1;61;0.21385240716342227;0.45456361345137608;0;-0.45160336975249654;0.21264663143179782;0;0.5;-0.12424573365355664;0.50151490721679144;0.87483104159947081;0.26794701809036384
0;61.5;0.028613628757716218;-0.501693543177685;0;0.49823019047498052;0.028134036204516218;0;0.5;-0.12423941126157807;0.50152777288979607;0.87486285170898206;0.26802433449556005
1;61.5;-0.028613628757716218;0.501693543177685;0;-0.49823019047498052;-0.028134036204516218;0;0.5;-0.12423941126157807;0.50152777288979607;0.87486285170898206;0.26802433449556005
0;62;0.26418727071626563;-0.42768355815051518;0;0.42457260488591136;0.26188886311175275;0;0.5;-0.12423299597597601;0.50154085265463806;0.87490411952631405;0.26812083612964099
1;62;-0.26418727071626563;0.42768355815051518;0;-0.42457260488591136;-0.26188886311175275;0;0.5;-0.12423299597597601;0.50154085265463806;0.87490411952631405;0.26812083612964099
0;62.5;0.43605586879351349;-0.25050970856019461;0;0.24864699973549859;0.43225763854804256;0;0.5;-0.12422657718686258;0.50155393511561152;0.87494501437777299;0.26821665776527779
1;62.5;-0.43605586879351349;0.25050970856019461;0;-0.24864699973549859;-0.43225763854804256;0;0.5;-0.12422657718686258;0.50155393511561152;0.87494501437777299;0.26821665776527779
0;63;0.50287422334075782;-0.012966487580109334;0;0.01301174134634334;0.49836455506692612;0;0.5;-0.12422024419137873;0.50156681030481152;0.87497585630357111;0.26829218439416794
1;63;-0.50287422334075782;0.012966487580109334;0;-0.01301174134634334;-0.49836455506692612;0;0.5;-0.12422024419137873;0.50156681030481152;0.87497585630357111;0.26829218439416794
0;63.5;0.44864056895712723;0.22771105271873593;0;-0.22560347015312512;0.44449224928332814;0;0.5;-0.12421406547925746;0.50157931860214722;0.87498939560610449;0.26833268739360918
1;63.5;-0.44864056895712723;-0.22771105271873593;0;0.22560347015312512;-0.44449224928332814;0;0.5;-0.12421406547925746;0.50157931860214722;0.87498939560610449;0.26833268739360918
0;64;0.28645577474508549;0.41360630447360247;0;-0.40989028835622621;0.28368248402744467;0;0.5;-0.12420807365231999;0.50159138630066003;0.87498249272248459;0.26833177048383295
1;64;-0.28645577474508549;-0.41360630447360247;0;0.40989028835622621;-0.28368248402744467;0;0.5;-0.12420807365231999;0.50159138630066003;0.87498249272248459;0.26833177048383295
0;64.5;0.05534312918690968;0.49998385097800646;0;-0.49558036969143326;0.054556708302542931;0;0.5;-0.12420225856274457;0.5016030413260542;0.87495683162208258;0.26829284341270693
1;64.5;-0.05534312918690968;-0.49998385097800646;0;0.49558036969143326;-0.054556708302542931;0;0.5;-0.12420225856274457;0.5016030413260542;0.87495683162208258;0.26829284341270693
0;65;-0.18909097663583868;0.46600346875663784;0;-0.46198289777087875;-0.18785439229497641;0;0.5;-0.12419656961706367;0.50161440674372354;0.87491851802469289;0.2682282984268159
1;65;0.18909097663583868;-0.46600346875663784;0;0.46198289777087875;0.18785439229497641;0;0.5;-0.12419656961706367;0.50161440674372354;0.87491851802469289;0.2682282984268159
0;65.5;-0.38796947108611624;0.3197621052482878;0;-0.31701544517961033;-0.38519347942428173;0;0.5;-0.12419092689040643;0.5016256732498295;0.87487665103599892;0.26815658083015513
1;65.5;0.38796947108611624;-0.3197621052482878;0;0.31701544517961033;0.38519347942428173;0;0.5;-0.12419092689040643;0.5016256732498295;0.87487665103599892;0.26815658083015513
0;66;-0.49330488608671286;0.096426625779733391;0;-0.095469007118926905;-0.4897838645676828;0;0.5;-0.12418523928661586;0.50163705548138046;0.87484118133866459;0.26809782391343245
1;66;0.49330488608671286;-0.096426625779733391;0;0.095469007118926905;0.4897838645676828;0;0.5;-0.12418523928661586;0.50163705548138046;0.87484118133866459;0.26809782391343245
0;66.5;-0.47962059163680332;-0.15017369525826144;0;0.14923812893602367;-0.47623628590029293;0;0.5;-0.12417942621037113;0.50164874099632771;0.87482054410308097;0.2680690643781812
1;66.5;0.47962059163680332;0.15017369525826144;0;-0.14923812893602367;0.47623628590029293;0;0.5;-0.12417942621037113;0.50164874099632771;0.87482054410308097;0.2680690643781812
0;67;-0.35017758338181343;-0.36053351139031276;0;0.35796125229461589;-0.34774754463600799;0;0.5;-0.12417343757711987;0.50166084407809618;0.87481963307591724;0.26808017897078357
1;67;0.35017758338181343;0.36053351139031276;0;-0.35796125229461589;0.34774754463600799;0;0.5;-0.12417343757711987;0.50166084407809618;0.87481963307591724;0.26808017897078357
0;67.5;-0.13622180348477242;-0.48389490121717865;0;0.4802529224669001;-0.13540231826467095;0;0.5;-0.12416726657904248;0.5016733769328292;0.87483862214835329;0.26813153239486661
1;67.5;0.13622180348477242;0.48389490121717865;0;-0.4802529224669001;0.13540231826467095;0;0.5;-0.12416726657904248;0.5016733769328292;0.87483862214835329;0.26813153239486661
0;68;0.11060180954971044;-0.49055321718978195;0;0.48667567624076224;0.10942682356513991;0;0.5;-0.12416095130067255;0.50168624681500003;0.87487293644476911;0.26821391580671999
1;68;-0.11060180954971044;0.49055321718978195;0;-0.48667567624076224;-0.10942682356513991;0;0.5;-0.12416095130067255;0.50168624681500003;0.87487293644476911;0.26821391580671999
0;68.5;0.33079187867256404;-0.3790063691314956;0;0.37588793896457656;0.32765531446769375;0;0.5;-0.12415456470814391;0.50169927995420712;0.8749143769663298;0.26831078431104798
1;68.5;-0.33079187867256404;0.3790063691314956;0;-0.37588793896457656;-0.32765531446769375;0;0.5;-0.12415456470814391;0.50169927995420712;0.8749143769663298;0.26831078431104798
0;69;0.47137739856537902;-0.17622554264637277;0;0.17479375708773334;0.46682978120414709;0;0.5;-0.12414819618534616;0.50171226506168;0.87495310433290197;0.26840223036042942
1;69;-0.47137739856537902;0.17622554264637277;0;-0.17479375708773334;-0.46682978120414709;0;0.5;-0.12414819618534616;0.50171226506168;0.87495310433290197;0.26840223036042942
0;69.5;0.49863199471647585;0.068941061753934232;0;-0.068130799045160173;0.49368170329881672;0;0.5;-0.12414192996758255;0.50172500419046729;0.87497998158780388;0.26846971722457194
1;69.5;-0.49863199471647585;-0.068941061753934232;0;0.068130799045160173;-0.49368170329881672;0;0.5;-0.12414192996758255;0.50172500419046729;0.87497998158780388;0.26846971722457194
0;70;0.40608792358936668;0.29755621123005382;0;-0.29455924457429444;0.4019344995729941;0;0.5;-0.12413582587383907;0.50173735829768441;0.87498871404766695;0.26850044252369855
1;70;-0.40608792358936668;-0.29755621123005382;0;0.29455924457429444;-0.4019344995729941;0;0.5;-0.12413582587383907;0.50173735829768441;0.87498871404766695;0.26850044252369855
0;70.5;0.21601047659603362;0.45471351002561688;0;-0.45022196938301423;0.21365920620105397;0;0.5;-0.12412990628707916;0.50174927789883222;0.87497730039911019;0.26849032113435085
1;70.5;-0.21601047659603362;-0.45471351002561688;0;0.45022196938301423;-0.21365920620105397;0;0.5;-0.12412990628707916;0.50174927789883222;0.87497730039911019;0.26849032113435085
0;71;-0.025954008832706127;0.50265076002751374;0;-0.49777134841788934;-0.026017565306908682;0;0.5;-0.12412415150703713;0.50176081344390688;0.87494848182432066;0.26844491542575136
1;71;0.025954008832706127;-0.50265076002751374;0;0.49777134841788934;0.026017565306908682;0;0.5;-0.12412415150703713;0.50176081344390688;0.87494848182432066;0.26844491542575136
0;71.5;-0.26167961456281863;0.42978885797949606;0;-0.42568015720941438;-0.25960548531930711;0;0.5;-0.12411850409241887;0.50177210393663261;0.87490909710344169;0.2683781106414703
1;71.5;0.26167961456281863;-0.42978885797949606;0;0.42568015720941438;0.25960548531930711;0;0.5;-0.12411850409241887;0.50177210393663261;0.87490909710344169;0.2683781106414703
0;72;-0.43446581626223824;0.25355963613431143;0;-0.2511047310616577;-0.43092377268748611;0;0.5;-0.124112881544237;0.50178334577413982;0.87486848412887204;0.2683088390022135
1;72;0.43446581626223824;-0.25355963613431143;0;0.2511047310616577;0.43092377268748611;0;0.5;-0.124112881544237;0.50178334577413982;0.87486848412887204;0.2683088390022135
0;72.5;-0.50267301898345385;0.016299317653652143;0;-0.015935898414484381;-0.49860967266868061;0;0.5;-0.12410719521924688;0.50179474745014282;0.87483628056064031;0.26825660329082056
1;72.5;0.50267301898345385;-0.016299317653652143;0;0.015935898414484381;0.49860967266868061;0;0.5;-0.12410719521924688;0.50179474745014282;0.87483628056064031;0.26825660329082056
0;73;-0.449810804893575;-0.22488766736089669;0;0.22317969462457588;-0.44621622406289957;0;0.5;-0.12410137160169665;0.50180647965748557;0.87482012978103205;0.26823684586476335
1;73;0.449810804893575;0.22488766736089669;0;-0.22317969462457588;0.44621622406289957;0;0.5;-0.12410137160169665;0.50180647965748557;0.87482012978103205;0.26823684586476335
0;73.5;-0.28858305119803318;-0.41190237349637004;0;0.40854105482555453;-0.2863310441648475;0;0.5;-0.12409537065483932;0.50181863306233408;0.87482384602092253;0.26825727113045339
1;73.5;0.28858305119803318;0.41190237349637004;0;-0.40854105482555453;0.2863310441648475;0;0.5;-0.12409537065483932;0.50181863306233408;0.87482384602092253;0.26825727113045339
0;74;-0.057840450358976073;-0.49971505364332464;0;0.49545375086586835;-0.057570437718686647;0;0.5;-0.12408919601425824;0.50183119547347204;0.87484649963113829;0.26831601896937491
1;74;0.057840450358976073;0.49971505364332464;0;-0.49545375086586835;0.057570437718686647;0;0.5;-0.12408919601425824;0.50183119547347204;0.87484649963113829;0.26831601896937491
0;74.5;0.18683854093707597;-0.46725179891786872;0;0.46309930497760871;0.18485503103480019;0;0.5;-0.12408289388416737;0.5018440552236447;0.87488265652282963;0.26840213745678137
1;74.5;-0.18683854093707597;0.46725179891786872;0;-0.46309930497760871;-0.18485503103480019;0;0.5;-0.12408289388416737;0.5018440552236447;0.87488265652282963;0.26840213745678137
0;75;0.38660701723724089;-0.32242883066756212;0;0.31948313604334827;0.38260542176524243;0;0.5;-0.12407654102852873;0.5018570297198387;0.87492370587249788;0.26849823004088818
1;75;-0.38660701723724089;0.32242883066756212;0;-0.31948313604334827;-0.38260542176524243;0;0.5;-0.12407654102852873;0.5018570297198387;0.87492370587249788;0.26849823004088818
0;75.5;0.49352671083141447;-0.10014802666549204;0;0.099316035243739761;0.48829910338596005;0;0.5;-0.12407022558455983;0.50186991068380533;0.87495993215301451;0.26858461623829955
1;75.5;-0.49352671083141447;0.10014802666549204;0;-0.099316035243739761;-0.48829910338596005;0;0.5;-0.12407022558455983;0.50186991068380533;0.87495993215301451;0.26858461623829955
0;76;0.4820254132613554;0.1461782480293006;0;-0.14449426590587469;0.47677846829175563;0;0.5;-0.12406402608528635;0.5018825137057004;0.8749828157648661;0.26864399230949816
1;76;-0.4820254132613554;-0.1461782480293006;0;0.14449426590587469;-0.47677846829175563;0;0.5;-0.12406402608528635;0.5018825137057004;0.8749828157648661;0.26864399230949816
0;76.5;0.35493515277572241;0.3574623895667442;0;-0.35355439390822219;0.35095132349147429;0;0.5;-0.12405799372562549;0.50189472021708691;0.87498701802815825;0.26866548875544888
1;76.5;-0.35493515277572241;-0.3574623895667442;0;0.35355439390822219;-0.35095132349147429;0;0.5;-0.12405799372562549;0.50189472021708691;0.87498701802815825;0.26866548875544888
0;77;0.14275069305063226;0.48305467911200811;0;-0.47785140553167871;0.14097931083110699;0;0.5;-0.1240521413337871;0.50190650337853629;0.87497160571802666;0.26864719220389602
1;77;-0.14275069305063226;-0.48305467911200811;0;0.47785140553167871;-0.14097931083110699;0;0.5;-0.1240521413337871;0.50190650337853629;0.87497160571802666;0.26864719220389602
0;77.5;-0.10366458712641201;0.49281754422964547;0;-0.48758800527045865;-0.10289958892874493;0;0.5;-0.12404644077227901;0.50191793350998944;0.87494025350948831;0.26859656735815657
1;77.5;0.10366458712641201;-0.49281754422964547;0;0.48758800527045865;0.10289958892874493;0;0.5;-0.12404644077227901;0.50191793350998944;0.87494025350948831;0.26859656735815657
0;78;-0.32520603481098365;0.38434042844945249;0;-0.38029898716695915;-0.32225818190288835;0;0.5;-0.12404082909409337;0.50192916237735384;0.87490038468616965;0.26852869089577275
1;78;0.32520603481098365;-0.38434042844945249;0;0.38029898716695915;0.32225818190288835;0;0.5;-0.12404082909409337;0.50192916237735384;0.87490038468616965;0.26852869089577275
0;78.5;-0.46865795530156967;0.18357876109779267;0;-0.18156865540275169;-0.46438568522197299;0;0.5;-0.1240352225250948;0.50194038904095483;0.87486143675412269;0.26846270008153048
1;78.5;0.46865795530156967;-0.18357876109779267;0;0.18156865540275169;0.46438568522197299;0;0.5;-0.1240352225250948;0.50194038904095483;0.87486143675412269;0.26846270008153048
0;79;-0.49949053110248354;-0.061295564267672339;0;0.060942974578993024;-0.49498510465091256;0;0.5;-0.12402953583339974;0.50195181364974499;0.87483263741198999;0.26841727171750835
1;79;0.49949053110248354;0.061295564267672339;0;-0.060942974578993024;0.49498510465091256;0;0.5;-0.12402953583339974;0.50195181364974499;0.87483263741198999;0.26841727171750835
0;79.5;-0.41023128009915721;-0.29143461685761596;0;0.28888976681848683;-0.4065738626303424;0;0.5;-0.12402370293649516;0.50196358925707197;0.87482080737744989;0.26840619151825225
1;79.5;0.41023128009915721;0.29143461685761596;0;-0.28888976681848683;0.4065738626303424;0;0.5;-0.12402370293649516;0.50196358925707197;0.87482080737744989;0.26840619151825225
0;80;-0.22232365542056196;-0.45150047079687744;0;0.44736268342778157;-0.22041482559430267;0;0.5;-0.12401769346191353;0.50197578383921765;0.87482872461037053;0.26843507712264142
1;80;0.22232365542056196;0.45150047079687744;0;-0.44736268342778157;0.22041482559430267;0;0.5;-0.12401769346191353;0.50197578383921765;0.87482872461037053;0.26843507712264142
0;80.5;0.019037023128219348;-0.50303842760990813;0;0.49825180183850309;0.018615235364711651;0;0.5;-0.12401152044899698;0.50198836323363879;0.87485446240379554;0.26850005504261416
1;80.5;-0.019037023128219348;0.50303842760990813;0;-0.49825180183850309;-0.018615235364711651;0;0.5;-0.12401152044899698;0.50198836323363879;0.87485446240379554;0.26850005504261416
0;81;0.25584013737486755;-0.43374345716085555;0;0.42947212501900678;0.25296998532012588;0;0.5;-0.12400523681721424;0.5020012001119648;0.87489186979802868;0.26858871425272043
1;81;-0.25584013737486755;0.43374345716085555;0;-0.42947212501900678;-0.25296998532012588;0;0.5;-0.12400523681721424;0.5020012001119648;0.87489186979802868;0.26858871425272043
0;81.5;0.43126610006098071;-0.2603579107079721;0;0.25776131737256858;0.42641157060250195;0;0.5;-0.1239989217560377;0.50201410625415003;0.87493206625179604;0.26868309257720748
1;81.5;-0.43126610006098071;0.2603579107079721;0;-0.25776131737256858;-0.42641157060250195;0;0.5;-0.1239989217560377;0.50201410625415003;0.87493206625179604;0.26868309257720748
0;82;0.50332481378168892;-0.024549543988881622;0;0.024462912066274996;0.49751746617878861;0;0.5;-0.12399266116984697;0.50202687870688731;0.8749655673758251;0.26876395571287489
1;82;-0.50332481378168892;0.024549543988881622;0;-0.024462912066274996;-0.49751746617878861;0;0.5;-0.12399266116984697;0.50202687870688731;0.8749655673758251;0.26876395571287489
0;82.5;0.45484706407232744;0.21715187388350637;0;-0.2145202064633302;0.44946142362568903;0;0.5;-0.12398652749367385;0.50203934753860423;0.87498451915176237;0.26881533472946637
1;82.5;-0.45484706407232744;-0.21715187388350637;0;0.2145202064633302;-0.44946142362568903;0;0.5;-0.12398652749367385;0.50203934753860423;0.87498451915176237;0.26881533472946637
0;83;0.29750125147510542;0.40688845667391049;0;-0.40208315006368822;0.29385662831189457;0;0.5;-0.12398056352578845;0.50205141412208397;0.8749845190246599;0.26882825665537109
1;83;-0.29750125147510542;-0.40688845667391049;0;0.40208315006368822;-0.29385662831189457;0;0.5;-0.12398056352578845;0.50205141412208397;0.8749845190246599;0.26882825665537109
0;83.5;0.068957245599974473;0.49925634523072077;0;-0.49343211361218425;0.067903271564056025;0;0.5;-0.12397477329312851;0.50206307247154653;0.87496562053705935;0.26880281699734988
1;83.5;-0.068957245599974473;-0.49925634523072077;0;0.49343211361218425;-0.067903271564056025;0;0.5;-0.12397477329312851;0.50206307247154653;0.87496562053705935;0.26880281699734988
0;84;-0.17609420214212168;0.47211276577078054;0;-0.46667277571632415;-0.17442385863262205;0;0.5;-0.12396912132687078;0.5020744101476455;0.87493230882732083;0.26874813345777093
1;84;0.17609420214212168;-0.47211276577078054;0;0.46667277571632415;0.17442385863262205;0;0.5;-0.12396912132687078;0.5020744101476455;0.87493230882732083;0.26874813345777093
0;84.5;-0.37896354678814159;0.33188420143347191;0;-0.32806520182821369;-0.37513670656783182;0;0.5;-0.12396354041206325;0.50208558875647074;0.8748924553479597;0.26868019737454538
1;84.5;0.37896354678814159;-0.33188420143347191;0;0.32806520182821369;0.37513670656783182;0;0.5;-0.12396354041206325;0.50208558875647074;0.8748924553479597;0.26868019737454538
0;85;-0.49098594091982567;0.11209834009424394;0;-0.110672734131434;-0.48604685803512876;0;0.5;-0.12395794661301315;0.5020968074266559;0.87485547909407985;0.26861811193557495
1;85;0.49098594091982567;-0.11209834009424394;0;0.110672734131434;0.48604685803512876;0;0.5;-0.12395794661301315;0.5020968074266559;0.87485547909407985;0.26861811193557495
0;85.5;-0.48522397764512737;-0.13457830619105873;0;0.13341241558527053;-0.48039610979761121;0;0.5;-0.12395225883283811;0.50210825631113114;0.87483012597591509;0.26857958314195076
1;85.5;0.48522397764512737;0.13457830619105873;0;-0.13341241558527053;0.48039610979761121;0;0.5;-0.12395225883283811;0.50210825631113114;0.87483012597591509;0.26857958314195076
0;86;-0.36300681579653571;-0.3489587272040699;0;0.34554440199289133;-0.35944036007098962;0;0.5;-0.12394641854551303;0.50212007058012205;0.87482238633727305;0.26857672416023651
1;86;0.36300681579653571;0.3489587272040699;0;-0.34554440199289133;0.35944036007098962;0;0.5;-0.12394641854551303;0.50212007058012205;0.87482238633727305;0.26857672416023651
0;86.5;-0.15365867420362472;-0.47959060565738976;0;0.4747213709449693;-0.15224808307796456;0;0.5;-0.12394040449910379;0.50213229681161512;0.87483406049441962;0.26861318220460796
1;86.5;0.15365867420362472;0.47959060565738976;0;-0.4747213709449693;0.15224808307796456;0;0.5;-0.12394040449910379;0.50213229681161512;0.87483406049441962;0.26861318220460796
0;87;0.092565735352601194;-0.49516640988326655;0;0.48997242819290671;0.091335659452065079;0;0.5;-0.12393423805903816;0.50214488138232678;0.87486233479662548;0.26868328948124999
1;87;-0.092565735352601194;0.49516640988326655;0;-0.48997242819290671;-0.091335659452065079;0;0.5;-0.12393423805903816;0.50214488138232678;0.87486233479662548;0.26868328948124999
0;87.5;0.31661552855592595;-0.39203755275891194;0;0.38781101461402867;0.31281586699393443;0;0.5;-0.12392797755186211;0.50215768434239844;0.87490047484300015;0.26877344273024427
1;87.5;-0.31661552855592595;0.39203755275891194;0;-0.38781101461402867;-0.31281586699393443;0;0.5;-0.12392797755186211;0.50215768434239844;0.87490047484300015;0.26877344273024427
0;88;0.46485722968903898;-0.19501508648830798;0;0.19293204381396858;0.45919603794600444;0;0.5;-0.1239217034162731;0.50217051458901911;0.87493945364163472;0.26886536313034271
1;88;-0.46485722968903898;0.19501508648830798;0;-0.19293204381396858;-0.45919603794600444;0;0.5;-0.1239217034162731;0.50217051458901911;0.87493945364163472;0.26886536313034271
0;88.5;0.50190058069616772;0.048674260884333492;0;-0.047897462308247041;0.49563643503271382;0;0.5;-0.12391549857047491;0.50218317626637324;0.87497010153613517;0.26894043428867373
1;88.5;-0.50190058069616772;-0.048674260884333492;0;0.047897462308247041;-0.49563643503271382;0;0.5;-0.12391549857047491;0.50218317626637324;0.87497010153613517;0.26894043428867373
0;89;0.41897931454044679;0.2807425149842202;0;-0.27712328751587445;0.41361819659081339;0;0.5;-0.12390942916275254;0.50219551437395301;0.87498525567746102;0.26898407784022591
1;89;-0.41897931454044679;-0.2807425149842202;0;0.27712328751587445;-0.41361819659081339;0;0.5;-0.12390942916275254;0.50219551437395301;0.87498525567746102;0.26898407784022591
0;89.5;0.23595920555272945;0.44574860750249695;0;-0.44009042457122044;0.23281156004861525;0;0.5;-0.12390352996104262;0.502207449360734;0.87498141333776778;0.26898914697833106
1;89.5;-0.23595920555272945;-0.44574860750249695;0;0.44009042457122044;-0.23281156004861525;0;0.5;-0.12390352996104262;0.502207449360734;0.87498141333776778;0.26898914697833106
0;90;-0.0034319810686528249;0.50427286694889406;0;-0.49793865637999341;-0.0036548196222700633;0;0.5;-0.12389779699670516;0.50221899417834493;0.87495952670906132;0.2689575687363253
1;90;0.0034319810686528249;-0.50427286694889406;0;0.49793865637999341;0.0036548196222700633;0;0.5;-0.12389779699670516;0.50221899417834493;0.87495952670906132;0.2689575687363253
0;90.5;-0.24200294102716499;0.44228831749854375;0;-0.43678432364081587;-0.23937941285579742;0;0.5;-0.1238921885383917;0.50223025109058957;0.87492477241594167;0.26889987240880376
1;90.5;0.24200294102716499;-0.44228831749854375;0;0.43678432364081587;0.23937941285579742;0;0.5;-0.1238921885383917;0.50223025109058957;0.87492477241594167;0.26889987240880376
0;91;-0.42270036724391841;0.27453806072751147;0;-0.27109027238079303;-0.41801737231987174;0;0.5;-0.12388663422138409;0.50224138891092668;0.87488534763945361;0.26883271544815937
1;91;0.42270036724391841;-0.27453806072751147;0;0.27109027238079303;0.41801737231987174;0;0.5;-0.12388663422138409;0.50224138891092668;0.87488534763945361;0.26883271544815937
0;91.5;-0.50223507754862318;0.041086841305812132;0;-0.04036759887754137;-0.49671505707752883;0;0.5;-0.12388105087753985;0.50225260467975941;0.87485055538558364;0.26877496972431631
1;91.5;0.50223507754862318;-0.041086841305812132;0;0.04036759887754137;0.49671505707752883;0;0.5;-0.12388105087753985;0.50225260467975941;0.87485055538558364;0.26877496972431631
0;92;-0.46149323000888354;-0.20220379232942792;0;0.20015376680110245;-0.45647514266154254;0;0.5;-0.12387536205393889;0.50226407740368809;0.87482861060721194;0.26874327125786484
1;92;0.46149323000888354;0.20220379232942792;0;-0.20015376680110245;0.45647514266154254;0;0.5;-0.12387536205393889;0.50226407740368809;0.87482861060721194;0.26874327125786484
0;92.5;-0.31018913076305471;-0.39705554848993252;0;0.39276955064183411;-0.30686643561504501;0;0.5;-0.12386951671193484;0.50227592456805095;0.87482468474442503;0.26874808316677529
1;92.5;0.31018913076305471;0.39705554848993252;0;-0.39276955064183411;0.30686643561504501;0;0.5;-0.12386951671193484;0.50227592456805095;0.87482468474442503;0.26874808316677529
0;93;-0.084569313230659998;-0.49679371694179258;0;0.49126532250467075;-0.083795890114983798;0;0.5;-0.12386350206329054;0.50228817290055976;0.87483966993514688;0.26879122034895675
1;93;0.084569313230659998;0.49679371694179258;0;-0.49126532250467075;0.083795890114983798;0;0.5;-0.12386350206329054;0.50228817290055976;0.87483966993514688;0.26879122034895675
0;93.5;0.16131274530502687;-0.47757998048185124;0;0.47211270971125818;0.15918641252667531;0;0.5;-0.12385734672522599;0.5023007518181462;0.87486997542781008;0.26886543964041478
1;93.5;-0.16131274530502687;0.47757998048185124;0;-0.47211270971125818;-0.15918641252667531;0;0.5;-0.12385734672522599;0.5023007518181462;0.87486997542781008;0.26886543964041478
0;94;0.36861716161243213;-0.344104367751009;0;0.34008548616822842;0.36387848567047265;0;0.5;-0.12385111324120723;0.50231351151778489;0.87490840567321109;0.26895619077373283
1;94;-0.36861716161243213;0.344104367751009;0;-0.34008548616822842;-0.36387848567047265;0;0.5;-0.12385111324120723;0.50231351151778489;0.87490840567321109;0.26895619077373283
0;94.5;0.48783591335144333;-0.1283777876369763;0;0.12695481282473223;0.48144252140653632;0;0.5;-0.1238448823151874;0.50232626031377;0.87494589163453158;0.2690450899426009
1;94.5;-0.48783591335144333;0.1283777876369763;0;-0.12695481282473223;-0.48144252140653632;0;0.5;-0.1238448823151874;0.50232626031377;0.87494589163453158;0.2690450899426009
0;95;0.49058723657244352;0.11801403822977904;0;-0.11628513650603187;0.48400388171738806;0;0.5;-0.12383873333372035;0.5023388107344943;0.87497364035169474;0.26911426689716963
1;95;-0.49058723657244352;-0.11801403822977904;0;0.11628513650603187;-0.48400388171738806;0;0.5;-0.12383873333372035;0.5023388107344943;0.87497364035169474;0.26911426689716963
0;95.5;0.37629981328030437;0.33626388255412082;0;-0.33164889998809011;0.37112419325125684;0;0.5;-0.12383272614063634;0.50235102275810008;0.8749851865889369;0.26915055044070926
1;95.5;-0.37629981328030437;-0.33626388255412082;0;0.33164889998809011;-0.37112419325125684;0;0.5;-0.12383272614063634;0.50235102275810008;0.8749851865889369;0.26915055044070926
0;96;0.17227298066572477;0.4743323138782865;0;-0.46789093988505881;0.16976327412737505;0;0.5;-0.12382688794214987;0.50236283479972323;0.87497787874947242;0.26914852373481214
1;96;-0.17227298066572477;-0.4743323138782865;0;0.46789093988505881;-0.16976327412737505;0;0.5;-0.12382688794214987;0.50236283479972323;0.87497787874947242;0.26914852373481214
0;96.5;-0.072839020530079374;0.49928689236205676;0;-0.4925672110340551;-0.072142462590602002;0;0.5;-0.12382120760142535;0.50237427678073221;0.87495347640311081;0.26911176103600445
1;96.5;0.072839020530079374;-0.49928689236205676;0;0.4925672110340551;0.072142462590602002;0;0.5;-0.12382120760142535;0.50237427678073221;0.87495347640311081;0.26911176103600445
0;97;-0.30057299022928052;0.40512465409618986;0;-0.39970355075740804;-0.29697601513116251;0;0.5;-0.12381563813543124;0.50238546327192675;0.87491773524724143;0.26905197496616063
1;97;0.30057299022928052;-0.40512465409618986;0;0.39970355075740804;0.29697601513116251;0;0.5;-0.12381563813543124;0.50238546327192675;0.87491773524724143;0.26905197496616063
0;97.5;-0.45654639629635491;0.2142445689194975;0;-0.21130536138345349;-0.45105439358469551;0;0.5;-0.12381010701973501;0.50239656796941413;0.87487907050502754;0.26898627053339151
1;97.5;0.45654639629635491;-0.2142445689194975;0;0.21130536138345349;0.45105439358469551;0;0.5;-0.12381010701973501;0.50239656796941413;0.87487907050502754;0.26898627053339151
0;98;-0.50344020331975226;-0.027821340832345172;0;0.027733163391636714;-0.49744203304015172;0;0.5;-0.12380453260511184;0.50240778408920549;0.87484659135361438;0.26893313083408778
1;98;0.50344020331975226;0.027821340832345172;0;-0.027733163391636714;0.49744203304015172;0;0.5;-0.12380453260511184;0.50240778408920549;0.87484659135361438;0.26893313083408778
0;98.5;-0.42997691354839146;-0.2632365483179121;0;0.26025828894946468;-0.42490687286192441;0;0.5;-0.12379884340044278;0.50241927878570384;0.87482795257381818;0.26890806288417166
1;98.5;0.42997691354839146;0.2632365483179121;0;-0.26025828894946468;0.42490687286192441;0;0.5;-0.12379884340044278;0.50241927878570384;0.87482795257381818;0.26890806288417166
0;99;-0.25368653871621982;-0.43570528390407115;0;0.43057288101390884;-0.25075314269729992;0;0.5;-0.12379299563013306;0.50243115241330274;0.87482753355719922;0.26891993307872864
1;99;0.25368653871621982;0.43570528390407115;0;-0.43057288101390884;0.25075314269729992;0;0.5;-0.12379299563013306;0.50243115241330274;0.87482753355719922;0.26891993307872864
0;99.5;-0.016729358851699738;-0.50399747847342247;0;0.49790354531351283;-0.01671166370312924;0;0.5;-0.12378698424076922;0.50244341356017297;0.8748453946333945;0.2689688760795889
1;99.5;0.016729358851699738;0.50399747847342247;0;-0.49790354531351283;0.01671166370312924;0;0.5;-0.12378698424076922;0.50244341356017297;0.8748453946333945;0.2689688760795889
0;100;0.22423910759052579;-0.45184642680613807;0;0.44624848260733879;0.22115770415921435;0;0.5;-0.12378084406218399;0.50245597710243765;0.87487727449157874;0.26904628612182409
1;100;-0.22423910759052579;0.45184642680613807;0;-0.44624848260733879;-0.22115770415921435;0;0.5;-0.12378084406218399;0.50245597710243765;0.87487727449157874;0.26904628612182409
