# column style format: id;time;x;y;z;vx;vy;vz;mass;totalEnergy;totalSpecificAngularMomentum;rungeLenzVector;semiMajorAxis
# this file will be overwritten without any precaution
# used integrator was iterierter_hermite
0;0.01;0.49997500104162501;0.0049998333399302926;0;-0.0049998333399302926;0.49997500104162501;0;0.5;-0.125;0.50000000000000002;0.87499999999999999;0.26666666666666667
1;0.01;-0.49997500104162501;-0.0049998333399302926;0;0.0049998333399302926;-0.49997500104162501;0;0.5;-0.125;0.50000000000000002;0.87499999999999999;0.26666666666666667
0;0.02;0.4999000066662917;0.0099991667173583969;0;-0.0099991667173583969;0.4999000066662917;0;0.5;-0.12499999999999999;0.50000000000000002;0.87499999999999999;0.26666666666666667
1;0.02;-0.4999000066662917;-0.0099991667173583969;0;0.0099991667173583969;-0.4999000066662917;0;0.5;-0.12499999999999999;0.50000000000000002;0.87499999999999999;0.26666666666666667
0;0.03;0.49977502437312515;0.014997500219776295;0;-0.014997500219776295;0.49977502437312515;0;0.5;-0.12499999999999998;0.50000000000000006;0.87499999999999998;0.26666666666666669
1;0.03;-0.49977502437312515;-0.014997500219776295;0;0.014997500219776295;-0.49977502437312515;0;0.5;-0.12499999999999998;0.50000000000000006;0.87499999999999998;0.26666666666666669
0;0.04;0.49960006665983392;0.019994334034659299;0;-0.019994334034659299;0.49960006665983392;0;0.5;-0.12499999999999998;0.50000000000000006;0.87499999999999998;0.26666666666666669
1;0.04;-0.49960006665983392;-0.019994334034659299;0;0.019994334034659299;-0.49960006665983392;0;0.5;-0.12499999999999998;0.50000000000000006;0.87499999999999998;0.26666666666666669
0;0.05;0.49937515102146041;0.024989168499445231;0;-0.024989168499445231;0.49937515102146041;0;0.5;-0.12499999999999997;0.50000000000000011;0.87499999999999996;0.2666666666666667
1;0.05;-0.49937515102146041;-0.024989168499445231;0;0.024989168499445231;-0.49937515102146041;0;0.5;-0.12499999999999997;0.50000000000000011;0.87499999999999996;0.2666666666666667
0;0.06;0.49910029994863131;0.029981504151498591;0;-0.029981504151498587;0.49910029994863131;0;0.5;-0.12499999999999991;0.50000000000000014;0.87499999999999995;0.26666666666666671
1;0.06;-0.49910029994863131;-0.029981504151498591;0;0.029981504151498587;-0.49910029994863131;0;0.5;-0.12499999999999991;0.50000000000000014;0.87499999999999995;0.26666666666666671
0;0.07;0.49877554092530874;0.034970841778054734;0;-0.034970841778054727;0.49877554092530874;0;0.5;-0.12499999999999991;0.50000000000000014;0.87499999999999995;0.26666666666666671
1;0.07;-0.49877554092530874;-0.034970841778054734;0;0.034970841778054727;-0.49877554092530874;0;0.5;-0.12499999999999991;0.50000000000000014;0.87499999999999995;0.26666666666666671
0;0.08;0.4984009064260419;0.039956682466139086;0;-0.039956682466139079;0.4984009064260419;0;0.5;-0.12499999999999998;0.50000000000000008;0.87499999999999997;0.26666666666666669
1;0.08;-0.4984009064260419;-0.039956682466139086;0;0.039956682466139079;-0.4984009064260419;0;0.5;-0.12499999999999998;0.50000000000000008;0.87499999999999997;0.26666666666666669
0;0.09;0.4979764339127199;0.044938527652456345;0;-0.044938527652456331;0.4979764339127199;0;0.5;-0.12499999999999991;0.50000000000000014;0.87499999999999995;0.26666666666666671
1;0.09;-0.4979764339127199;-0.044938527652456345;0;0.044938527652456331;-0.4979764339127199;0;0.5;-0.12499999999999991;0.50000000000000014;0.87499999999999995;0.26666666666666671
0;0.1;0.4975021658308254;0.049915879173244734;0;-0.049915879173244714;0.4975021658308254;0;0.5;-0.12499999999999991;0.50000000000000013;0.87499999999999995;0.26666666666666671
1;0.1;-0.4975021658308254;-0.049915879173244734;0;0.049915879173244714;-0.4975021658308254;0;0.5;-0.12499999999999991;0.50000000000000013;0.87499999999999995;0.26666666666666671
0;0.11;0.4969781496051906;0.054888239314090308;0;-0.05488823931409028;0.4969781496051906;0;0.5;-0.12499999999999997;0.50000000000000011;0.87499999999999996;0.2666666666666667
1;0.11;-0.4969781496051906;-0.054888239314090308;0;0.05488823931409028;-0.4969781496051906;0;0.5;-0.12499999999999997;0.50000000000000011;0.87499999999999996;0.2666666666666667
0;0.12;0.49640443763525477;0.059855110859696324;0;-0.059855110859696289;0.49640443763525477;0;0.5;-0.12499999999999991;0.50000000000000015;0.87499999999999994;0.26666666666666672
1;0.12;-0.49640443763525477;-0.059855110859696324;0;0.059855110859696289;-0.49640443763525477;0;0.5;-0.12499999999999991;0.50000000000000015;0.87499999999999994;0.26666666666666672
0;0.13;0.49578108728982451;0.064815997143602685;0;-0.064815997143602644;0.49578108728982451;0;0.5;-0.1249999999999999;0.50000000000000019;0.87499999999999993;0.26666666666666673
1;0.13;-0.49578108728982451;-0.064815997143602685;0;0.064815997143602644;-0.49578108728982451;0;0.5;-0.1249999999999999;0.50000000000000019;0.87499999999999993;0.26666666666666673
0;0.14;0.49510816090133714;0.069770402097850542;0;-0.069770402097850501;0.49510816090133714;0;0.5;-0.1249999999999999;0.50000000000000017;0.87499999999999994;0.26666666666666672
1;0.14;-0.49510816090133714;-0.069770402097850542;0;0.069770402097850501;-0.49510816090133714;0;0.5;-0.1249999999999999;0.50000000000000017;0.87499999999999994;0.26666666666666672
0;0.15;0.4943857257596278;0.074717830302586996;0;-0.074717830302586954;0.4943857257596278;0;0.5;-0.1249999999999999;0.50000000000000019;0.87499999999999993;0.26666666666666673
1;0.15;-0.4943857257596278;-0.074717830302586996;0;0.074717830302586954;-0.4943857257596278;0;0.5;-0.1249999999999999;0.50000000000000019;0.87499999999999993;0.26666666666666673
0;0.16;0.49361385410520064;0.079657787035605027;0;-0.079657787035604985;0.49361385410520064;0;0.5;-0.12499999999999989;0.50000000000000022;0.87499999999999992;0.26666666666666674
1;0.16;-0.49361385410520064;-0.079657787035605027;0;0.079657787035604985;-0.49361385410520064;0;0.5;-0.12499999999999989;0.50000000000000022;0.87499999999999992;0.26666666666666674
0;0.17;0.49279262312200506;0.084589778321813663;0;-0.084589778321813622;0.49279262312200506;0;0.5;-0.1249999999999999;0.50000000000000017;0.87499999999999994;0.26666666666666672
1;0.17;-0.49279262312200506;-0.084589778321813663;0;0.084589778321813622;-0.49279262312200506;0;0.5;-0.1249999999999999;0.50000000000000017;0.87499999999999994;0.26666666666666672
0;0.18;0.49192211492971777;0.089513310982633432;0;-0.08951331098263339;0.49192211492971777;0;0.5;-0.12499999999999989;0.50000000000000019;0.87499999999999993;0.26666666666666673
1;0.18;-0.49192211492971777;-0.089513310982633432;0;0.08951331098263339;-0.49192211492971777;0;0.5;-0.12499999999999989;0.50000000000000019;0.87499999999999993;0.26666666666666673
0;0.19;0.49100241657553101;0.094427892685312154;0;-0.094427892685312112;0.49100241657553101;0;0.5;-0.12499999999999989;0.50000000000000023;0.87499999999999992;0.26666666666666674
1;0.19;-0.49100241657553101;-0.094427892685312154;0;0.094427892685312112;-0.49100241657553101;0;0.5;-0.12499999999999989;0.50000000000000023;0.87499999999999992;0.26666666666666674
0;0.2;0.49003362002544826;0.099333031992156165;0;-0.099333031992156109;0.49003362002544826;0;0.5;-0.12499999999999988;0.50000000000000024;0.87499999999999991;0.26666666666666675
1;0.2;-0.49003362002544826;-0.099333031992156165;0;0.099333031992156109;-0.49003362002544826;0;0.5;-0.12499999999999988;0.50000000000000024;0.87499999999999991;0.26666666666666675
0;0.21;0.48901582215508804;0.10422823840967203;0;-0.10422823840967198;0.48901582215508804;0;0.5;-0.12499999999999988;0.50000000000000025;0.87499999999999991;0.26666666666666675
1;0.21;-0.48901582215508804;-0.10422823840967203;0;0.10422823840967198;-0.48901582215508804;0;0.5;-0.12499999999999988;0.50000000000000025;0.87499999999999991;0.26666666666666675
0;0.22;0.48794912473999674;0.10911302243761389;0;-0.10911302243761384;0.48794912473999674;0;0.5;-0.12499999999999988;0.50000000000000026;0.87499999999999991;0.26666666666666675
1;0.22;-0.48794912473999674;-0.10911302243761389;0;0.10911302243761384;-0.48794912473999674;0;0.5;-0.12499999999999988;0.50000000000000026;0.87499999999999991;0.26666666666666675
0;0.23;0.48683363444547145;0.11398689561793141;0;-0.11398689561793134;0.48683363444547145;0;0.5;-0.12499999999999989;0.50000000000000022;0.87499999999999992;0.26666666666666674
1;0.23;-0.48683363444547145;-0.11398689561793141;0;0.11398689561793134;-0.48683363444547145;0;0.5;-0.12499999999999989;0.50000000000000022;0.87499999999999992;0.26666666666666674
0;0.24;0.48566946281589396;0.11884937058361351;0;-0.11884937058361345;0.48566946281589396;0;0.5;-0.12499999999999989;0.50000000000000019;0.87499999999999993;0.26666666666666673
1;0.24;-0.48566946281589396;-0.11884937058361351;0;0.11884937058361345;-0.48566946281589396;0;0.5;-0.12499999999999989;0.50000000000000019;0.87499999999999993;0.26666666666666673
0;0.25;0.48445672626357672;0.12369996110742316;0;-0.1236999611074231;0.48445672626357672;0;0.5;-0.12499999999999989;0.5000000000000002;0.87499999999999993;0.26666666666666674
1;0.25;-0.48445672626357672;-0.12369996110742316;0;0.1236999611074231;-0.48445672626357672;0;0.5;-0.12499999999999989;0.5000000000000002;0.87499999999999993;0.26666666666666674
0;0.26;0.48319554605712206;0.12853818215051796;0;-0.1285381821505179;0.48319554605712206;0;0.5;-0.12499999999999989;0.50000000000000019;0.87499999999999993;0.26666666666666673
1;0.26;-0.48319554605712206;-0.12853818215051796;0;0.1285381821505179;-0.48319554605712206;0;0.5;-0.12499999999999989;0.50000000000000019;0.87499999999999993;0.26666666666666673
0;0.27;0.48188604830929593;0.13336354991095203;0;-0.13336354991095198;0.48188604830929593;0;0.5;-0.1249999999999999;0.50000000000000016;0.87499999999999994;0.26666666666666672
1;0.27;-0.48188604830929593;-0.13336354991095203;0;0.13336354991095198;-0.48188604830929593;0;0.5;-0.1249999999999999;0.50000000000000016;0.87499999999999994;0.26666666666666672
0;0.28;0.48052836396441712;0.13817558187205425;0;-0.1381755818720542;0.48052836396441712;0;0.5;-0.1249999999999999;0.50000000000000017;0.87499999999999994;0.26666666666666673
1;0.28;-0.48052836396441712;-0.13817558187205425;0;0.1381755818720542;-0.48052836396441712;0;0.5;-0.1249999999999999;0.50000000000000017;0.87499999999999994;0.26666666666666673
0;0.29;0.47912262878526329;0.14297379685067785;0;-0.14297379685067776;0.47912262878526329;0;0.5;-0.12499999999999989;0.50000000000000019;0.87499999999999993;0.26666666666666674
1;0.29;-0.47912262878526329;-0.14297379685067785;0;0.14297379685067776;-0.47912262878526329;0;0.5;-0.12499999999999989;0.50000000000000019;0.87499999999999993;0.26666666666666674
0;0.3;0.47766898333949537;0.14775771504531668;0;-0.1477577150453166;0.47766898333949537;0;0.5;-0.12499999999999989;0.50000000000000019;0.87499999999999993;0.26666666666666673
1;0.3;-0.47766898333949537;-0.14775771504531668;0;0.1477577150453166;-0.47766898333949537;0;0.5;-0.12499999999999989;0.50000000000000019;0.87499999999999993;0.26666666666666673
0;0.31;0.47616757298560131;0.15252685808408351;0;-0.15252685808408342;0.47616757298560131;0;0.5;-0.1249999999999999;0.50000000000000017;0.87499999999999994;0.26666666666666673
1;0.31;-0.47616757298560131;-0.15252685808408351;0;0.15252685808408342;-0.47616757298560131;0;0.5;-0.1249999999999999;0.50000000000000017;0.87499999999999994;0.26666666666666673
0;0.32;0.47461854785836088;0.15728074907254508;0;-0.157280749072545;0.47461854785836088;0;0.5;-0.1249999999999999;0.50000000000000015;0.87499999999999995;0.26666666666666672
1;0.32;-0.47461854785836088;-0.15728074907254508;0;0.157280749072545;-0.47461854785836088;0;0.5;-0.1249999999999999;0.50000000000000015;0.87499999999999995;0.26666666666666672
0;0.33;0.4730220628538328;0.16201891264140963;0;-0.16201891264140955;0.4730220628538328;0;0.5;-0.12499999999999996;0.50000000000000013;0.87499999999999996;0.26666666666666671
1;0.33;-0.4730220628538328;-0.16201891264140963;0;0.16201891264140955;-0.4730220628538328;0;0.5;-0.12499999999999996;0.50000000000000013;0.87499999999999996;0.26666666666666671
0;0.34;0.4713782776138658;0.16674087499406184;0;-0.16674087499406176;0.4713782776138658;0;0.5;-0.1249999999999999;0.50000000000000017;0.87499999999999994;0.26666666666666673
1;0.34;-0.4713782776138658;-0.16674087499406184;0;0.16674087499406176;-0.4713782776138658;0;0.5;-0.1249999999999999;0.50000000000000017;0.87499999999999994;0.26666666666666673
0;0.35;0.46968735651013499;0.17144616395394052;0;-0.17144616395394044;0.46968735651013499;0;0.5;-0.12499999999999989;0.50000000000000017;0.87499999999999994;0.26666666666666673
1;0.35;-0.46968735651013499;-0.17144616395394052;0;0.17144616395394044;-0.46968735651013499;0;0.5;-0.12499999999999989;0.50000000000000017;0.87499999999999994;0.26666666666666673
0;0.36;0.46794946862770553;0.17613430901175425;0;-0.17613430901175417;0.46794946862770553;0;0.5;-0.12499999999999989;0.50000000000000017;0.87499999999999994;0.26666666666666673
1;0.36;-0.46794946862770553;-0.17613430901175425;0;0.17613430901175417;-0.46794946862770553;0;0.5;-0.12499999999999989;0.50000000000000017;0.87499999999999994;0.26666666666666673
0;0.37;0.46616478774812475;0.18080484137253039;0;-0.18080484137253031;0.46616478774812475;0;0.5;-0.12499999999999996;0.50000000000000013;0.87499999999999996;0.26666666666666672
1;0.37;-0.46616478774812475;-0.18080484137253039;0;0.18080484137253031;-0.46616478774812475;0;0.5;-0.12499999999999996;0.50000000000000013;0.87499999999999996;0.26666666666666672
0;0.38;0.46433349233204479;0.18545729400249267;0;-0.18545729400249256;0.46433349233204479;0;0.5;-0.12499999999999989;0.50000000000000017;0.87499999999999994;0.26666666666666673
1;0.38;-0.46433349233204479;-0.18545729400249267;0;0.18545729400249256;-0.46433349233204479;0;0.5;-0.12499999999999989;0.50000000000000017;0.87499999999999994;0.26666666666666673
0;0.39;0.46245576550137713;0.19009120167576249;0;-0.19009120167576238;0.46245576550137713;0;0.5;-0.12499999999999989;0.50000000000000019;0.87499999999999993;0.26666666666666674
1;0.39;-0.46245576550137713;-0.19009120167576249;0;0.19009120167576238;-0.46245576550137713;0;0.5;-0.12499999999999989;0.50000000000000019;0.87499999999999993;0.26666666666666674
0;0.4;0.46053179502098124;0.19470610102087973;0;-0.19470610102087962;0.46053179502098124;0;0.5;-0.12499999999999989;0.50000000000000017;0.87499999999999994;0.26666666666666673
1;0.4;-0.46053179502098124;-0.19470610102087973;0;0.19470610102087962;-0.46053179502098124;0;0.5;-0.12499999999999989;0.50000000000000017;0.87499999999999994;0.26666666666666673
0;0.41;0.45856177327988901;0.19930153056713787;0;-0.19930153056713776;0.45856177327988901;0;0.5;-0.12499999999999989;0.50000000000000019;0.87499999999999993;0.26666666666666674
1;0.41;-0.45856177327988901;-0.19930153056713787;0;0.19930153056713776;-0.45856177327988901;0;0.5;-0.12499999999999989;0.50000000000000019;0.87499999999999993;0.26666666666666674
0;0.42;0.4565458972720664;0.20387703079072911;0;-0.203877030790729;0.4565458972720664;0;0.5;-0.12499999999999989;0.50000000000000018;0.87499999999999994;0.26666666666666674
1;0.42;-0.4565458972720664;-0.20387703079072911;0;0.203877030790729;-0.4565458972720664;0;0.5;-0.12499999999999989;0.50000000000000018;0.87499999999999994;0.26666666666666674
0;0.43;0.45448436857671509;0.20843214416069494;0;-0.20843214416069483;0.45448436857671509;0;0.5;-0.12499999999999988;0.50000000000000022;0.87499999999999992;0.26666666666666675
1;0.43;-0.45448436857671509;-0.20843214416069494;0;0.20843214416069483;-0.45448436857671509;0;0.5;-0.12499999999999988;0.50000000000000022;0.87499999999999992;0.26666666666666675
0;0.44;0.45237739333811522;0.21296641518467724;0;-0.21296641518467713;0.45237739333811522;0;0.5;-0.12499999999999988;0.50000000000000022;0.87499999999999992;0.26666666666666675
1;0.44;-0.45237739333811522;-0.21296641518467724;0;0.21296641518467713;-0.45237739333811522;0;0.5;-0.12499999999999988;0.50000000000000022;0.87499999999999992;0.26666666666666675
0;0.45;0.45022518224501196;0.21747939045446563;0;-0.21747939045446552;0.45022518224501196;0;0.5;-0.12499999999999987;0.50000000000000024;0.87499999999999992;0.26666666666666676
1;0.45;-0.45022518224501196;-0.21747939045446563;0;0.21747939045446552;-0.45022518224501196;0;0.5;-0.12499999999999987;0.50000000000000024;0.87499999999999992;0.26666666666666676
0;0.46;0.44802795050954741;0.22197061869133644;0;-0.22197061869133633;0.44802795050954741;0;0.5;-0.12499999999999987;0.50000000000000024;0.87499999999999992;0.26666666666666676
1;0.46;-0.44802795050954741;-0.22197061869133644;0;0.22197061869133633;-0.44802795050954741;0;0.5;-0.12499999999999987;0.50000000000000024;0.87499999999999992;0.26666666666666676
0;0.47;0.44578591784574034;0.22643965079117873;0;-0.22643965079117859;0.44578591784574034;0;0.5;-0.12499999999999988;0.50000000000000019;0.87499999999999994;0.26666666666666674
1;0.47;-0.44578591784574034;-0.22643965079117873;0;0.22643965079117859;-0.44578591784574034;0;0.5;-0.12499999999999988;0.50000000000000019;0.87499999999999994;0.26666666666666674
0;0.48;0.44349930844751578;0.23088603986940268;0;-0.23088603986940254;0.44349930844751578;0;0.5;-0.12499999999999987;0.50000000000000023;0.87499999999999992;0.26666666666666676
1;0.48;-0.44349930844751578;-0.23088603986940268;0;0.23088603986940254;-0.44349930844751578;0;0.5;-0.12499999999999987;0.50000000000000023;0.87499999999999992;0.26666666666666676
0;0.49;0.44116835096628632;0.23530934130562639;0;-0.23530934130562625;0.44116835096628632;0;0.5;-0.12499999999999987;0.50000000000000023;0.87499999999999992;0.26666666666666676
1;0.49;-0.44116835096628632;-0.23530934130562639;0;0.23530934130562625;-0.44116835096628632;0;0.5;-0.12499999999999987;0.50000000000000023;0.87499999999999992;0.26666666666666676
0;0.5;0.43879327848808813;0.23970911278813592;0;-0.23970911278813575;0.43879327848808813;0;0.5;-0.12499999999999988;0.50000000000000019;0.87499999999999994;0.26666666666666675
1;0.5;-0.43879327848808813;-0.23970911278813592;0;0.23970911278813575;-0.43879327848808813;0;0.5;-0.12499999999999988;0.50000000000000019;0.87499999999999994;0.26666666666666675
0;0.51;0.43637432851027336;0.24408491435811464;0;-0.24408491435811447;0.43637432851027336;0;0.5;-0.12499999999999994;0.50000000000000017;0.87499999999999995;0.26666666666666674
1;0.51;-0.43637432851027336;-0.24408491435811464;0;0.24408491435811447;-0.43637432851027336;0;0.5;-0.12499999999999994;0.50000000000000017;0.87499999999999995;0.26666666666666674
0;0.52;0.43391174291776119;0.24843630845363734;0;-0.24843630845363718;0.43391174291776119;0;0.5;-0.12499999999999994;0.50000000000000015;0.87499999999999995;0.26666666666666674
1;0.52;-0.43391174291776119;-0.24843630845363734;0;0.24843630845363718;-0.43391174291776119;0;0.5;-0.12499999999999994;0.50000000000000015;0.87499999999999995;0.26666666666666674
0;0.53;0.43140576795885055;0.25276285995342457;0;-0.2527628599534244;0.43140576795885055;0;0.5;-0.12499999999999994;0.50000000000000017;0.87499999999999995;0.26666666666666674
1;0.53;-0.43140576795885055;-0.25276285995342457;0;0.2527628599534244;-0.43140576795885055;0;0.5;-0.12499999999999994;0.50000000000000017;0.87499999999999995;0.26666666666666674
0;0.54;0.42885665422059616;0.2570641362203529;0;-0.25706413622035273;0.42885665422059616;0;0.5;-0.12499999999999994;0.50000000000000017;0.87499999999999995;0.26666666666666674
1;0.54;-0.42885665422059616;-0.2570641362203529;0;0.25706413622035273;-0.42885665422059616;0;0.5;-0.12499999999999994;0.50000000000000017;0.87499999999999995;0.26666666666666674
0;0.55;0.42626465660375096;0.26133970714471694;0;-0.26133970714471677;0.42626465660375096;0;0.5;-0.12499999999999993;0.50000000000000019;0.87499999999999994;0.26666666666666675
1;0.55;-0.42626465660375096;-0.26133970714471694;0;0.26133970714471677;-0.42626465660375096;0;0.5;-0.12499999999999993;0.50000000000000019;0.87499999999999994;0.26666666666666675
0;0.56;0.42363003429727708;0.26558914518723836;0;-0.2655891451872382;0.42363003429727708;0;0.5;-0.12499999999999993;0.50000000000000018;0.87499999999999994;0.26666666666666675
1;0.56;-0.42363003429727708;-0.26558914518723836;0;0.2655891451872382;-0.42363003429727708;0;0.5;-0.12499999999999993;0.50000000000000018;0.87499999999999994;0.26666666666666675
0;0.57;0.420953050752428;0.26981202542181826;0;-0.26981202542181809;0.420953050752428;0;0.5;-0.12499999999999994;0.50000000000000017;0.87499999999999995;0.26666666666666674
1;0.57;-0.420953050752428;-0.26981202542181826;0;0.26981202542181809;-0.420953050752428;0;0.5;-0.12499999999999994;0.50000000000000017;0.87499999999999995;0.26666666666666674
0;0.58;0.41823397365640458;0.27400792557802778;0;-0.27400792557802761;0.41823397365640458;0;0.5;-0.12499999999999994;0.50000000000000017;0.87499999999999995;0.26666666666666674
1;0.58;-0.41823397365640458;-0.27400792557802778;0;0.27400792557802761;-0.41823397365640458;0;0.5;-0.12499999999999994;0.50000000000000017;0.87499999999999995;0.26666666666666674
0;0.59;0.41547307490558738;0.27817642608333354;0;-0.27817642608333337;0.41547307490558738;0;0.5;-0.12499999999999987;0.50000000000000021;0.87499999999999993;0.26666666666666676
1;0.59;-0.41547307490558738;-0.27817642608333354;0;0.27817642608333337;-0.41547307490558738;0;0.5;-0.12499999999999987;0.50000000000000021;0.87499999999999993;0.26666666666666676
0;0.6;0.41267063057834819;0.28231711010505306;0;-0.28231711010505284;0.41267063057834819;0;0.5;-0.12499999999999991;0.50000000000000022;0.87499999999999993;0.26666666666666677
1;0.6;-0.41267063057834819;-0.28231711010505306;0;0.28231711010505284;-0.41267063057834819;0;0.5;-0.12499999999999991;0.50000000000000022;0.87499999999999993;0.26666666666666677
0;0.61;0.40982692090744333;0.28642956359203631;0;-0.28642956359203608;0.40982692090744333;0;0.5;-0.12499999999999991;0.50000000000000023;0.87499999999999993;0.26666666666666677
1;0.61;-0.40982692090744333;-0.28642956359203631;0;0.28642956359203608;-0.40982692090744333;0;0.5;-0.12499999999999991;0.50000000000000023;0.87499999999999993;0.26666666666666677
0;0.62;0.40694223025199161;0.29051337531606913;0;-0.29051337531606891;0.40694223025199161;0;0.5;-0.12499999999999984;0.50000000000000028;0.87499999999999991;0.26666666666666679
1;0.62;-0.40694223025199161;-0.29051337531606913;0;0.29051337531606891;-0.40694223025199161;0;0.5;-0.12499999999999984;0.50000000000000028;0.87499999999999991;0.26666666666666679
0;0.63;0.40401684706903951;0.29456813691299433;0;-0.29456813691299411;0.40401684706903951;0;0.5;-0.12499999999999983;0.50000000000000033;0.87499999999999989;0.2666666666666668
1;0.63;-0.40401684706903951;-0.29456813691299433;0;0.29456813691299411;-0.40401684706903951;0;0.5;-0.12499999999999983;0.50000000000000033;0.87499999999999989;0.2666666666666668
0;0.64;0.40105106388471667;0.29859344292354634;0;-0.29859344292354612;0.40105106388471667;0;0.5;-0.12499999999999983;0.50000000000000031;0.8749999999999999;0.2666666666666668
1;0.64;-0.40105106388471667;-0.29859344292354634;0;0.29859344292354612;-0.40105106388471667;0;0.5;-0.12499999999999983;0.50000000000000031;0.8749999999999999;0.2666666666666668
0;0.65;0.39804517726498462;0.30258889083389562;0;-0.30258889083389534;0.39804517726498462;0;0.5;-0.12499999999999983;0.50000000000000029;0.87499999999999991;0.2666666666666668
1;0.65;-0.39804517726498462;-0.30258889083389562;0;0.30258889083389534;-0.39804517726498462;0;0.5;-0.12499999999999983;0.50000000000000029;0.87499999999999991;0.2666666666666668
0;0.66;0.39499948778598132;0.3065540811158981;0;-0.30655408111589783;0.39499948778598132;0;0.5;-0.12499999999999983;0.50000000000000031;0.87499999999999991;0.26666666666666681
1;0.66;-0.39499948778598132;-0.3065540811158981;0;0.30655408111589783;-0.39499948778598132;0;0.5;-0.12499999999999983;0.50000000000000031;0.87499999999999991;0.26666666666666681
0;0.67;0.39191430000396477;0.31048861726704657;0;-0.3104886172670463;0.39191430000396477;0;0.5;-0.12499999999999983;0.50000000000000029;0.87499999999999991;0.2666666666666668
1;0.67;-0.39191430000396477;-0.31048861726704657;0;0.3104886172670463;-0.39191430000396477;0;0.5;-0.12499999999999983;0.50000000000000029;0.87499999999999991;0.2666666666666668
0;0.68;0.38878992242485877;0.31439210585011917;0;-0.3143921058501189;0.38878992242485877;0;0.5;-0.12499999999999982;0.5000000000000003;0.87499999999999991;0.26666666666666681
1;0.68;-0.38878992242485877;-0.31439210585011917;0;0.3143921058501189;-0.38878992242485877;0;0.5;-0.12499999999999982;0.5000000000000003;0.87499999999999991;0.26666666666666681
0;0.69;0.38562666747340352;0.31826415653252149;0;-0.31826415653252116;0.38562666747340352;0;0.5;-0.12499999999999981;0.50000000000000033;0.8749999999999999;0.26666666666666683
1;0.69;-0.38562666747340352;-0.31826415653252149;0;0.31826415653252116;-0.38562666747340352;0;0.5;-0.12499999999999981;0.50000000000000033;0.8749999999999999;0.26666666666666683
0;0.7;0.38242485146191441;0.32210438212531817;0;-0.32210438212531778;0.38242485146191441;0;0.5;-0.12499999999999986;0.50000000000000031;0.87499999999999991;0.26666666666666683
1;0.7;-0.38242485146191441;-0.32210438212531817;0;0.32210438212531778;-0.38242485146191441;0;0.5;-0.12499999999999986;0.50000000000000031;0.87499999999999991;0.26666666666666683
0;0.71;0.37918479455865228;0.32591239862195021;0;-0.32591239862194982;0.37918479455865228;0;0.5;-0.12499999999999985;0.50000000000000036;0.8749999999999999;0.26666666666666685
1;0.71;-0.37918479455865228;-0.32591239862195021;0;0.32591239862194982;-0.37918479455865228;0;0.5;-0.12499999999999985;0.50000000000000036;0.8749999999999999;0.26666666666666685
0;0.72;0.37590682075580772;0.32968782523663404;0;-0.32968782523663365;0.37590682075580772;0;0.5;-0.12499999999999985;0.50000000000000035;0.8749999999999999;0.26666666666666684
1;0.72;-0.37590682075580772;-0.32968782523663404;0;0.32968782523663365;-0.37590682075580772;0;0.5;-0.12499999999999985;0.50000000000000035;0.8749999999999999;0.26666666666666684
0;0.73;0.37259125783710334;0.33343028444243855;0;-0.33343028444243816;0.37259125783710334;0;0.5;-0.12499999999999985;0.50000000000000034;0.8749999999999999;0.26666666666666684
1;0.73;-0.37259125783710334;-0.33343028444243855;0;0.33343028444243816;-0.37259125783710334;0;0.5;-0.12499999999999985;0.50000000000000034;0.8749999999999999;0.26666666666666684
0;0.74;0.36923843734501671;0.33713940200903608;0;-0.33713940200903569;0.36923843734501671;0;0.5;-0.12499999999999986;0.50000000000000029;0.87499999999999992;0.26666666666666682
1;0.74;-0.36923843734501671;-0.33713940200903608;0;0.33713940200903569;-0.36923843734501671;0;0.5;-0.12499999999999986;0.50000000000000029;0.87499999999999992;0.26666666666666682
0;0.75;0.36584869454762758;0.34081480704012407;0;-0.34081480704012362;0.36584869454762758;0;0.5;-0.12499999999999984;0.50000000000000032;0.87499999999999992;0.26666666666666684
1;0.75;-0.36584869454762758;-0.34081480704012407;0;0.34081480704012362;-0.36584869454762758;0;0.5;-0.12499999999999984;0.50000000000000032;0.87499999999999992;0.26666666666666684
0;0.76;0.36242236840509223;0.34445613201051289;0;-0.34445613201051245;0.36242236840509229;0;0.5;-0.12499999999999986;0.5000000000000003;0.87499999999999992;0.26666666666666683
1;0.76;-0.36242236840509223;-0.34445613201051289;0;0.34445613201051245;-0.36242236840509229;0;0.5;-0.12499999999999986;0.5000000000000003;0.87499999999999992;0.26666666666666683
0;0.77;0.35895980153574919;0.34806301280287716;0;-0.34806301280287671;0.35895980153574925;0;0.5;-0.12499999999999986;0.50000000000000028;0.87499999999999993;0.26666666666666682
1;0.77;-0.35895980153574919;-0.34806301280287716;0;0.34806301280287671;-0.35895980153574925;0;0.5;-0.12499999999999986;0.50000000000000028;0.87499999999999993;0.26666666666666682
0;0.78;0.3554613401818586;0.35163508874416571;0;-0.35163508874416521;0.35546134018185865;0;0.5;-0.12499999999999985;0.50000000000000029;0.87499999999999993;0.26666666666666684
1;0.78;-0.3554613401818586;-0.35163508874416571;0;0.35163508874416521;-0.35546134018185865;0;0.5;-0.12499999999999985;0.50000000000000029;0.87499999999999993;0.26666666666666684
0;0.79;0.35192733417497951;0.35517200264166743;0;-0.35517200264166693;0.35192733417497957;0;0.5;-0.12499999999999984;0.50000000000000032;0.87499999999999992;0.26666666666666685
1;0.79;-0.35192733417497951;-0.35517200264166743;0;0.35517200264166693;-0.35192733417497957;0;0.5;-0.12499999999999984;0.50000000000000032;0.87499999999999992;0.26666666666666685
0;0.8;0.34835813690098816;0.35867340081872912;0;-0.35867340081872862;0.34835813690098821;0;0.5;-0.12499999999999984;0.50000000000000032;0.87499999999999992;0.26666666666666685
1;0.8;-0.34835813690098816;-0.35867340081872912;0;0.35867340081872862;-0.34835813690098821;0;0.5;-0.12499999999999984;0.50000000000000032;0.87499999999999992;0.26666666666666685
0;0.81;0.34475410526474087;0.36213893315012169;0;-0.36213893315012113;0.34475410526474093;0;0.5;-0.12499999999999983;0.50000000000000031;0.87499999999999993;0.26666666666666686
1;0.81;-0.34475410526474087;-0.36213893315012169;0;0.36213893315012113;-0.34475410526474093;0;0.5;-0.12499999999999983;0.50000000000000031;0.87499999999999993;0.26666666666666686
0;0.82;0.34111559965438509;0.3655682530970511;0;-0.36556825309705054;0.34111559965438515;0;0.5;-0.12499999999999986;0.50000000000000031;0.87499999999999993;0.26666666666666686
1;0.82;-0.34111559965438509;-0.3655682530970511;0;0.36556825309705054;-0.34111559965438515;0;0.5;-0.12499999999999986;0.50000000000000031;0.87499999999999993;0.26666666666666686
0;0.83;0.33744298390532201;0.36896101774181095;0;-0.36896101774181039;0.33744298390532207;0;0.5;-0.12499999999999983;0.50000000000000032;0.87499999999999993;0.26666666666666686
1;0.83;-0.33744298390532201;-0.36896101774181095;0;0.36896101774181039;-0.33744298390532207;0;0.5;-0.12499999999999983;0.50000000000000032;0.87499999999999993;0.26666666666666686
0;0.84;0.33373662526382464;0.37231688782207267;0;-0.37231688782207212;0.33373662526382469;0;0.5;-0.12499999999999982;0.50000000000000034;0.87499999999999992;0.26666666666666687
1;0.84;-0.33373662526382464;-0.37231688782207267;0;0.37231688782207212;-0.33373662526382469;0;0.5;-0.12499999999999982;0.50000000000000034;0.87499999999999992;0.26666666666666687
0;0.85;0.32999689435031448;0.37563552776481052;0;-0.37563552776480996;0.32999689435031454;0;0.5;-0.12499999999999982;0.50000000000000033;0.87499999999999993;0.26666666666666687
1;0.85;-0.32999689435031448;-0.37563552776481052;0;0.37563552776480996;-0.32999689435031454;0;0.5;-0.12499999999999982;0.50000000000000033;0.87499999999999993;0.26666666666666687
0;0.86;0.3262241651223014;0.3789166057198573;0;-0.37891660571985675;0.32622416512230146;0;0.5;-0.12499999999999982;0.50000000000000035;0.87499999999999992;0.26666666666666687
1;0.86;-0.3262241651223014;-0.3789166057198573;0;0.37891660571985675;-0.32622416512230146;0;0.5;-0.12499999999999982;0.50000000000000035;0.87499999999999992;0.26666666666666687
0;0.87;0.32241881483698903;0.38215979359308816;0;-0.3821597935930876;0.32241881483698914;0;0.5;-0.12499999999999982;0.50000000000000038;0.8749999999999999;0.26666666666666687
1;0.87;-0.32241881483698903;-0.38215979359308816;0;0.3821597935930876;-0.32241881483698914;0;0.5;-0.12499999999999982;0.50000000000000038;0.8749999999999999;0.26666666666666687
0;0.88;0.31858122401355099;0.38536476707922845;0;-0.3853647670792279;0.3185812240135511;0;0.5;-0.12499999999999982;0.50000000000000036;0.87499999999999991;0.26666666666666687
1;0.88;-0.31858122401355099;-0.38536476707922845;0;0.3853647670792279;-0.3185812240135511;0;0.5;-0.12499999999999982;0.50000000000000036;0.87499999999999991;0.26666666666666687
0;0.89;0.31471177639508024;0.38853120569428318;0;-0.38853120569428257;0.31471177639508036;0;0.5;-0.12499999999999984;0.50000000000000034;0.87499999999999992;0.26666666666666688
1;0.89;-0.31471177639508024;-0.38853120569428318;0;0.38853120569428257;-0.31471177639508036;0;0.5;-0.12499999999999984;0.50000000000000034;0.87499999999999992;0.26666666666666688
0;0.9;0.31081085891021665;0.3916587928075837;0;-0.39165879280758309;0.31081085891021676;0;0.5;-0.12499999999999984;0.50000000000000034;0.87499999999999992;0.26666666666666688
1;0.9;-0.31081085891021665;-0.3916587928075837;0;0.39165879280758309;-0.31081085891021676;0;0.5;-0.12499999999999984;0.50000000000000034;0.87499999999999992;0.26666666666666688
0;0.91;0.30687886163445544;0.39474721567344984;0;-0.39474721567344923;0.30687886163445555;0;0.5;-0.12499999999999985;0.50000000000000031;0.87499999999999993;0.26666666666666687
1;0.91;-0.30687886163445544;-0.39474721567344984;0;0.39474721567344923;-0.30687886163445555;0;0.5;-0.12499999999999985;0.50000000000000031;0.87499999999999993;0.26666666666666687
0;0.92;0.30291617775114155;0.39779616546246294;0;-0.39779616546246227;0.30291617775114166;0;0.5;-0.12499999999999987;0.50000000000000028;0.87499999999999995;0.26666666666666687
1;0.92;-0.30291617775114155;-0.39779616546246294;0;0.39779616546246227;-0.30291617775114166;0;0.5;-0.12499999999999987;0.50000000000000028;0.87499999999999995;0.26666666666666687
0;0.93;0.29892320351215285;0.40080533729234752;0;-0.4008053372923468;0.29892320351215296;0;0.5;-0.12499999999999985;0.5000000000000003;0.87499999999999995;0.26666666666666689
1;0.93;-0.29892320351215285;-0.40080533729234752;0;0.4008053372923468;-0.29892320351215296;0;0.5;-0.12499999999999985;0.5000000000000003;0.87499999999999995;0.26666666666666689
0;0.94;0.29490033819827643;0.40377443025845827;0;-0.40377443025845755;0.29490033819827655;0;0.5;-0.12499999999999985;0.50000000000000029;0.87499999999999996;0.26666666666666689
1;0.94;-0.29490033819827643;-0.40377443025845827;0;0.40377443025845755;-0.29490033819827655;0;0.5;-0.12499999999999985;0.50000000000000029;0.87499999999999996;0.26666666666666689
0;0.95;0.29084798407928247;0.40670314746386937;0;-0.40670314746386865;0.29084798407928258;0;0.5;-0.12499999999999984;0.50000000000000034;0.87499999999999994;0.2666666666666669
1;0.95;-0.29084798407928247;-0.40670314746386937;0;0.40670314746386865;-0.29084798407928258;0;0.5;-0.12499999999999984;0.50000000000000034;0.87499999999999994;0.2666666666666669
0;0.96;0.28676654637369869;0.40959119604906274;0;-0.40959119604906202;0.28676654637369881;0;0.5;-0.12499999999999984;0.50000000000000034;0.87499999999999994;0.26666666666666691
1;0.96;-0.28676654637369869;-0.40959119604906274;0;0.40959119604906202;-0.28676654637369881;0;0.5;-0.12499999999999984;0.50000000000000034;0.87499999999999994;0.26666666666666691
0;0.97;0.28265643320829037;0.4124382872212129;0;-0.41243828722121217;0.28265643320829048;0;0.5;-0.12499999999999985;0.50000000000000031;0.87499999999999995;0.2666666666666669
1;0.97;-0.28265643320829037;-0.4124382872212129;0;0.41243828722121217;-0.28265643320829048;0;0.5;-0.12499999999999985;0.50000000000000031;0.87499999999999995;0.2666666666666669
0;0.98;0.27851805557724924;0.41524413628306506;0;-0.41524413628306434;0.27851805557724935;0;0.5;-0.12499999999999986;0.50000000000000026;0.87499999999999997;0.26666666666666688
1;0.98;-0.27851805557724924;-0.41524413628306506;0;0.41524413628306434;-0.27851805557724935;0;0.5;-0.12499999999999986;0.50000000000000026;0.87499999999999997;0.26666666666666688
0;0.99;0.27435182730109586;0.41800846266140362;0;-0.4180084626614029;0.27435182730109597;0;0.5;-0.12499999999999988;0.50000000000000025;0.87499999999999997;0.26666666666666688
1;0.99;-0.27435182730109586;-0.41800846266140362;0;0.4180084626614029;-0.27435182730109597;0;0.5;-0.12499999999999988;0.50000000000000025;0.87499999999999997;0.26666666666666688
0;1;0.27015816498529927;0.42073098993510832;0;-0.4207309899351076;0.27015816498529938;0;0.5;-0.12499999999999988;0.50000000000000025;0.87499999999999997;0.26666666666666688
1;1;-0.27015816498529927;-0.42073098993510832;0;0.4207309899351076;-0.27015816498529938;0;0.5;-0.12499999999999988;0.50000000000000025;0.87499999999999997;0.26666666666666688
0;1.01;0.26593748797861816;0.42341144586279517;0;-0.42341144586279444;0.26593748797861827;0;0.5;-0.12499999999999988;0.50000000000000025;0.87499999999999998;0.26666666666666688
1;1.01;-0.26593748797861816;-0.42341144586279517;0;0.42341144586279444;-0.26593748797861827;0;0.5;-0.12499999999999988;0.50000000000000025;0.87499999999999998;0.26666666666666688
0;1.02;0.26169021833116773;0.42604956241003955;0;-0.42604956241003883;0.26169021833116785;0;0.5;-0.12499999999999984;0.50000000000000029;0.87499999999999996;0.2666666666666669
1;1.02;-0.26169021833116773;-0.42604956241003955;0;0.42604956241003883;-0.26169021833116785;0;0.5;-0.12499999999999984;0.50000000000000029;0.87499999999999996;0.2666666666666669
0;1.03;0.25741678075221647;0.42864507577617844;0;-0.42864507577617766;0.25741678075221658;0;0.5;-0.12499999999999986;0.50000000000000027;0.87499999999999997;0.26666666666666691
1;1.03;-0.25741678075221647;-0.42864507577617844;0;0.42864507577617766;-0.25741678075221658;0;0.5;-0.12499999999999986;0.50000000000000027;0.87499999999999997;0.26666666666666691
0;1.04;0.25311760256771698;0.43119772642068943;0;-0.4311977264206886;0.25311760256771715;0;0.5;-0.12499999999999986;0.50000000000000028;0.87499999999999998;0.26666666666666691
1;1.04;-0.25311760256771698;-0.43119772642068943;0;0.4311977264206886;-0.25311760256771715;0;0.5;-0.12499999999999986;0.50000000000000028;0.87499999999999998;0.26666666666666691
0;1.05;0.24879311367757526;0.43370725908914365;0;-0.43370725908914282;0.24879311367757542;0;0.5;-0.12499999999999985;0.50000000000000028;0.87499999999999997;0.26666666666666692
1;1.05;-0.24879311367757526;-0.43370725908914365;0;0.43370725908914282;-0.24879311367757542;0;0.5;-0.12499999999999985;0.50000000000000028;0.87499999999999997;0.26666666666666692
0;1.06;0.24444374651266226;0.43617342283873028;0;-0.4361734228387294;0.24444374651266243;0;0.5;-0.12499999999999987;0.50000000000000028;0.87499999999999998;0.26666666666666693
1;1.06;-0.24444374651266226;-0.43617342283873028;0;0.4361734228387294;-0.24444374651266243;0;0.5;-0.12499999999999987;0.50000000000000028;0.87499999999999998;0.26666666666666693
0;1.07;0.24006993599157289;0.43859597106334958;0;-0.43859597106334869;0.24006993599157306;0;0.5;-0.12499999999999987;0.50000000000000027;0.87499999999999999;0.26666666666666693
1;1.07;-0.24006993599157289;-0.43859597106334958;0;0.43859597106334869;-0.24006993599157306;0;0.5;-0.12499999999999987;0.50000000000000027;0.87499999999999999;0.26666666666666693
0;1.08;0.23567211947713573;0.44097466151827264;0;-0.44097466151827175;0.2356721194771359;0;0.5;-0.12499999999999988;0.50000000000000022;0.87500000000000001;0.26666666666666691
1;1.08;-0.23567211947713573;-0.44097466151827264;0;0.44097466151827175;-0.2356721194771359;0;0.5;-0.12499999999999988;0.50000000000000022;0.87500000000000001;0.26666666666666691
0;1.09;0.23125073673267876;0.4433092563443648;0;-0.44330925634436391;0.23125073673267893;0;0.5;-0.12499999999999992;0.50000000000000018;0.87500000000000002;0.2666666666666669
1;1.09;-0.23125073673267876;-0.4433092563443648;0;0.44330925634436391;-0.23125073673267893;0;0.5;-0.12499999999999992;0.50000000000000018;0.87500000000000002;0.2666666666666669
0;1.1;0.22680622987805471;0.44559952209187059;0;-0.4455995220918697;0.22680622987805488;0;0.5;-0.12499999999999991;0.50000000000000021;0.87500000000000001;0.26666666666666691
1;1.1;-0.22680622987805471;-0.44559952209187059;0;0.4455995220918697;-0.22680622987805488;0;0.5;-0.12499999999999991;0.50000000000000021;0.87500000000000001;0.26666666666666691
0;1.11;0.222339043345431;0.44784522974375757;0;-0.44784522974375668;0.2223390433454312;0;0.5;-0.12499999999999992;0.50000000000000018;0.87500000000000002;0.2666666666666669
1;1.11;-0.222339043345431;-0.44784522974375757;0;0.44784522974375668;-0.2223390433454312;0;0.5;-0.12499999999999992;0.50000000000000018;0.87500000000000002;0.2666666666666669
0;1.12;0.2178496238348484;0.45004615473861737;0;-0.45004615473861642;0.2178496238348486;0;0.5;-0.1249999999999999;0.50000000000000019;0.87500000000000003;0.26666666666666692
1;1.12;-0.2178496238348484;-0.45004615473861737;0;0.45004615473861642;-0.2178496238348486;0;0.5;-0.1249999999999999;0.50000000000000019;0.87500000000000003;0.26666666666666692
0;1.13;0.21333842026955277;0.45220207699312059;0;-0.45220207699311965;0.21333842026955296;0;0.5;-0.12499999999999989;0.50000000000000021;0.87500000000000002;0.26666666666666693
1;1.13;-0.21333842026955277;-0.45220207699312059;0;0.45220207699311965;-0.21333842026955296;0;0.5;-0.12499999999999989;0.50000000000000021;0.87500000000000002;0.26666666666666693
0;1.14;0.2088058837511047;0.45431278092402444;0;-0.4543127809240235;0.2088058837511049;0;0.5;-0.1249999999999999;0.50000000000000018;0.87500000000000003;0.26666666666666692
1;1.14;-0.2088058837511047;-0.45431278092402444;0;0.4543127809240235;-0.2088058837511049;0;0.5;-0.1249999999999999;0.50000000000000018;0.87500000000000003;0.26666666666666692
0;1.15;0.20425246751427126;0.45637805546973009;0;-0.45637805546972915;0.20425246751427145;0;0.5;-0.12499999999999993;0.50000000000000016;0.87500000000000004;0.26666666666666691
1;1.15;-0.20425246751427126;-0.45637805546973009;0;0.45637805546972915;-0.20425246751427145;0;0.5;-0.12499999999999993;0.50000000000000016;0.87500000000000004;0.26666666666666691
0;1.16;0.19967862688170429;0.45839769411138798;0;-0.45839769411138703;0.19967862688170449;0;0.5;-0.12499999999999989;0.50000000000000021;0.87500000000000002;0.26666666666666693
1;1.16;-0.19967862688170429;-0.45839769411138798;0;0.45839769411138703;-0.19967862688170449;0;0.5;-0.12499999999999989;0.50000000000000021;0.87500000000000002;0.26666666666666693
0;1.17;0.19508481921841014;0.46037149489354867;0;-0.46037149489354773;0.19508481921841034;0;0.5;-0.12499999999999993;0.50000000000000016;0.87500000000000004;0.26666666666666692
1;1.17;-0.19508481921841014;-0.46037149489354867;0;0.46037149489354773;-0.19508481921841034;0;0.5;-0.12499999999999993;0.50000000000000016;0.87500000000000004;0.26666666666666692
0;1.18;0.19047150388601505;0.46229926044435787;0;-0.46229926044435693;0.19047150388601525;0;0.5;-0.12499999999999993;0.50000000000000016;0.87500000000000004;0.26666666666666692
1;1.18;-0.19047150388601505;-0.46229926044435787;0;0.46229926044435693;-0.19047150388601525;0;0.5;-0.12499999999999993;0.50000000000000016;0.87500000000000004;0.26666666666666692
0;1.19;0.1858391421968309;0.46418079799529249;0;-0.46418079799529155;0.18583914219683109;0;0.5;-0.12499999999999993;0.50000000000000014;0.87500000000000005;0.26666666666666691
1;1.19;-0.1858391421968309;-0.46418079799529249;0;0.46418079799529155;-0.18583914219683109;0;0.5;-0.12499999999999993;0.50000000000000014;0.87500000000000005;0.26666666666666691
0;1.2;0.18118819736772585;0.46601591940043691;0;-0.46601591940043596;0.18118819736772604;0;0.5;-0.12499999999999993;0.50000000000000015;0.87500000000000004;0.26666666666666692
1;1.2;-0.18118819736772585;-0.46601591940043691;0;0.46601591940043596;-0.18118819736772604;0;0.5;-0.12499999999999993;0.50000000000000015;0.87500000000000004;0.26666666666666692
0;1.21;0.17651913447380463;0.46780444115529662;0;-0.46780444115529562;0.17651913447380482;0;0.5;-0.12499999999999994;0.50000000000000014;0.87500000000000006;0.26666666666666693
1;1.21;-0.17651913447380463;-0.46780444115529662;0;0.46780444115529562;-0.17651913447380482;0;0.5;-0.12499999999999994;0.50000000000000014;0.87500000000000006;0.26666666666666693
0;1.22;0.17183242040190302;0.469546184415148;0;-0.46954618441514701;0.17183242040190322;0;0.5;-0.12499999999999991;0.50000000000000016;0.87500000000000005;0.26666666666666694
1;1.22;-0.17183242040190302;-0.469546184415148;0;0.46954618441514701;-0.17183242040190322;0;0.5;-0.12499999999999991;0.50000000000000016;0.87500000000000005;0.26666666666666694
0;1.23;0.167128523803901;0.47124097501292206;0;-0.47124097501292106;0.1671285238039012;0;0.5;-0.1249999999999999;0.5000000000000002;0.87500000000000004;0.26666666666666695
1;1.23;-0.167128523803901;-0.47124097501292206;0;0.47124097501292106;-0.1671285238039012;0;0.5;-0.1249999999999999;0.5000000000000002;0.87500000000000004;0.26666666666666695
0;1.24;0.16240791504985957;0.47288864347662035;0;-0.47288864347661935;0.1624079150498598;0;0.5;-0.12499999999999989;0.50000000000000024;0.87500000000000002;0.26666666666666696
1;1.24;-0.16240791504985957;-0.47288864347662035;0;0.47288864347661935;-0.1624079150498598;0;0.5;-0.12499999999999989;0.50000000000000024;0.87500000000000002;0.26666666666666696
0;1.25;0.15767106618098575;0.4744890250462615;0;-0.4744890250462605;0.15767106618098597;0;0.5;-0.12499999999999988;0.50000000000000025;0.87500000000000002;0.26666666666666697
1;1.25;-0.15767106618098575;-0.4744890250462615;0;0.4744890250462605;-0.15767106618098597;0;0.5;-0.12499999999999988;0.50000000000000025;0.87500000000000002;0.26666666666666697
0;1.26;0.15291845086243033;0.47604195969035656;0;-0.47604195969035557;0.15291845086243055;0;0.5;-0.12499999999999985;0.50000000000000028;0.875;0.26666666666666698
1;1.26;-0.15291845086243033;-0.47604195969035656;0;0.47604195969035557;-0.15291845086243055;0;0.5;-0.12499999999999985;0.50000000000000028;0.875;0.26666666666666698
0;1.27;0.1481505443359234;0.47754729212191138;0;-0.47754729212191038;0.14815054433592362;0;0.5;-0.12499999999999988;0.50000000000000025;0.87500000000000002;0.26666666666666697
1;1.27;-0.1481505443359234;-0.47754729212191138;0;0.47754729212191038;-0.14815054433592362;0;0.5;-0.12499999999999988;0.50000000000000025;0.87500000000000002;0.26666666666666697
0;1.28;0.1433678233722521;0.47900487181395485;0;-0.47900487181395385;0.14336782337225235;0;0.5;-0.12499999999999984;0.50000000000000029;0.875;0.26666666666666698
1;1.28;-0.1433678233722521;-0.47900487181395485;0;0.47900487181395385;-0.14336782337225235;0;0.5;-0.12499999999999984;0.50000000000000029;0.875;0.26666666666666698
0;1.29;0.13857076622358561;0.48041455301459068;0;-0.48041455301458968;0.13857076622358588;0;0.5;-0.12499999999999988;0.50000000000000027;0.87500000000000001;0.26666666666666697
1;1.29;-0.13857076622358561;-0.48041455301459068;0;0.48041455301458968;-0.13857076622358588;0;0.5;-0.12499999999999988;0.50000000000000027;0.87500000000000001;0.26666666666666697
0;1.3;0.13375985257565187;0.4817761947615723;0;-0.4817761947615713;0.13375985257565215;0;0.5;-0.12499999999999988;0.50000000000000024;0.87500000000000002;0.26666666666666696
1;1.3;-0.13375985257565187;-0.4817761947615723;0;0.4817761947615713;-0.13375985257565215;0;0.5;-0.12499999999999988;0.50000000000000024;0.87500000000000002;0.26666666666666696
0;1.31;0.12893556349977101;0.48308966089639827;0;-0.48308966089639727;0.12893556349977128;0;0.5;-0.12499999999999989;0.5000000000000002;0.87500000000000004;0.26666666666666695
1;1.31;-0.12893556349977101;-0.48308966089639827;0;0.48308966089639727;-0.12893556349977128;0;0.5;-0.12499999999999989;0.5000000000000002;0.87500000000000004;0.26666666666666695
0;1.32;0.12409838140475017;0.48435482007792768;0;-0.48435482007792668;0.12409838140475046;0;0.5;-0.1249999999999999;0.50000000000000019;0.87500000000000004;0.26666666666666695
1;1.32;-0.12409838140475017;-0.48435482007792768;0;0.48435482007792668;-0.12409838140475046;0;0.5;-0.1249999999999999;0.50000000000000019;0.87500000000000004;0.26666666666666695
0;1.33;0.11924878998864477;0.4855715457955137;0;-0.48557154579551265;0.11924878998864508;0;0.5;-0.12499999999999991;0.50000000000000018;0.87500000000000005;0.26666666666666696
1;1.33;-0.11924878998864477;-0.4855715457955137;0;0.48557154579551265;-0.11924878998864508;0;0.5;-0.12499999999999991;0.50000000000000018;0.87500000000000005;0.26666666666666696
0;1.34;0.11438727419039059;0.48673971638165398;0;-0.48673971638165292;0.11438727419039091;0;0.5;-0.12499999999999992;0.50000000000000014;0.87500000000000007;0.26666666666666695
1;1.34;-0.11438727419039059;-0.48673971638165398;0;0.48673971638165292;-0.11438727419039091;0;0.5;-0.12499999999999992;0.50000000000000014;0.87500000000000007;0.26666666666666695
0;1.35;0.10951432014131195;0.48785921502415713;0;-0.48785921502415608;0.10951432014131228;0;0.5;-0.12499999999999992;0.50000000000000014;0.87500000000000007;0.26666666666666695
1;1.35;-0.10951432014131195;-0.48785921502415713;0;0.48785921502415608;-0.10951432014131228;0;0.5;-0.12499999999999992;0.50000000000000014;0.87500000000000007;0.26666666666666695
0;1.36;0.1046304151165106;0.48892992977782329;0;-0.48892992977782224;0.10463041511651093;0;0.5;-0.12499999999999995;0.50000000000000013;0.87500000000000007;0.26666666666666695
1;1.36;-0.1046304151165106;-0.48892992977782329;0;0.48892992977782224;-0.10463041511651093;0;0.5;-0.12499999999999995;0.50000000000000013;0.87500000000000007;0.26666666666666695
0;1.37;0.09973604748614022;0.48995175357563825;0;-0.48995175357563719;0.099736047486140553;0;0.5;-0.12499999999999991;0.50000000000000016;0.87500000000000006;0.26666666666666696
1;1.37;-0.09973604748614022;-0.48995175357563825;0;0.48995175357563719;-0.099736047486140553;0;0.5;-0.12499999999999991;0.50000000000000016;0.87500000000000006;0.26666666666666696
0;1.38;0.094831706666571466;0.4909245842394796;0;-0.49092458423947855;0.094831706666571813;0;0.5;-0.12499999999999992;0.50000000000000014;0.87500000000000007;0.26666666666666695
1;1.38;-0.094831706666571466;-0.4909245842394796;0;0.49092458423947855;-0.094831706666571813;0;0.5;-0.12499999999999992;0.50000000000000014;0.87500000000000007;0.26666666666666695
0;1.39;0.089917883071452362;0.49184832449033428;0;-0.49184832449033322;0.089917883071452723;0;0.5;-0.12499999999999995;0.50000000000000011;0.87500000000000008;0.26666666666666694
1;1.39;-0.089917883071452362;-0.49184832449033428;0;0.49184832449033322;-0.089917883071452723;0;0.5;-0.12499999999999995;0.50000000000000011;0.87500000000000008;0.26666666666666694
0;1.4;0.084995068062668974;0.49272288195802599;0;-0.49272288195802494;0.084995068062669349;0;0.5;-0.12499999999999995;0.50000000000000012;0.87500000000000008;0.26666666666666695
1;1.4;-0.084995068062668974;-0.49272288195802599;0;0.49272288195802494;-0.084995068062669349;0;0.5;-0.12499999999999995;0.50000000000000012;0.87500000000000008;0.26666666666666695
0;1.41;0.080063753901211274;0.4935481691904518;0;-0.49354816919045075;0.080063753901211648;0;0.5;-0.12499999999999994;0.50000000000000014;0.87500000000000007;0.26666666666666696
1;1.41;-0.080063753901211274;-0.4935481691904518;0;0.49354816919045075;-0.080063753901211648;0;0.5;-0.12499999999999994;0.50000000000000014;0.87500000000000007;0.26666666666666696
0;1.42;0.075124433697949078;0.49432410366232699;0;-0.49432410366232593;0.075124433697949466;0;0.5;-0.12499999999999995;0.5000000000000001;0.87500000000000009;0.26666666666666694
1;1.42;-0.075124433697949078;-0.49432410366232699;0;0.49432410366232593;-0.075124433697949466;0;0.5;-0.12499999999999995;0.5000000000000001;0.87500000000000009;0.26666666666666694
0;1.43;0.07017760136432305;0.49505060778343735;0;-0.49505060778343629;0.070177601364323439;0;0.5;-0.12499999999999995;0.50000000000000012;0.87500000000000008;0.26666666666666695
1;1.43;-0.07017760136432305;-0.49505060778343735;0;0.49505060778343629;-0.070177601364323439;0;0.5;-0.12499999999999995;0.50000000000000012;0.87500000000000008;0.26666666666666695
0;1.44;0.065223751562955568;0.49572760890639772;0;-0.49572760890639667;0.065223751562955956;0;0.5;-0.12499999999999994;0.50000000000000013;0.87500000000000008;0.26666666666666696
1;1.44;-0.065223751562955568;-0.49572760890639772;0;0.49572760890639667;-0.065223751562955956;0;0.5;-0.12499999999999994;0.50000000000000013;0.87500000000000008;0.26666666666666696
0;1.45;0.060263379658186546;0.49635503933391656;0;-0.4963550393339155;0.060263379658186941;0;0.5;-0.1249999999999999;0.50000000000000017;0.87500000000000006;0.26666666666666697
1;1.45;-0.060263379658186546;-0.49635503933391656;0;0.4963550393339155;-0.060263379658186941;0;0.5;-0.1249999999999999;0.50000000000000017;0.87500000000000006;0.26666666666666697
0;1.46;0.055296981666539076;0.49693283632556529;0;-0.49693283632556418;0.055296981666539478;0;0.5;-0.12499999999999991;0.50000000000000017;0.87500000000000007;0.26666666666666699
1;1.46;-0.055296981666539076;-0.49693283632556529;0;0.49693283632556418;-0.055296981666539478;0;0.5;-0.12499999999999991;0.50000000000000017;0.87500000000000007;0.26666666666666699
0;1.47;0.050325054207119829;0.49746094210405212;0;-0.49746094210405101;0.050325054207120239;0;0.5;-0.1249999999999999;0.50000000000000022;0.87500000000000005;0.266666666666667
1;1.47;-0.050325054207119829;-0.49746094210405212;0;0.49746094210405101;-0.050325054207120239;0;0.5;-0.1249999999999999;0.50000000000000022;0.87500000000000005;0.266666666666667
0;1.48;0.045348094451959212;0.49793930386099955;0;-0.49793930386099844;0.045348094451959628;0;0.5;-0.12499999999999987;0.50000000000000024;0.87500000000000004;0.26666666666666701
1;1.48;-0.045348094451959212;-0.49793930386099955;0;0.49793930386099844;-0.045348094451959628;0;0.5;-0.12499999999999987;0.50000000000000024;0.87500000000000004;0.26666666666666701
0;1.49;0.040366600076296229;0.49836787376222497;0;-0.49836787376222386;0.040366600076296659;0;0.5;-0.1249999999999999;0.50000000000000021;0.87500000000000006;0.266666666666667
1;1.49;-0.040366600076296229;-0.49836787376222497;0;0.49836787376222386;-0.040366600076296659;0;0.5;-0.1249999999999999;0.50000000000000021;0.87500000000000006;0.266666666666667
0;1.5;0.035381069208813058;0.49874660895252393;0;-0.49874660895252282;0.035381069208813495;0;0.5;-0.1249999999999999;0.50000000000000021;0.87500000000000006;0.266666666666667
1;1.5;-0.035381069208813058;-0.49874660895252393;0;0.49874660895252282;-0.035381069208813495;0;0.5;-0.1249999999999999;0.50000000000000021;0.87500000000000006;0.266666666666667
0;1.51;0.030392000381824231;0.49907547155995541;0;-0.4990754715599543;0.030392000381824678;0;0.5;-0.12499999999999989;0.50000000000000025;0.87500000000000004;0.26666666666666701
1;1.51;-0.030392000381824231;-0.49907547155995541;0;0.4990754715599543;-0.030392000381824678;0;0.5;-0.12499999999999989;0.50000000000000025;0.87500000000000004;0.26666666666666701
0;1.52;0.02539989248142549;0.49935442869962882;0;-0.49935442869962771;0.025399892481425948;0;0.5;-0.12499999999999989;0.50000000000000022;0.87500000000000005;0.26666666666666701
1;1.52;-0.02539989248142549;-0.49935442869962882;0;0.49935442869962771;-0.025399892481425948;0;0.5;-0.12499999999999989;0.50000000000000022;0.87500000000000005;0.26666666666666701
0;1.53;0.02040524469760726;0.49958345247699248;0;-0.49958345247699137;0.020405244697607728;0;0.5;-0.1249999999999999;0.50000000000000018;0.87500000000000007;0.266666666666667
1;1.53;-0.02040524469760726;-0.49958345247699248;0;0.49958345247699137;-0.020405244697607728;0;0.5;-0.1249999999999999;0.50000000000000018;0.87500000000000007;0.266666666666667
0;1.54;0.01540855647433772;0.49976251999062293;0;-0.49976251999062182;0.015408556474338198;0;0.5;-0.1249999999999999;0.50000000000000019;0.87500000000000007;0.266666666666667
1;1.54;-0.01540855647433772;-0.49976251999062293;0;0.49976251999062182;-0.015408556474338198;0;0.5;-0.1249999999999999;0.50000000000000019;0.87500000000000007;0.266666666666667
0;1.55;0.010410327459620498;0.49989161333451487;0;-0.49989161333451376;0.010410327459620984;0;0.5;-0.12499999999999989;0.50000000000000021;0.87500000000000006;0.26666666666666701
1;1.55;-0.010410327459620498;-0.49989161333451487;0;0.49989161333451376;-0.010410327459620984;0;0.5;-0.12499999999999989;0.50000000000000021;0.87500000000000006;0.26666666666666701
0;1.56;0.0054110574555319441;0.49997071959987177;0;-0.49997071959987066;0.0054110574555324385;0;0.5;-0.12499999999999989;0.50000000000000024;0.87500000000000005;0.26666666666666702
1;1.56;-0.0054110574555319441;-0.49997071959987177;0;0.49997071959987066;-0.0054110574555324385;0;0.5;-0.12499999999999989;0.50000000000000024;0.87500000000000005;0.26666666666666702
0;1.57;0.00041124636824300709;0.49999983087639666;0;-0.49999983087639555;0.00041124636824351043;0;0.5;-0.1249999999999999;0.50000000000000019;0.87500000000000007;0.266666666666667
1;1.57;-0.00041124636824300709;-0.49999983087639666;0;0.49999983087639555;-0.00041124636824351043;0;0.5;-0.1249999999999999;0.50000000000000019;0.87500000000000007;0.266666666666667
0;1.58;-0.0045886058419692963;0.4999789442530832;0;-0.49997894425308209;-0.0045886058419687837;0;0.5;-0.12499999999999993;0.50000000000000015;0.87500000000000008;0.26666666666666699
1;1.58;0.0045886058419692963;-0.4999789442530832;0;0.49997894425308209;0.0045886058419687837;0;0.5;-0.12499999999999993;0.50000000000000015;0.87500000000000008;0.26666666666666699
0;1.59;-0.0095879992107158283;0.49990806181850672;0;-0.49990806181850561;-0.0095879992107153079;0;0.5;-0.12499999999999994;0.50000000000000013;0.87500000000000009;0.26666666666666699
1;1.59;0.0095879992107158283;-0.49990806181850672;0;0.49990806181850561;0.0095879992107153079;0;0.5;-0.12499999999999994;0.50000000000000013;0.87500000000000009;0.26666666666666699
0;1.6;-0.014586433819489687;0.49978719066061533;0;-0.49978719066061422;-0.014586433819489158;0;0.5;-0.12499999999999994;0.5000000000000001;0.8750000000000001;0.26666666666666698
1;1.6;0.014586433819489687;-0.49978719066061533;0;0.49978719066061422;0.014586433819489158;0;0.5;-0.12499999999999994;0.5000000000000001;0.8750000000000001;0.26666666666666698
0;1.61;-0.019583409845655975;0.49961634286602125;0;-0.49961634286602014;-0.019583409845655438;0;0.5;-0.12499999999999993;0.50000000000000014;0.87500000000000009;0.26666666666666699
1;1.61;0.019583409845655975;-0.49961634286602125;0;0.49961634286602014;0.019583409845655438;0;0.5;-0.12499999999999993;0.50000000000000014;0.87500000000000009;0.26666666666666699
0;1.62;-0.024578427612431973;0.49939553551879201;0;-0.4993955355187909;-0.024578427612431428;0;0.5;-0.12499999999999994;0.50000000000000009;0.87500000000000011;0.26666666666666698
1;1.62;0.024578427612431973;-0.49939553551879201;0;0.4993955355187909;0.024578427612431428;0;0.5;-0.12499999999999994;0.50000000000000009;0.87500000000000011;0.26666666666666698
0;1.63;-0.029570987638852748;0.49912479069874244;0;-0.49912479069874133;-0.029570987638852193;0;0.5;-0.12499999999999994;0.50000000000000011;0.8750000000000001;0.26666666666666699
1;1.63;0.029570987638852748;-0.49912479069874244;0;0.49912479069874133;0.029570987638852193;0;0.5;-0.12499999999999994;0.50000000000000011;0.8750000000000001;0.26666666666666699
0;1.64;-0.034560590689717161;0.49880413547922642;0;-0.49880413547922531;-0.034560590689716592;0;0.5;-0.12499999999999994;0.50000000000000011;0.8750000000000001;0.26666666666666699
1;1.64;0.034560590689717161;-0.49880413547922642;0;0.49880413547922531;0.034560590689716592;0;0.5;-0.12499999999999994;0.50000000000000011;0.8750000000000001;0.26666666666666699
0;1.65;-0.039546737825509298;0.49843360192442993;0;-0.49843360192442882;-0.039546737825508722;0;0.5;-0.12499999999999993;0.50000000000000013;0.87500000000000009;0.266666666666667
1;1.65;0.039546737825509298;-0.49843360192442993;0;0.49843360192442882;0.039546737825508722;0;0.5;-0.12499999999999993;0.50000000000000013;0.87500000000000009;0.266666666666667
0;1.66;-0.044528930452290373;0.49801322708616458;0;-0.49801322708616347;-0.044528930452289783;0;0.5;-0.12499999999999993;0.50000000000000012;0.8750000000000001;0.26666666666666699
1;1.66;0.044528930452290373;-0.49801322708616458;0;0.49801322708616347;0.044528930452289783;0;0.5;-0.12499999999999993;0.50000000000000012;0.8750000000000001;0.26666666666666699
0;1.67;-0.049506670371556004;0.49754305300016272;0;-0.49754305300016161;-0.049506670371555407;0;0.5;-0.12499999999999996;0.50000000000000009;0.87500000000000011;0.26666666666666699
1;1.67;0.049506670371556004;-0.49754305300016272;0;0.49754305300016161;0.049506670371555407;0;0.5;-0.12499999999999996;0.50000000000000009;0.87500000000000011;0.26666666666666699
0;1.68;-0.054479459830054019;0.49702312668187398;0;-0.49702312668187287;-0.054479459830053416;0;0.5;-0.12499999999999997;0.50000000000000008;0.87500000000000012;0.26666666666666698
1;1.68;0.054479459830054019;-0.49702312668187398;0;0.49702312668187287;0.054479459830053416;0;0.5;-0.12499999999999997;0.50000000000000008;0.87500000000000012;0.26666666666666698
0;1.69;-0.0594468015695577;0.49645350012176392;0;-0.49645350012176281;-0.059446801569557089;0;0.5;-0.12499999999999997;0.50000000000000007;0.87500000000000012;0.26666666666666698
1;1.69;0.0594468015695577;-0.49645350012176392;0;0.49645350012176281;0.059446801569557089;0;0.5;-0.12499999999999997;0.50000000000000007;0.87500000000000012;0.26666666666666698
0;1.7;-0.064408198876589523;0.4958342302801152;0;-0.49583423028011409;-0.064408198876588912;0;0.5;-0.12499999999999997;0.50000000000000005;0.87500000000000013;0.26666666666666697
1;1.7;0.064408198876589523;-0.4958342302801152;0;0.49583423028011409;0.064408198876588912;0;0.5;-0.12499999999999997;0.50000000000000005;0.87500000000000013;0.26666666666666697
0;1.71;-0.069363155632090445;0.49516537908133179;0;-0.49516537908133068;-0.069363155632089835;0;0.5;-0.12499999999999997;0.50000000000000005;0.87500000000000013;0.26666666666666698
1;1.71;0.069363155632090445;-0.49516537908133179;0;0.49516537908133068;0.069363155632089835;0;0.5;-0.12499999999999997;0.50000000000000005;0.87500000000000013;0.26666666666666698
0;1.72;-0.074311176361029754;0.49444701340774683;0;-0.49444701340774572;-0.07431117636102913;0;0.5;-0.12499999999999996;0.50000000000000009;0.87500000000000012;0.26666666666666699
1;1.72;0.074311176361029754;-0.49444701340774683;0;0.49444701340774572;0.07431117636102913;0;0.5;-0.12499999999999996;0.50000000000000009;0.87500000000000012;0.26666666666666699
0;1.73;-0.079251766281950478;0.49367920509293456;0;-0.49367920509293345;-0.07925176628194984;0;0.5;-0.12499999999999995;0.50000000000000009;0.87500000000000011;0.26666666666666699
1;1.73;0.079251766281950478;-0.49367920509293456;0;0.49367920509293345;0.07925176628194984;0;0.5;-0.12499999999999995;0.50000000000000009;0.87500000000000011;0.26666666666666699
0;1.74;-0.084184431356445488;0.4928620309145274;0;-0.49286203091452629;-0.084184431356444836;0;0.5;-0.12499999999999995;0.50000000000000009;0.87500000000000011;0.266666666666667
1;1.74;0.084184431356445488;-0.4928620309145274;0;0.49286203091452629;0.084184431356444836;0;0.5;-0.12499999999999995;0.50000000000000009;0.87500000000000011;0.266666666666667
0;1.75;-0.089108678338559288;0.49199557258653848;0;-0.49199557258653737;-0.089108678338558622;0;0.5;-0.12499999999999994;0.50000000000000014;0.8750000000000001;0.26666666666666701
1;1.75;0.089108678338559288;-0.49199557258653848;0;0.49199557258653737;0.089108678338558622;0;0.5;-0.12499999999999994;0.50000000000000014;0.8750000000000001;0.26666666666666701
0;1.76;-0.094024014824110547;0.49107991675119045;0;-0.49107991675118934;-0.094024014824109867;0;0.5;-0.1249999999999999;0.50000000000000018;0.87500000000000008;0.26666666666666703
1;1.76;0.094024014824110547;-0.49107991675119045;0;0.49107991675118934;0.094024014824109867;0;0.5;-0.1249999999999999;0.50000000000000018;0.87500000000000008;0.26666666666666703
0;1.77;-0.098929949299930445;0.49011515497025177;0;-0.49011515497025065;-0.098929949299929765;0;0.5;-0.12499999999999989;0.5000000000000002;0.87500000000000008;0.26666666666666704
1;1.77;0.098929949299930445;-0.49011515497025177;0;0.49011515497025065;0.098929949299929765;0;0.5;-0.12499999999999989;0.5000000000000002;0.87500000000000008;0.26666666666666704
0;1.78;-0.10382599119301199;0.48910138371588086;0;-0.48910138371587975;-0.10382599119301129;0;0.5;-0.12499999999999989;0.50000000000000022;0.87500000000000007;0.26666666666666704
1;1.78;0.10382599119301199;-0.48910138371588086;0;0.48910138371587975;0.10382599119301129;0;0.5;-0.12499999999999989;0.50000000000000022;0.87500000000000007;0.26666666666666704
0;1.79;-0.10871165091956522;0.48803870436097929;0;-0.48803870436097818;-0.10871165091956451;0;0.5;-0.12499999999999987;0.50000000000000027;0.87500000000000005;0.26666666666666706
1;1.79;0.10871165091956522;-0.48803870436097929;0;0.48803870436097818;0.10871165091956451;0;0.5;-0.12499999999999987;0.50000000000000027;0.87500000000000005;0.26666666666666706
0;1.8;-0.11358643993397359;0.48692722316905485;0;-0.48692722316905374;-0.11358643993397288;0;0.5;-0.12499999999999988;0.50000000000000022;0.87500000000000007;0.26666666666666705
1;1.8;0.11358643993397359;-0.48692722316905485;0;0.48692722316905374;0.11358643993397288;0;0.5;-0.12499999999999988;0.50000000000000022;0.87500000000000007;0.26666666666666705
0;1.81;-0.11844987077764647;0.48576705128359582;0;-0.48576705128359471;-0.11844987077764575;0;0.5;-0.12499999999999987;0.50000000000000027;0.87500000000000006;0.26666666666666706
1;1.81;0.11844987077764647;-0.48576705128359582;0;0.48576705128359471;0.11844987077764575;0;0.5;-0.12499999999999987;0.50000000000000027;0.87500000000000006;0.26666666666666706
0;1.82;-0.12330145712776297;0.48455830471695682;0;-0.48455830471695571;-0.12330145712776225;0;0.5;-0.12499999999999987;0.50000000000000025;0.87500000000000006;0.26666666666666706
1;1.82;0.12330145712776297;-0.48455830471695682;0;0.48455830471695571;0.12330145712776225;0;0.5;-0.12499999999999987;0.50000000000000025;0.87500000000000006;0.26666666666666706
0;1.83;-0.12814071384590223;0.48330110433875834;0;-0.48330110433875723;-0.12814071384590148;0;0.5;-0.12499999999999986;0.50000000000000028;0.87500000000000005;0.26666666666666707
1;1.83;0.12814071384590223;-0.48330110433875834;0;0.48330110433875723;0.12814071384590148;0;0.5;-0.12499999999999986;0.50000000000000028;0.87500000000000005;0.26666666666666707
0;1.84;-0.13296715702655518;0.48199557586380004;0;-0.48199557586379888;-0.1329671570265544;0;0.5;-0.12499999999999988;0.50000000000000027;0.87500000000000006;0.26666666666666709
1;1.84;0.13296715702655518;-0.48199557586380004;0;0.48199557586379888;0.1329671570265544;0;0.5;-0.12499999999999988;0.50000000000000027;0.87500000000000006;0.26666666666666709
0;1.85;-0.13778030404551311;0.48064184983948993;0;-0.48064184983948877;-0.13778030404551234;0;0.5;-0.12499999999999984;0.50000000000000032;0.87500000000000005;0.2666666666666671
1;1.85;0.13778030404551311;-0.48064184983948993;0;0.48064184983948877;0.13778030404551234;0;0.5;-0.12499999999999984;0.50000000000000032;0.87500000000000005;0.2666666666666671
0;1.86;-0.14257967360812815;0.47924006163279015;0;-0.47924006163278898;-0.14257967360812734;0;0.5;-0.12499999999999982;0.50000000000000036;0.87500000000000003;0.26666666666666712
1;1.86;0.14257967360812815;-0.47924006163279015;0;0.47924006163278898;0.14257967360812734;0;0.5;-0.12499999999999982;0.50000000000000036;0.87500000000000003;0.26666666666666712
0;1.87;-0.14736478579744058;0.4777903514166808;0;-0.47779035141667964;-0.14736478579743975;0;0.5;-0.12499999999999981;0.5000000000000004;0.87500000000000002;0.26666666666666713
1;1.87;0.14736478579744058;-0.4777903514166808;0;0.47779035141667964;0.14736478579743975;0;0.5;-0.12499999999999981;0.5000000000000004;0.87500000000000002;0.26666666666666713
0;1.88;-0.15213516212216865;0.47629286415614325;0;-0.47629286415614208;-0.15213516212216779;0;0.5;-0.12499999999999982;0.50000000000000036;0.87500000000000004;0.26666666666666712
1;1.88;0.15213516212216865;-0.47629286415614325;0;0.47629286415614208;0.15213516212216779;0;0.5;-0.12499999999999982;0.50000000000000036;0.87500000000000004;0.26666666666666712
0;1.89;-0.15689032556455565;0.47474774959366434;0;-0.47474774959366317;-0.15689032556455479;0;0.5;-0.12499999999999981;0.50000000000000038;0.87500000000000003;0.26666666666666713
1;1.89;0.15689032556455565;-0.47474774959366434;0;0.47474774959366317;0.15689032556455479;0;0.5;-0.12499999999999981;0.50000000000000038;0.87500000000000003;0.26666666666666713
0;1.9;-0.16162980062806975;0.47315516223426257;0;-0.47315516223426141;-0.16162980062806886;0;0.5;-0.12499999999999979;0.50000000000000043;0.87500000000000001;0.26666666666666715
1;1.9;0.16162980062806975;-0.47315516223426257;0;0.47315516223426141;0.16162980062806886;0;0.5;-0.12499999999999979;0.50000000000000043;0.87500000000000001;0.26666666666666715
0;1.91;-0.1663531133849516;0.47151526133003835;0;-0.47151526133003718;-0.16635311338495071;0;0.5;-0.12499999999999979;0.50000000000000044;0.87500000000000001;0.26666666666666716
1;1.91;0.1663531133849516;-0.47151526133003835;0;0.47151526133003718;0.16635311338495071;0;0.5;-0.12499999999999979;0.50000000000000044;0.87500000000000001;0.26666666666666716
0;1.92;-0.1710597915236052;0.46982821086424947;0;-0.46982821086424831;-0.17105979152360429;0;0.5;-0.12499999999999975;0.50000000000000047;0.875;0.26666666666666717
1;1.92;0.1710597915236052;-0.46982821086424947;0;0.46982821086424831;0.17105979152360429;0;0.5;-0.12499999999999975;0.50000000000000047;0.875;0.26666666666666717
0;1.93;-0.17574936439582708;0.46809417953491339;0;-0.46809417953491222;-0.17574936439582614;0;0.5;-0.12499999999999978;0.50000000000000046;0.875;0.26666666666666717
1;1.93;0.17574936439582708;-0.46809417953491339;0;0.46809417953491222;0.17574936439582614;0;0.5;-0.12499999999999978;0.50000000000000046;0.875;0.26666666666666717
0;1.94;-0.18042136306386911;0.46631334073793823;0;-0.46631334073793707;-0.18042136306386813;0;0.5;-0.12499999999999977;0.50000000000000047;0.875;0.26666666666666718
1;1.94;0.18042136306386911;-0.46631334073793823;0;0.46631334073793707;0.18042136306386813;0;0.5;-0.12499999999999977;0.50000000000000047;0.875;0.26666666666666718
0;1.95;-0.18507532034733035;0.4644858725497838;0;-0.46448587254978263;-0.18507532034732935;0;0.5;-0.12499999999999978;0.50000000000000044;0.87500000000000002;0.26666666666666717
1;1.95;0.18507532034733035;-0.4644858725497838;0;0.46448587254978263;0.18507532034732935;0;0.5;-0.12499999999999978;0.50000000000000044;0.87500000000000002;0.26666666666666717
0;1.96;-0.18971077086987317;0.4626119577096548;0;-0.46261195770965363;-0.18971077086987215;0;0.5;-0.12499999999999977;0.50000000000000045;0.87500000000000001;0.26666666666666718
1;1.96;0.18971077086987317;-0.4626119577096548;0;0.46261195770965363;0.18971077086987215;0;0.5;-0.12499999999999977;0.50000000000000045;0.87500000000000001;0.26666666666666718
0;1.97;-0.19432725110575894;0.46069178360122753;0;-0.46069178360122637;-0.19432725110575791;0;0.5;-0.1249999999999998;0.50000000000000042;0.87500000000000003;0.26666666666666717
1;1.97;0.19432725110575894;-0.46069178360122753;0;0.46069178360122637;0.19432725110575791;0;0.5;-0.1249999999999998;0.50000000000000042;0.87500000000000003;0.26666666666666717
0;1.98;-0.19892429942619863;0.45872554223391249;0;-0.45872554223391132;-0.19892429942619758;0;0.5;-0.1249999999999998;0.50000000000000043;0.87500000000000003;0.26666666666666717
1;1.98;0.19892429942619863;-0.45872554223391249;0;0.45872554223391132;0.19892429942619758;0;0.5;-0.1249999999999998;0.50000000000000043;0.87500000000000003;0.26666666666666717
0;1.99;-0.20350145614551379;0.45671343022365402;0;-0.45671343022365285;-0.20350145614551271;0;0.5;-0.1249999999999998;0.50000000000000041;0.87500000000000003;0.26666666666666717
1;1.99;0.20350145614551379;-0.45671343022365402;0;0.45671343022365285;0.20350145614551271;0;0.5;-0.1249999999999998;0.50000000000000041;0.87500000000000003;0.26666666666666717
0;2;-0.20805826356710322;0.45465564877326969;0;-0.45465564877326853;-0.20805826356710211;0;0.5;-0.1249999999999998;0.5000000000000004;0.87500000000000004;0.26666666666666717
1;2;0.20805826356710322;-0.45465564877326969;0;0.45465564877326853;0.20805826356710211;0;0.5;-0.1249999999999998;0.5000000000000004;0.87500000000000004;0.26666666666666717
