# column style format: id;time;x;y;z;vx;vy;vz;mass;totalEnergy;totalSpecificAngularMomentum;rungeLenzVector;semiMajorAxis
# this file will be overwritten without any precaution
# used integrator was iterierter_hermite
0;0;0.5;0;0;0;0.5;0;0.5;-0.125;0.5;0.875;0.26666666666666667
1;0;-0.5;0;0;0;-0.5;0;0.5;-0.125;0.5;0.875;0.26666666666666667
0;0.1;0.49751037516571567;0.04983399043292501;0;-0.04983399043292501;0.49751037516571567;0;0.5;-0.12499999999999999;0.50000000000000003;0.87499999999999999;0.26666666666666668
1;0.1;-0.49751037516571567;-0.04983399043292501;0;0.04983399043292501;-0.49751037516571567;0;0.5;-0.12499999999999999;0.50000000000000003;0.87499999999999999;0.26666666666666668
0;0.2;0.49006629359012455;0.099171709105156824;0;-0.099171709105156824;0.49006629359012455;0;0.5;-0.125;0.49999999999999998;0.87500000000000001;0.26666666666666666
1;0.2;-0.49006629359012455;-0.099171709105156824;0;0.099171709105156824;-0.49006629359012455;0;0.5;-0.125;0.49999999999999998;0.87500000000000001;0.26666666666666666
0;0.3;0.47774188715466281;0.14752182637800215;0;-0.14752182637800215;0.47774188715466281;0;0.5;-0.125;0.49999999999999998;0.87500000000000001;0.26666666666666666
1;0.3;-0.47774188715466281;-0.14752182637800215;0;0.14752182637800215;-0.47774188715466281;0;0.5;-0.125;0.49999999999999998;0.87500000000000001;0.26666666666666666
0;0.4;0.4606598884526486;0.19440284764064886;0;-0.19440284764064886;0.4606598884526486;0;0.5;-0.12500000000000001;0.49999999999999997;0.87500000000000001;0.26666666666666666
1;0.4;-0.4606598884526486;-0.19440284764064886;0;0.19440284764064886;-0.4606598884526486;0;0.5;-0.12500000000000001;0.49999999999999997;0.87500000000000001;0.26666666666666666
0;0.5;0.43899040855683291;0.23934790827392854;0;-0.23934790827392854;0.43899040855683291;0;0.5;-0.125;0.49999999999999998;0.87500000000000001;0.26666666666666666
1;0.5;-0.43899040855683291;-0.23934790827392854;0;0.23934790827392854;-0.43899040855683291;0;0.5;-0.125;0.49999999999999998;0.87500000000000001;0.26666666666666666
0;0.6;0.4129492429683943;0.2819094229213171;0;-0.2819094229213171;0.4129492429683943;0;0.5;-0.12500000000000001;0.49999999999999996;0.87500000000000002;0.26666666666666665
1;0.6;-0.4129492429683943;-0.2819094229213171;0;0.2819094229213171;-0.4129492429683943;0;0.5;-0.12500000000000001;0.49999999999999996;0.87500000000000002;0.26666666666666665
0;0.7;0.3827957226175836;0.32166354276741094;0;-0.32166354276741094;0.3827957226175836;0;0.5;-0.125;0.50000000000000002;0.87499999999999999;0.26666666666666667
1;0.7;-0.3827957226175836;-0.32166354276741094;0;0.32166354276741094;-0.3827957226175836;0;0.5;-0.125;0.50000000000000002;0.87499999999999999;0.26666666666666667
0;0.8;0.34883013131682666;0.35821437643607423;0;-0.35821437643607423;0.34883013131682666;0;0.5;-0.12499999999999999;0.50000000000000006;0.87499999999999998;0.26666666666666669
1;0.8;-0.34883013131682666;-0.35821437643607423;0;0.35821437643607423;-0.34883013131682666;0;0.5;-0.12499999999999999;0.50000000000000006;0.87499999999999998;0.26666666666666669
0;0.9;0.31139071538457752;0.39119793247444579;0;-0.39119793247444579;0.31139071538457752;0;0.5;-0.125;0.50000000000000002;0.87499999999999999;0.26666666666666667
1;0.9;-0.31139071538457752;-0.39119793247444579;0;0.39119793247444579;-0.31139071538457752;0;0.5;-0.125;0.50000000000000002;0.87499999999999999;0.26666666666666667
0;1;0.27085031521958036;0.42028574416158104;0;-0.42028574416158104;0.27085031521958036;0;0.5;-0.125;0.5;0.875;0.26666666666666667
1;1;-0.27085031521958036;-0.42028574416158104;0;0.42028574416158104;-0.27085031521958036;0;0.5;-0.125;0.5;0.875;0.26666666666666667
0;1.1;0.22761265237000555;0.44518814054407491;0;-0.44518814054407491;0.22761265237000555;0;0.5;-0.12500000000000001;0.49999999999999997;0.87500000000000001;0.26666666666666666
1;1.1;-0.22761265237000555;-0.44518814054407491;0;0.44518814054407491;-0.22761265237000555;0;0.5;-0.12500000000000001;0.49999999999999997;0.87500000000000001;0.26666666666666666
0;1.2;0.18210830907267994;0.46565713112405921;0;-0.46565713112405921;0.18210830907267994;0;0.5;-0.125;0.49999999999999999;0.875;0.26666666666666666
1;1.2;-0.18210830907267994;-0.46565713112405921;0;0.46565713112405921;-0.18210830907267994;0;0.5;-0.125;0.49999999999999999;0.875;0.26666666666666666
0;1.3;0.13479044030016685;0.48148887547241126;0;-0.48148887547241126;0.13479044030016685;0;0.5;-0.125;0.5;0.875;0.26666666666666667
1;1.3;-0.13479044030016685;-0.48148887547241126;0;0.48148887547241126;-0.13479044030016685;0;0.5;-0.125;0.5;0.875;0.26666666666666667
0;1.4;0.086130261017272086;0.49252571317353228;0;-0.49252571317353228;0.086130261017272086;0;0.5;-0.125;0.50000000000000001;0.875;0.26666666666666667
1;1.4;-0.086130261017272086;-0.49252571317353228;0;0.49252571317353228;-0.086130261017272086;0;0.5;-0.125;0.50000000000000001;0.875;0.26666666666666667
0;1.5;0.036612353587129345;0.49865773388649154;0;-0.49865773388649154;0.036612353587129345;0;0.5;-0.125;0.49999999999999999;0.875;0.26666666666666666
1;1.5;-0.036612353587129345;-0.49865773388649154;0;0.49865773388649154;-0.036612353587129345;0;0.5;-0.125;0.49999999999999999;0.875;0.26666666666666666
0;1.6;-0.013270157941941859;0.49982387188708377;0;-0.49982387188708377;-0.013270157941941861;0;0.5;-0.12499999999999999;0.50000000000000003;0.87499999999999999;0.26666666666666667
1;1.6;0.013270157941941859;-0.49982387188708377;0;0.49982387188708377;0.013270157941941861;0;0.5;-0.12499999999999999;0.50000000000000003;0.87499999999999999;0.26666666666666667
0;1.7;-0.063020518611944534;0.496012514190803;0;-0.496012514190803;-0.063020518611944534;0;0.5;-0.125;0.49999999999999999;0.875;0.26666666666666666
1;1.7;0.063020518611944534;-0.496012514190803;0;0.496012514190803;0.063020518611944534;0;0.5;-0.125;0.49999999999999999;0.875;0.26666666666666666
0;1.8;-0.1121432894891241;0.48726161620074127;0;-0.48726161620074127;-0.1121432894891241;0;0.5;-0.12500000000000001;0.49999999999999995;0.87500000000000002;0.26666666666666665
1;1.8;0.1121432894891241;-0.48726161620074127;0;0.48726161620074127;0.1121432894891241;0;0.5;-0.12500000000000001;0.49999999999999995;0.87500000000000002;0.26666666666666665
0;1.9;-0.16014928149226182;0.47365832372873196;0;-0.47365832372873196;-0.16014928149226182;0;0.5;-0.12500000000000005;0.49999999999999991;0.87500000000000003;0.26666666666666664
1;1.9;0.16014928149226182;-0.47365832372873196;0;0.47365832372873196;0.16014928149226182;0;0.5;-0.12500000000000005;0.49999999999999991;0.87500000000000003;0.26666666666666664
0;2;-0.20656042698181581;0.45533810515384049;0;-0.45533810515384049;-0.20656042698181584;0;0.5;-0.12500000000000002;0.49999999999999993;0.87500000000000002;0.26666666666666664
1;2;0.20656042698181581;-0.45533810515384049;0;0.45533810515384049;0.20656042698181584;0;0.5;-0.12500000000000002;0.49999999999999993;0.87500000000000002;0.26666666666666664
0;2.1;-0.25091454059619256;0.43248340236060112;0;-0.43248340236060112;-0.25091454059619261;0;0.5;-0.12500000000000002;0.49999999999999996;0.87500000000000001;0.26666666666666665
1;2.1;0.25091454059619256;-0.43248340236060112;0;0.43248340236060112;0.25091454059619261;0;0.5;-0.12500000000000002;0.49999999999999996;0.87500000000000001;0.26666666666666665
0;2.2;-0.29276992192436402;0.40532181389163074;0;-0.40532181389163074;-0.29276992192436407;0;0.5;-0.12500000000000002;0.49999999999999994;0.87500000000000002;0.26666666666666664
1;2.2;0.29276992192436402;-0.40532181389163074;0;0.40532181389163074;0.29276992192436407;0;0.5;-0.12500000000000002;0.49999999999999994;0.87500000000000002;0.26666666666666664
0;2.3;-0.33170975417911791;0.37412382840769326;0;-0.37412382840769326;-0.33170975417911797;0;0.5;-0.12500000000000003;0.49999999999999992;0.87500000000000002;0.26666666666666663
1;2.3;0.33170975417911791;-0.37412382840769326;0;0.37412382840769326;0.33170975417911797;0;0.5;-0.12500000000000003;0.49999999999999992;0.87500000000000002;0.26666666666666663
0;2.4;-0.36734625506675705;0.33920013102655044;0;-0.33920013102655044;-0.36734625506675711;0;0.5;-0.12500000000000007;0.49999999999999989;0.87500000000000004;0.26666666666666662
1;2.4;0.36734625506675705;-0.33920013102655044;0;0.33920013102655044;0.36734625506675711;0;0.5;-0.12500000000000007;0.49999999999999989;0.87500000000000004;0.26666666666666662
0;2.5;-0.39932453851681399;0.30089850936542284;0;-0.30089850936542284;-0.3993245385168141;0;0.5;-0.12500000000000004;0.49999999999999992;0.87500000000000002;0.26666666666666662
1;2.5;0.39932453851681399;-0.30089850936542284;0;0.30089850936542284;0.3993245385168141;0;0.5;-0.12500000000000004;0.49999999999999992;0.87500000000000002;0.26666666666666662
0;2.6;-0.42732614881474856;0.25960039009823405;0;-0.25960039009823399;-0.42732614881474867;0;0.5;-0.12500000000000004;0.49999999999999992;0.87500000000000002;0.26666666666666663
1;2.6;0.42732614881474856;-0.25960039009823405;0;0.25960039009823399;0.42732614881474867;0;0.5;-0.12500000000000004;0.49999999999999992;0.87500000000000002;0.26666666666666663
0;2.7;-0.45107223194296997;0.21571704051833135;0;-0.21571704051833129;-0.45107223194297008;0;0.5;-0.12500000000000005;0.49999999999999989;0.87500000000000003;0.26666666666666661
1;2.7;0.45107223194296997;-0.21571704051833135;0;0.21571704051833129;0.45107223194297008;0;0.5;-0.12500000000000005;0.49999999999999989;0.87500000000000003;0.26666666666666661
0;2.8;-0.47032631254838625;0.16968547293341762;0;-0.16968547293341754;-0.47032631254838636;0;0.5;-0.12500000000000004;0.4999999999999999;0.87500000000000003;0.26666666666666662
1;2.8;0.47032631254838625;-0.16968547293341762;0;0.16968547293341754;0.47032631254838636;0;0.5;-0.12500000000000004;0.4999999999999999;0.87500000000000003;0.26666666666666662
0;2.9;-0.48489664888205114;0.12196409267877462;0;-0.1219640926787745;-0.48489664888205125;0;0.5;-0.12500000000000004;0.4999999999999999;0.87500000000000003;0.26666666666666662
1;2.9;0.48489664888205114;-0.12196409267877462;0;0.1219640926787745;0.48489664888205125;0;0.5;-0.12500000000000004;0.4999999999999999;0.87500000000000003;0.26666666666666662
0;3;-0.49463814225924396;0.073028133088035463;0;-0.073028133088035338;-0.49463814225924407;0;0.5;-0.12500000000000006;0.49999999999999987;0.87500000000000004;0.2666666666666666
1;3;0.49463814225924396;-0.073028133088035463;0;0.073028133088035338;0.49463814225924407;0;0.5;-0.12500000000000006;0.49999999999999987;0.87500000000000004;0.2666666666666666
0;3.1;-0.49945378202462526;0.02336492288234673;0;-0.023364922882346584;-0.49945378202462537;0;0.5;-0.12500000000000005;0.49999999999999989;0.87500000000000003;0.2666666666666666
1;3.1;0.49945378202462526;-0.02336492288234673;0;0.023364922882346584;0.49945378202462537;0;0.5;-0.12500000000000005;0.49999999999999989;0.87500000000000003;0.2666666666666666
0;3.2;-0.49929561163278352;-0.026530966892378119;0;0.026530966892378292;-0.49929561163278369;0;0.5;-0.12500000000000007;0.49999999999999988;0.87500000000000002;0.26666666666666659
1;3.2;0.49929561163278352;0.026530966892378119;0;-0.026530966892378292;0.49929561163278369;0;0.5;-0.12500000000000007;0.49999999999999988;0.87500000000000002;0.26666666666666659
0;3.3;-0.49416520622346111;-0.07616264805089161;0;0.076162648050891818;-0.49416520622346127;0;0.5;-0.12500000000000009;0.49999999999999985;0.87500000000000003;0.26666666666666657
1;3.3;0.49416520622346111;0.07616264805089161;0;-0.076162648050891818;0.49416520622346127;0;0.5;-0.12500000000000009;0.49999999999999985;0.87500000000000003;0.26666666666666657
0;3.4;-0.48411365693552599;-0.12503586352927568;0;0.1250358635292759;-0.48411365693552616;0;0.5;-0.1250000000000001;0.49999999999999983;0.87500000000000004;0.26666666666666656
1;3.4;0.48411365693552599;0.12503586352927568;0;-0.1250358635292759;0.48411365693552616;0;0.5;-0.1250000000000001;0.49999999999999983;0.87500000000000004;0.26666666666666656
0;3.5;-0.46924106211589928;-0.17266390944358503;0;0.17266390944358528;-0.46924106211589944;0;0.5;-0.12500000000000011;0.4999999999999998;0.87500000000000005;0.26666666666666654
1;3.5;0.46924106211589928;0.17266390944358503;0;-0.17266390944358528;0.46924106211589944;0;0.5;-0.12500000000000011;0.4999999999999998;0.87500000000000005;0.26666666666666654
0;3.6;-0.44969553049023375;-0.21857248193015288;0;0.21857248193015319;-0.44969553049023392;0;0.5;-0.12500000000000012;0.49999999999999981;0.87500000000000004;0.26666666666666654
1;3.6;0.44969553049023375;0.21857248193015288;0;-0.21857248193015319;0.44969553049023392;0;0.5;-0.12500000000000012;0.49999999999999981;0.87500000000000004;0.26666666666666654
0;3.7;-0.42567170622226758;-0.26230440050030285;0;0.26230440050030318;-0.42567170622226774;0;0.5;-0.12500000000000007;0.49999999999999982;0.87500000000000003;0.26666666666666653
1;3.7;0.42567170622226758;0.26230440050030285;0;-0.26230440050030318;0.42567170622226774;0;0.5;-0.12500000000000007;0.49999999999999982;0.87500000000000003;0.26666666666666653
0;3.8;-0.39740883055004877;-0.30342416087194229;0;0.30342416087194268;-0.39740883055004894;0;0.5;-0.1250000000000001;0.49999999999999976;0.87500000000000004;0.2666666666666665
1;3.8;0.39740883055004877;0.30342416087194229;0;-0.30342416087194268;0.39740883055004894;0;0.5;-0.1250000000000001;0.49999999999999976;0.87500000000000004;0.2666666666666665
0;3.9;-0.36518835930222476;-0.34152227193866708;0;0.34152227193866747;-0.36518835930222493;0;0.5;-0.12500000000000011;0.49999999999999974;0.87500000000000005;0.26666666666666649
1;3.9;0.36518835930222476;0.34152227193866708;0;-0.34152227193866747;0.36518835930222493;0;0.5;-0.12500000000000011;0.49999999999999974;0.87500000000000005;0.26666666666666649
0;4;-0.32933116002035928;-0.37621933368667293;0;0.37621933368667337;-0.32933116002035939;0;0.5;-0.12500000000000018;0.4999999999999997;0.87500000000000006;0.26666666666666647
1;4;0.32933116002035928;0.37621933368667293;0;-0.37621933368667337;0.32933116002035939;0;0.5;-0.12500000000000018;0.4999999999999997;0.87500000000000006;0.26666666666666647
0;4.1;-0.29019431659973233;-0.40716981544954178;0;0.40716981544954228;-0.29019431659973244;0;0.5;-0.12500000000000015;0.49999999999999966;0.87500000000000007;0.26666666666666644
1;4.1;0.29019431659973233;0.40716981544954178;0;-0.40716981544954228;0.29019431659973244;0;0.5;-0.12500000000000015;0.49999999999999966;0.87500000000000007;0.26666666666666644
0;4.2;-0.24816757326960592;-0.434065496875154;0;0.43406549687515461;-0.24816757326960598;0;0.5;-0.12500000000000017;0.49999999999999966;0.87500000000000006;0.26666666666666642
1;4.2;0.24816757326960592;0.434065496875154;0;-0.43406549687515461;0.24816757326960598;0;0.5;-0.12500000000000017;0.49999999999999966;0.87500000000000006;0.26666666666666642
0;4.3;-0.20366945332557515;-0.45663853733786081;0;0.45663853733786147;-0.20366945332557515;0;0.5;-0.12500000000000018;0.49999999999999967;0.87500000000000005;0.26666666666666641
1;4.3;0.20366945332557515;0.45663853733786081;0;-0.45663853733786147;0.20366945332557515;0;0.5;-0.12500000000000018;0.49999999999999967;0.87500000000000005;0.26666666666666641
0;4.4;-0.15714309126560649;-0.4746641432291771;0;0.47466414322917783;-0.15714309126560644;0;0.5;-0.1250000000000002;0.49999999999999965;0.87500000000000005;0.26666666666666639
1;4.4;0.15714309126560649;0.4746641432291771;0;-0.47466414322917783;0.15714309126560644;0;0.5;-0.1250000000000002;0.49999999999999965;0.87500000000000005;0.26666666666666639
0;4.5;-0.10905181983543356;-0.48796280656478275;0;0.48796280656478352;-0.10905181983543344;0;0.5;-0.12500000000000017;0.49999999999999962;0.87500000000000005;0.26666666666666636
1;4.5;0.10905181983543356;0.48796280656478275;0;-0.48796280656478352;0.10905181983543344;0;0.5;-0.12500000000000017;0.49999999999999962;0.87500000000000005;0.26666666666666636
0;4.6;-0.059874555929715849;-0.49640209261466528;0;0.49640209261466611;-0.059874555929715627;0;0.5;-0.12500000000000019;0.4999999999999996;0.87500000000000005;0.26666666666666634
1;4.6;0.059874555929715849;0.49640209261466528;0;-0.49640209261466611;0.059874555929715627;0;0.5;-0.12500000000000019;0.4999999999999996;0.87500000000000005;0.26666666666666634
0;4.7;-0.010101031298460659;-0.49989795875429105;0;0.49989795875429194;-0.010101031298460333;0;0.5;-0.12500000000000021;0.4999999999999996;0.87500000000000004;0.26666666666666632
1;4.7;0.010101031298460659;0.49989795875429105;0;-0.49989795875429194;0.010101031298460333;0;0.5;-0.12500000000000021;0.4999999999999996;0.87500000000000004;0.26666666666666632
0;4.8;0.039773084446284655;-0.49841559140302588;0;0.49841559140302677;0.039773084446285092;0;0.5;-0.12500000000000022;0.4999999999999996;0.87500000000000004;0.26666666666666631
1;4.8;-0.039773084446284655;0.49841559140302588;0;-0.49841559140302677;-0.039773084446285092;0;0.5;-0.12500000000000022;0.4999999999999996;0.87500000000000004;0.26666666666666631
0;4.9;0.089251119955935737;-0.4919697527151547;0;0.49196975271515564;0.089251119955936278;0;0.5;-0.12500000000000019;0.49999999999999961;0.87500000000000002;0.26666666666666629
1;4.9;-0.089251119955935737;0.4919697527151547;0;-0.49196975271515564;-0.089251119955936278;0;0.5;-0.12500000000000019;0.49999999999999961;0.87500000000000002;0.26666666666666629
0;5;0.13784034824666686;-0.48062463357097801;0;0.48062463357097895;0.13784034824666752;0;0.5;-0.12500000000000019;0.49999999999999964;0.875;0.26666666666666628
1;5;-0.13784034824666686;0.48062463357097801;0;-0.48062463357097895;-0.13784034824666752;0;0.5;-0.12500000000000019;0.49999999999999964;0.875;0.26666666666666628
0;5.1;0.18505689352075275;-0.46449321433197277;0;0.46449321433197371;0.18505689352075352;0;0.5;-0.12500000000000023;0.49999999999999959;0.87500000000000001;0.26666666666666625
1;5.1;-0.18505689352075275;0.46449321433197277;0;-0.46449321433197371;-0.18505689352075352;0;0.5;-0.12500000000000023;0.49999999999999959;0.87500000000000001;0.26666666666666625
0;5.2;0.23043054984337952;-0.44373613972593778;0;0.44373613972593867;0.23043054984338041;0;0.5;-0.12500000000000018;0.49999999999999958;0.87500000000000001;0.26666666666666623
1;5.2;-0.23043054984337952;0.44373613972593778;0;-0.44373613972593867;-0.23043054984338041;0;0.5;-0.12500000000000018;0.49999999999999958;0.87500000000000001;0.26666666666666623
0;5.3;0.27350946368813478;-0.41856011906657808;0;0.41856011906657897;0.27350946368813578;0;0.5;-0.12500000000000021;0.49999999999999957;0.875;0.26666666666666621
1;5.3;-0.27350946368813478;0.41856011906657808;0;-0.41856011906657897;-0.27350946368813578;0;0.5;-0.12500000000000021;0.49999999999999957;0.875;0.26666666666666621
0;5.4;0.31386463372005091;-0.38921586773894173;0;0.38921586773894257;0.31386463372005202;0;0.5;-0.12500000000000023;0.49999999999999955;0.875;0.26666666666666619
1;5.4;-0.31386463372005091;0.38921586773894173;0;-0.38921586773894257;-0.31386463372005202;0;0.5;-0.12500000000000023;0.49999999999999955;0.875;0.26666666666666619
0;5.5;0.35109418300511502;-0.35599561045042377;0;0.35599561045042449;0.3510941830051163;0;0.5;-0.12500000000000024;0.49999999999999955;0.87499999999999999;0.26666666666666617
1;5.5;-0.35109418300511502;0.35599561045042377;0;-0.35599561045042449;-0.3510941830051163;0;0.5;-0.12500000000000024;0.49999999999999955;0.87499999999999999;0.26666666666666617
0;5.6;0.38482736110144988;-0.31923017111121138;0;0.31923017111121205;0.38482736110145133;0;0.5;-0.12500000000000022;0.49999999999999954;0.87499999999999998;0.26666666666666614
1;5.6;-0.38482736110144988;0.31923017111121138;0;-0.31923017111121205;-0.38482736110145133;0;0.5;-0.12500000000000022;0.49999999999999954;0.87499999999999998;0.26666666666666614
0;5.7;0.41472823617734361;-0.27928567832459372;0;0.27928567832459433;0.41472823617734517;0;0.5;-0.12500000000000025;0.49999999999999952;0.87499999999999998;0.26666666666666611
1;5.7;-0.41472823617734361;0.27928567832459372;0;-0.27928567832459433;-0.41472823617734517;0;0.5;-0.12500000000000025;0.49999999999999952;0.87499999999999998;0.26666666666666611
0;5.8;0.44049904038817311;-0.23655991929550862;0;0.23655991929550912;0.44049904038817478;0;0.5;-0.12500000000000021;0.49999999999999955;0.87499999999999996;0.2666666666666661
1;5.8;-0.44049904038817311;0.23655991929550862;0;-0.23655991929550912;-0.44049904038817478;0;0.5;-0.12500000000000021;0.49999999999999955;0.87499999999999996;0.2666666666666661
0;5.9;0.4618831351972873;-0.19147837846692592;0;0.19147837846692631;0.46188313519728907;0;0.5;-0.12500000000000022;0.49999999999999958;0.87499999999999993;0.26666666666666609
1;5.9;-0.4618831351972873;0.19147837846692592;0;-0.19147837846692631;-0.46188313519728907;0;0.5;-0.12500000000000022;0.49999999999999958;0.87499999999999993;0.26666666666666609
0;6;0.4786675671107043;-0.14449000033330417;0;0.14449000033330442;0.47866756711070618;0;0.5;-0.12500000000000025;0.49999999999999956;0.87499999999999993;0.26666666666666606
1;6;-0.4786675671107043;0.14449000033330417;0;-0.14449000033330442;-0.47866756711070618;0;0.5;-0.12500000000000025;0.49999999999999956;0.87499999999999993;0.26666666666666606
0;6.1;0.49068518837434016;-0.09606271862714022;0;0.096062718627140317;0.49068518837434211;0;0.5;-0.12500000000000021;0.49999999999999953;0.87499999999999993;0.26666666666666604
1;6.1;-0.49068518837434016;0.09606271862714022;0;-0.096062718627140317;-0.49068518837434211;0;0.5;-0.12500000000000021;0.49999999999999953;0.87499999999999993;0.26666666666666604
0;6.2;0.49781632151480698;-0.04667879640120428;0;0.04667879640120421;0.49781632151480898;0;0.5;-0.12500000000000023;0.4999999999999995;0.87499999999999994;0.26666666666666601
1;6.2;-0.49781632151480698;0.04667879640120428;0;-0.04667879640120421;-0.49781632151480898;0;0.5;-0.12500000000000023;0.4999999999999995;0.87499999999999994;0.26666666666666601
0;6.3;0.49998995114745243;0.0031699765877514275;0;-0.0031699765877516621;0.49998995114745443;0;0.5;-0.12500000000000023;0.49999999999999951;0.87499999999999993;0.26666666666666601
1;6.3;-0.49998995114745243;-0.0031699765877514275;0;0.0031699765877516621;-0.49998995114745443;0;0.5;-0.12500000000000023;0.49999999999999951;0.87499999999999993;0.26666666666666601
0;6.4;0.49718443118302058;0.05298718136695927;0;-0.052987181366959672;0.49718443118302258;0;0.5;-0.12500000000000023;0.49999999999999956;0.87499999999999991;0.26666666666666602
1;6.4;-0.49718443118302058;-0.05298718136695927;0;0.052987181366959672;-0.49718443118302258;0;0.5;-0.12500000000000023;0.49999999999999956;0.87499999999999991;0.26666666666666602
0;6.5;0.48942770039021755;0.10227671333564747;0;-0.10227671333564803;0.48942770039021954;0;0.5;-0.12500000000000023;0.49999999999999959;0.87499999999999989;0.26666666666666602
1;6.5;-0.48942770039021755;-0.10227671333564747;0;0.10227671333564803;-0.48942770039021954;0;0.5;-0.12500000000000023;0.49999999999999959;0.87499999999999989;0.26666666666666602
0;6.6;0.47679700416750181;0.15054772272237804;0;-0.15054772272237874;0.47679700416750376;0;0.5;-0.12500000000000023;0.49999999999999959;0.8749999999999999;0.26666666666666602
1;6.6;-0.47679700416750181;-0.15054772272237804;0;0.15054772272237874;-0.47679700416750376;0;0.5;-0.12500000000000023;0.49999999999999959;0.8749999999999999;0.26666666666666602
0;6.7;0.45941812529483489;0.19731950271217025;0;-0.19731950271217108;0.45941812529483678;0;0.5;-0.12500000000000017;0.4999999999999996;0.87499999999999989;0.26666666666666603
1;6.7;-0.45941812529483489;-0.19731950271217025;0;0.19731950271217108;-0.45941812529483678;0;0.5;-0.12500000000000017;0.4999999999999996;0.87499999999999989;0.26666666666666603
0;6.8;0.43746413132595041;0.24212627656499899;0;-0.24212627656499999;0.43746413132595224;0;0.5;-0.12500000000000017;0.49999999999999962;0.87499999999999988;0.26666666666666603
1;6.8;-0.43746413132595041;-0.24212627656499899;0;0.24212627656499999;-0.43746413132595224;0;0.5;-0.12500000000000017;0.49999999999999962;0.87499999999999988;0.26666666666666603
0;6.9;0.41115365109523505;0.28452183605315168;0;-0.28452183605315279;0.41115365109523677;0;0.5;-0.12500000000000016;0.49999999999999965;0.87499999999999988;0.26666666666666604
1;6.9;-0.41115365109523505;-0.28452183605315168;0;0.28452183605315279;-0.41115365109523677;0;0.5;-0.12500000000000016;0.49999999999999965;0.87499999999999988;0.26666666666666604
0;7;0.38074869750262613;0.3240839850255679;0;-0.32408398502556912;0.38074869750262774;0;0.5;-0.12500000000000015;0.49999999999999965;0.87499999999999988;0.26666666666666605
1;7;-0.38074869750262613;-0.3240839850255679;0;0.32408398502556912;-0.38074869750262774;0;0.5;-0.12500000000000015;0.49999999999999965;0.87499999999999988;0.26666666666666605
0;7.1;0.34655205825832136;0.3604187438479301;0;-0.36041874384793143;0.34655205825832286;0;0.5;-0.1250000000000002;0.49999999999999963;0.87499999999999989;0.26666666666666605
1;7.1;-0.34655205825832136;-0.3604187438479301;0;0.36041874384793143;-0.34655205825832286;0;0.5;-0.1250000000000002;0.49999999999999963;0.87499999999999989;0.26666666666666605
0;7.2;0.30890428057156749;0.39316427284859079;0;-0.39316427284859223;0.30890428057156882;0;0.5;-0.12500000000000019;0.49999999999999963;0.8749999999999999;0.26666666666666606
1;7.2;-0.30890428057156749;-0.39316427284859079;0;0.39316427284859223;-0.30890428057156882;0;0.5;-0.12500000000000019;0.49999999999999963;0.8749999999999999;0.26666666666666606
0;7.3;0.26818027981150272;0.42199447569870269;0;-0.42199447569870419;0.26818027981150394;0;0.5;-0.12500000000000018;0.49999999999999965;0.87499999999999989;0.26666666666666608
1;7.3;-0.26818027981150272;-0.42199447569870269;0;0.42199447569870419;-0.26818027981150394;0;0.5;-0.12500000000000018;0.49999999999999965;0.87499999999999989;0.26666666666666608
0;7.4;0.22478560591270177;0.44662224684229335;0;-0.4466222468422949;0.22478560591270286;0;0.5;-0.12500000000000017;0.49999999999999963;0.87499999999999991;0.26666666666666608
1;7.4;-0.22478560591270177;-0.44662224684229335;0;0.4466222468422949;-0.22478560591270286;0;0.5;-0.12500000000000017;0.49999999999999963;0.87499999999999991;0.26666666666666608
0;7.5;0.17915240470642113;0.46680233063675419;0;-0.4668023306367558;0.17915240470642207;0;0.5;-0.12500000000000017;0.49999999999999961;0.87499999999999991;0.26666666666666608
1;7.5;-0.17915240470642113;-0.46680233063675419;0;0.4668023306367558;-0.17915240470642207;0;0.5;-0.12500000000000017;0.49999999999999961;0.87499999999999991;0.26666666666666608
0;7.6;0.13173511439662502;0.48233376373099474;0;-0.48233376373099635;0.13173511439662583;0;0.5;-0.1250000000000002;0.49999999999999963;0.87499999999999992;0.26666666666666611
1;7.6;-0.13173511439662502;-0.48233376373099474;0;0.48233376373099635;-0.13173511439662583;0;0.5;-0.1250000000000002;0.49999999999999963;0.87499999999999992;0.26666666666666611
0;7.7;0.083005940037432391;0.49306187635884113;0;-0.49306187635884274;0.083005940037433057;0;0.5;-0.12500000000000019;0.49999999999999962;0.87499999999999993;0.26666666666666612
1;7.7;-0.083005940037432391;-0.49306187635884113;0;0.49306187635884274;-0.083005940037433057;0;0.5;-0.12500000000000019;0.49999999999999962;0.87499999999999993;0.26666666666666612
0;7.8;0.03345015107939852;0.49887983261780028;0;-0.49887983261780183;0.03345015107939904;0;0.5;-0.12500000000000022;0.4999999999999996;0.87499999999999995;0.26666666666666614
1;7.8;-0.03345015107939852;-0.49887983261780028;0;0.49887983261780183;-0.03345015107939904;0;0.5;-0.12500000000000022;0.4999999999999996;0.87499999999999995;0.26666666666666614
0;7.9;-0.016438751185986682;0.4997296943943238;0;-0.49972969439432535;-0.016438751185986301;0;0.5;-0.1250000000000002;0.49999999999999961;0.87499999999999995;0.26666666666666616
1;7.9;0.016438751185986682;-0.4997296943943238;0;0.49972969439432535;0.016438751185986301;0;0.5;-0.1250000000000002;0.49999999999999961;0.87499999999999995;0.26666666666666616
0;8;-0.066163948158582869;0.49560299834047356;0;-0.49560299834047505;-0.066163948158582619;0;0.5;-0.12500000000000019;0.4999999999999996;0.87499999999999997;0.26666666666666618
1;8;0.066163948158582869;-0.49560299834047356;0;0.49560299834047505;0.066163948158582619;0;0.5;-0.12500000000000019;0.4999999999999996;0.87499999999999997;0.26666666666666618
0;8.1;-0.11523025149729942;0.48654084015616639;0;-0.48654084015616783;-0.11523025149729929;0;0.5;-0.12500000000000016;0.49999999999999963;0.87499999999999997;0.2666666666666662
1;8.1;0.11523025149729942;-0.48654084015616639;0;0.48654084015616783;0.11523025149729929;0;0.5;-0.12500000000000016;0.49999999999999963;0.87499999999999997;0.2666666666666662
0;8.2;-0.16314903445286194;0.47263346533767375;0;-0.47263346533767508;-0.16314903445286191;0;0.5;-0.12500000000000018;0.49999999999999963;0.87499999999999998;0.26666666666666624
1;8.2;0.16314903445286194;-0.47263346533767375;0;0.47263346533767508;0.16314903445286191;0;0.5;-0.12500000000000018;0.49999999999999963;0.87499999999999998;0.26666666666666624
0;8.3;-0.20944309785697102;0.45401937046790691;0;-0.45401937046790813;-0.20944309785697107;0;0.5;-0.12500000000000021;0.49999999999999961;0.875;0.26666666666666626
1;8.3;0.20944309785697102;-0.45401937046790691;0;0.45401937046790813;0.20944309785697107;0;0.5;-0.12500000000000021;0.49999999999999961;0.875;0.26666666666666626
0;8.4;-0.25365142230990345;0.43088392399828784;0;-0.43088392399828901;-0.25365142230990356;0;0.5;-0.12500000000000019;0.49999999999999962;0.87500000000000001;0.26666666666666628
1;8.4;0.25365142230990345;-0.43088392399828784;0;0.43088392399828901;0.25365142230990356;0;0.5;-0.12500000000000019;0.49999999999999962;0.87500000000000001;0.26666666666666628
0;8.5;-0.29533375924189875;0.40345752025714865;0;-0.40345752025714976;-0.29533375924189892;0;0.5;-0.12500000000000017;0.49999999999999965;0.87500000000000001;0.26666666666666631
1;8.5;0.29533375924189875;-0.40345752025714865;0;0.40345752025714976;0.29533375924189892;0;0.5;-0.12500000000000017;0.49999999999999965;0.87500000000000001;0.26666666666666631
0;8.6;-0.33407501512824928;0.37201328506796555;0;-0.37201328506796655;-0.3340750151282495;0;0.5;-0.1250000000000002;0.49999999999999965;0.87500000000000002;0.26666666666666633
1;8.6;0.33407501512824928;-0.37201328506796555;0;0.37201328506796655;0.3340750151282495;0;0.5;-0.1250000000000002;0.49999999999999965;0.87500000000000002;0.26666666666666633
0;8.7;-0.36948938519789093;0.33686435582602681;0;-0.33686435582602769;-0.36948938519789121;0;0.5;-0.12500000000000018;0.49999999999999965;0.87500000000000003;0.26666666666666635
1;8.7;0.36948938519789093;-0.33686435582602681;0;0.33686435582602769;0.36948938519789121;0;0.5;-0.12500000000000018;0.49999999999999965;0.87500000000000003;0.26666666666666635
0;8.8;-0.40122419546996008;0.29836076311988935;0;-0.29836076311989013;-0.40122419546996041;0;0.5;-0.12500000000000016;0.49999999999999964;0.87500000000000004;0.26666666666666637
1;8.8;0.40122419546996008;-0.29836076311988935;0;0.29836076311989013;0.40122419546996041;0;0.5;-0.12500000000000016;0.49999999999999964;0.87500000000000004;0.26666666666666637
0;8.9;-0.42896341485739814;0.25688594495199463;0;-0.25688594495199535;-0.42896341485739847;0;0.5;-0.12500000000000021;0.49999999999999961;0.87500000000000006;0.26666666666666638
1;8.9;0.42896341485739814;-0.25688594495199463;0;0.25688594495199535;0.42896341485739847;0;0.5;-0.12500000000000021;0.49999999999999961;0.87500000000000006;0.26666666666666638
0;9;-0.45243080236232264;0.21285292827157556;0;-0.2128529282715762;-0.45243080236232297;0;0.5;-0.12500000000000018;0.49999999999999965;0.87500000000000006;0.26666666666666641
1;9;0.45243080236232264;-0.21285292827157556;0;0.2128529282715762;0.45243080236232297;0;0.5;-0.12500000000000018;0.49999999999999965;0.87500000000000006;0.26666666666666641
0;9.1;-0.4713926580218214;0.16670021584605627;0;-0.16670021584605682;-0.47139265802182168;0;0.5;-0.1250000000000002;0.49999999999999966;0.87500000000000007;0.26666666666666645
1;9.1;0.4713926580218214;-0.16670021584605627;0;0.16670021584605682;0.47139265802182168;0;0.5;-0.1250000000000002;0.49999999999999966;0.87500000000000007;0.26666666666666645
0;9.2;-0.48566015020887837;0.11888741943153336;0;-0.11888741943153382;-0.48566015020887865;0;0.5;-0.12500000000000018;0.49999999999999966;0.87500000000000008;0.26666666666666646
1;9.2;0.48566015020887837;-0.11888741943153336;0;0.11888741943153382;0.48566015020887865;0;0.5;-0.12500000000000018;0.49999999999999966;0.87500000000000008;0.26666666666666646
0;9.3;-0.49509119611200619;0.069890682729407544;0;-0.069890682729407919;-0.49509119611200642;0;0.5;-0.12500000000000019;0.49999999999999964;0.8750000000000001;0.26666666666666648
1;9.3;0.49509119611200619;-0.069890682729407544;0;0.069890682729407919;0.49509119611200642;0;0.5;-0.12500000000000019;0.49999999999999964;0.8750000000000001;0.26666666666666648
0;9.4;-0.49959187666683003;0.020197939709648845;0;-0.02019793970964915;-0.49959187666683025;0;0.5;-0.12500000000000017;0.49999999999999966;0.8750000000000001;0.2666666666666665
1;9.4;0.49959187666683003;-0.020197939709648845;0;0.02019793970964915;0.49959187666683025;0;0.5;-0.12500000000000017;0.49999999999999966;0.8750000000000001;0.2666666666666665
0;9.5;-0.49911737184902799;-0.029695944479319936;0;0.029695944479319693;-0.49911737184902821;0;0.5;-0.12500000000000016;0.49999999999999967;0.8750000000000001;0.26666666666666651
1;9.5;0.49911737184902799;0.029695944479319936;0;-0.029695944479319693;0.49911737184902821;0;0.5;-0.12500000000000016;0.49999999999999967;0.8750000000000001;0.26666666666666651
0;9.6;-0.49367240701451365;-0.07929410162487574;0;0.07929410162487556;-0.49367240701451387;0;0.5;-0.12500000000000016;0.49999999999999968;0.8750000000000001;0.26666666666666652
1;9.6;0.49367240701451365;0.07929410162487574;0;-0.07929410162487556;0.49367240701451387;0;0.5;-0.12500000000000016;0.49999999999999968;0.8750000000000001;0.26666666666666652
0;9.7;-0.48331120584198223;-0.12810260851196131;0;0.1281026085119612;-0.48331120584198245;0;0.5;-0.12500000000000016;0.49999999999999966;0.8750000000000001;0.26666666666666651
1;9.7;0.48331120584198223;0.12810260851196131;0;-0.1281026085119612;0.48331120584198245;0;0.5;-0.12500000000000016;0.49999999999999966;0.8750000000000001;0.26666666666666651
0;9.8;-0.46813695034644237;-0.17563540565709496;0;0.1756354056570949;-0.46813695034644254;0;0.5;-0.12500000000000018;0.49999999999999964;0.87500000000000012;0.26666666666666652
1;9.8;0.46813695034644237;0.17563540565709496;0;-0.1756354056570949;0.46813695034644254;0;0.5;-0.12500000000000018;0.49999999999999964;0.87500000000000012;0.26666666666666652
0;9.9;-0.44830075334118796;-0.22141913773141456;0;0.22141913773141456;-0.44830075334118807;0;0.5;-0.12500000000000017;0.49999999999999966;0.87500000000000012;0.26666666666666653
1;9.9;0.44830075334118796;0.22141913773141456;0;-0.22141913773141456;0.44830075334118807;0;0.5;-0.12500000000000017;0.49999999999999966;0.87500000000000012;0.26666666666666653
0;10;-0.42400015358094711;-0.26499786746940635;0;0.2649978674694064;-0.42400015358094717;0;0.5;-0.12500000000000016;0.49999999999999966;0.87500000000000012;0.26666666666666654
1;10;0.42400015358094711;0.26499786746940635;0;-0.2649978674694064;0.42400015358094717;0;0.5;-0.12500000000000016;0.49999999999999966;0.87500000000000012;0.26666666666666654
0;10.1;-0.39547714857232424;-0.3059376161198612;0;0.30593761611986131;-0.3954771485723243;0;0.5;-0.12500000000000017;0.49999999999999967;0.87500000000000011;0.26666666666666653
1;10.1;0.39547714857232424;0.3059376161198612;0;-0.30593761611986131;0.3954771485723243;0;0.5;-0.12500000000000017;0.49999999999999967;0.87500000000000011;0.26666666666666653
0;10.2;-0.36301578464179091;-0.34383068522298105;0;0.34383068522298116;-0.36301578464179091;0;0.5;-0.12500000000000016;0.49999999999999966;0.87500000000000012;0.26666666666666654
1;10.2;0.36301578464179091;0.34383068522298105;0;-0.34383068522298116;0.36301578464179091;0;0.5;-0.12500000000000016;0.49999999999999966;0.87500000000000012;0.26666666666666654
0;10.3;-0.32693932826053185;-0.37829971667522033;0;0.3782997166752205;-0.32693932826053185;0;0.5;-0.12500000000000017;0.49999999999999968;0.87500000000000011;0.26666666666666653
1;10.3;0.32693932826053185;0.37829971667522033;0;-0.3782997166752205;0.32693932826053185;0;0.5;-0.12500000000000017;0.49999999999999968;0.87500000000000011;0.26666666666666653
0;10.4;-0.28760704679550614;-0.40900145064971016;0;0.40900145064971039;-0.28760704679550614;0;0.5;-0.12500000000000015;0.49999999999999969;0.87500000000000009;0.26666666666666652
1;10.4;0.28760704679550614;0.40900145064971016;0;-0.40900145064971039;0.28760704679550614;0;0.5;-0.12500000000000015;0.49999999999999969;0.87500000000000009;0.26666666666666652
0;10.5;-0.24541063074561134;-0.43563014394901661;0;0.43563014394901689;-0.24541063074561131;0;0.5;-0.12500000000000016;0.4999999999999997;0.87500000000000009;0.26666666666666651
1;10.5;0.24541063074561134;0.43563014394901661;0;-0.43563014394901689;0.24541063074561131;0;0.5;-0.12500000000000016;0.4999999999999997;0.87500000000000009;0.26666666666666651
0;10.6;-0.20077029309210992;-0.45792061474856971;0;0.45792061474857004;-0.20077029309210984;0;0.5;-0.12500000000000014;0.49999999999999971;0.87500000000000008;0.26666666666666651
1;10.6;0.20077029309210992;0.45792061474856971;0;-0.45792061474857004;0.20077029309210984;0;0.5;-0.12500000000000014;0.49999999999999971;0.87500000000000008;0.26666666666666651
0;10.7;-0.15413058460793383;-0.47565088340968764;0;0.47565088340968797;-0.15413058460793369;0;0.5;-0.12500000000000014;0.4999999999999997;0.87500000000000008;0.2666666666666665
1;10.7;0.15413058460793383;0.47565088340968764;0;-0.47565088340968797;0.15413058460793369;0;0.5;-0.12500000000000014;0.4999999999999997;0.87500000000000008;0.2666666666666665
0;10.8;-0.10595596679910703;-0.48864438306366137;0;0.4886443830636617;-0.10595596679910685;0;0.5;-0.12500000000000015;0.49999999999999969;0.87500000000000008;0.2666666666666665
1;10.8;0.10595596679910703;0.48864438306366137;0;-0.4886443830636617;0.10595596679910685;0;0.5;-0.12500000000000015;0.49999999999999969;0.87500000000000008;0.2666666666666665
0;10.9;-0.056726186565145574;-0.49677171795279967;0;0.49677171795280006;-0.056726186565145338;0;0.5;-0.12500000000000017;0.49999999999999966;0.87500000000000008;0.26666666666666647
1;10.9;0.056726186565145574;0.49677171795279967;0;-0.49677171795280006;0.056726186565145338;0;0.5;-0.12500000000000017;0.49999999999999966;0.87500000000000008;0.26666666666666647
0;11;-0.0069314986398767856;-0.49995195201799641;0;0.49995195201799686;-0.0069314986398764829;0;0.5;-0.1250000000000002;0.49999999999999965;0.87500000000000008;0.26666666666666644
1;11;0.0069314986398767856;0.49995195201799641;0;-0.49995195201799686;0.0069314986398764829;0;0.5;-0.1250000000000002;0.49999999999999965;0.87500000000000008;0.26666666666666644
0;11.1;0.042932216610002585;-0.49815341490042142;0;0.49815341490042186;0.04293221661000296;0;0.5;-0.12500000000000015;0.49999999999999965;0.87500000000000007;0.26666666666666644
1;11.1;-0.042932216610002585;0.49815341490042142;0;-0.49815341490042186;-0.04293221661000296;0;0.5;-0.12500000000000015;0.49999999999999965;0.87500000000000007;0.26666666666666644
0;11.2;0.092368391409229408;-0.49139401733076782;0;0.49139401733076832;0.092368391409229852;0;0.5;-0.12500000000000017;0.49999999999999967;0.87500000000000005;0.26666666666666642
1;11.2;-0.092368391409229408;0.49139401733076782;0;-0.49139401733076832;-0.092368391409229852;0;0.5;-0.12500000000000017;0.49999999999999967;0.87500000000000005;0.26666666666666642
0;11.3;0.14088471564383498;-0.47974107276525246;0;0.47974107276525302;0.14088471564383551;0;0.5;-0.12500000000000014;0.49999999999999968;0.87500000000000004;0.26666666666666639
1;11.3;-0.14088471564383498;0.47974107276525246;0;-0.47974107276525302;-0.14088471564383551;0;0.5;-0.12500000000000014;0.49999999999999968;0.87500000000000004;0.26666666666666639
0;11.4;0.18799803953108862;-0.46331062704460674;0;0.46331062704460735;0.18799803953108923;0;0.5;-0.12500000000000017;0.49999999999999968;0.87500000000000002;0.26666666666666637
1;11.4;-0.18799803953108862;0.46331062704460674;0;-0.46331062704460735;-0.18799803953108923;0;0.5;-0.12500000000000017;0.49999999999999968;0.87500000000000002;0.26666666666666637
0;11.5;0.2332391850662888;-0.44226630275164858;0;0.44226630275164919;0.23323918506628949;0;0.5;-0.12500000000000019;0.49999999999999965;0.87500000000000002;0.26666666666666634
1;11.5;-0.2332391850662888;0.44226630275164858;0;-0.44226630275164919;-0.23323918506628949;0;0.5;-0.12500000000000019;0.49999999999999965;0.87500000000000002;0.26666666666666634
0;11.6;0.27615761833161184;-0.4168176697758999;0;0.41681766977590051;0.27615761833161262;0;0.5;-0.12500000000000022;0.49999999999999961;0.87500000000000003;0.26666666666666631
1;11.6;-0.27615761833161184;0.4168176697758999;0;-0.41681766977590051;-0.27615761833161262;0;0.5;-0.12500000000000022;0.49999999999999961;0.87500000000000003;0.26666666666666631
0;11.7;0.31632593613783411;-0.38721815831198081;0;0.38721815831198136;0.31632593613783494;0;0.5;-0.12500000000000017;0.49999999999999963;0.87500000000000002;0.26666666666666631
1;11.7;-0.31632593613783411;0.38721815831198081;0;-0.38721815831198136;-0.31632593613783494;0;0.5;-0.12500000000000017;0.49999999999999963;0.87500000000000002;0.26666666666666631
0;11.8;0.35334412231870838;-0.35376253507518424;0;0.35376253507518474;0.35334412231870926;0;0.5;-0.12500000000000018;0.49999999999999959;0.87500000000000003;0.26666666666666629
1;11.8;-0.35334412231870838;0.35376253507518424;0;-0.35376253507518474;-0.35334412231870926;0;0.5;-0.12500000000000018;0.49999999999999959;0.87500000000000003;0.26666666666666629
0;11.9;0.38684353129169036;-0.31678396786733742;0;0.31678396786733787;0.38684353129169136;0;0.5;-0.12500000000000019;0.49999999999999963;0.87500000000000001;0.26666666666666628
1;11.9;-0.38684353129169036;0.31678396786733742;0;-0.31678396786733787;-0.38684353129169136;0;0.5;-0.12500000000000019;0.49999999999999963;0.87500000000000001;0.26666666666666628
0;12;0.41649055921472816;-0.27665070772546796;0;0.27665070772546835;0.41649055921472922;0;0.5;-0.12500000000000019;0.49999999999999966;0.87499999999999999;0.26666666666666629
1;12;-0.41649055921472816;0.27665070772546796;0;-0.27665070772546835;-0.41649055921472922;0;0.5;-0.12500000000000019;0.49999999999999966;0.87499999999999999;0.26666666666666629
0;12.1;0.44198996617990205;-0.23376242169409581;0;0.23376242169409611;0.44198996617990322;0;0.5;-0.12500000000000016;0.49999999999999964;0.87499999999999999;0.26666666666666626
1;12.1;-0.44198996617990205;0.23376242169409581;0;-0.23376242169409611;-0.44198996617990322;0;0.5;-0.12500000000000016;0.49999999999999964;0.87499999999999999;0.26666666666666626
0;12.2;0.46308781635985202;-0.18854621274123537;0;0.18854621274123559;0.46308781635985324;0;0.5;-0.12500000000000017;0.49999999999999965;0.87499999999999998;0.26666666666666625
1;12.2;-0.46308781635985202;0.18854621274123537;0;-0.18854621274123559;-0.46308781635985324;0;0.5;-0.12500000000000017;0.49999999999999965;0.87499999999999998;0.26666666666666625
0;12.3;0.47957400682754597;-0.14145236645377157;0;0.14145236645377168;0.47957400682754725;0;0.5;-0.12500000000000018;0.49999999999999964;0.87499999999999998;0.26666666666666624
1;12.3;-0.47957400682754597;0.14145236645377157;0;-0.14145236645377168;-0.47957400682754725;0;0.5;-0.12500000000000018;0.49999999999999964;0.87499999999999998;0.26666666666666624
0;12.4;0.49128435986613944;-0.092949866868741363;0;0.092949866868741363;0.49128435986614077;0;0.5;-0.12500000000000021;0.4999999999999996;0.87499999999999999;0.26666666666666621
1;12.4;-0.49128435986613944;0.092949866868741363;0;-0.092949866868741363;-0.49128435986614077;0;0.5;-0.12500000000000021;0.4999999999999996;0.87499999999999999;0.26666666666666621
0;12.5;0.49810225793266;-0.043521726096111782;0;0.043521726096111657;0.49810225793266139;0;0.5;-0.12500000000000021;0.49999999999999963;0.87499999999999997;0.26666666666666621
1;12.5;-0.49810225793266;0.043521726096111782;0;-0.043521726096111657;-0.49810225793266139;0;0.5;-0.12500000000000021;0.49999999999999963;0.87499999999999997;0.26666666666666621
0;12.6;0.49995980499373149;0.0063398257569970088;0;-0.0063398257569972595;0.49995980499373288;0;0.5;-0.12500000000000023;0.4999999999999996;0.87499999999999998;0.26666666666666619
1;12.6;-0.49995980499373149;-0.0063398257569970088;0;0.0063398257569972595;-0.49995980499373288;0;0.5;-0.12500000000000023;0.4999999999999996;0.87499999999999998;0.26666666666666619
0;12.7;0.49683850266817753;0.056138242459507173;0;-0.056138242459507562;0.49683850266817897;0;0.5;-0.12500000000000019;0.4999999999999996;0.87499999999999996;0.26666666666666617
1;12.7;-0.49683850266817753;-0.056138242459507173;0;0.056138242459507562;-0.49683850266817897;0;0.5;-0.12500000000000019;0.4999999999999996;0.87499999999999996;0.26666666666666617
0;12.8;0.4887694344431382;0.10537760651169628;0;-0.10537760651169681;0.48876943444313964;0;0.5;-0.12500000000000019;0.49999999999999964;0.87499999999999994;0.26666666666666617
1;12.8;-0.4887694344431382;-0.10537760651169628;0;0.10537760651169681;-0.48876943444313964;0;0.5;-0.12500000000000019;0.49999999999999964;0.87499999999999994;0.26666666666666617
0;12.9;0.4758329561291838;0.15356756773928953;0;-0.1535675677392902;0.47583295612918525;0;0.5;-0.12500000000000015;0.49999999999999965;0.87499999999999993;0.26666666666666616
1;12.9;-0.4758329561291838;-0.15356756773928953;0;0.1535675677392902;-0.47583295612918525;0;0.5;-0.12500000000000015;0.49999999999999965;0.87499999999999993;0.26666666666666616
0;13;0.4581578956370288;0.20022822644534527;0;-0.20022822644534605;0.45815789563703019;0;0.5;-0.12500000000000015;0.49999999999999966;0.87499999999999993;0.26666666666666616
1;13;-0.4581578956370288;-0.20022822644534527;0;0.20022822644534605;-0.45815789563703019;0;0.5;-0.12500000000000015;0.49999999999999966;0.87499999999999993;0.26666666666666616
0;13.1;0.43592027004486816;0.24489491249106882;0;-0.24489491249106971;0.4359202700448695;0;0.5;-0.12500000000000015;0.49999999999999967;0.87499999999999992;0.26666666666666616
1;13.1;-0.43592027004486816;-0.24489491249106882;0;0.24489491249106971;-0.4359202700448695;0;0.5;-0.12500000000000015;0.49999999999999967;0.87499999999999992;0.26666666666666616
0;13.2;0.40934153273242091;0.28712281271308171;0;-0.28712281271308271;0.40934153273242219;0;0.5;-0.12500000000000016;0.49999999999999965;0.87499999999999993;0.26666666666666615
1;13.2;-0.40934153273242091;-0.28712281271308171;0;0.28712281271308271;-0.40934153273242219;0;0.5;-0.12500000000000016;0.49999999999999965;0.87499999999999993;0.26666666666666615
0;13.3;0.37868636803759503;0.32649140059501436;0;-0.32649140059501547;0.3786863680375962;0;0.5;-0.12500000000000016;0.49999999999999965;0.87499999999999993;0.26666666666666615
1;13.3;-0.37868636803759503;-0.32649140059501436;0;0.32649140059501547;-0.3786863680375962;0;0.5;-0.12500000000000016;0.49999999999999965;0.87499999999999993;0.26666666666666615
0;13.4;0.34426005539768378;0.36260862408054045;0;-0.36260862408054167;0.34426005539768484;0;0.5;-0.12500000000000016;0.49999999999999963;0.87499999999999994;0.26666666666666615
1;13.4;-0.34426005539768378;-0.36260862408054045;0;0.36260862408054167;-0.34426005539768484;0;0.5;-0.12500000000000016;0.49999999999999963;0.87499999999999994;0.26666666666666615
0;13.5;0.30640542922429176;0.39511480982352021;0;-0.39511480982352148;0.30640542922429276;0;0.5;-0.12500000000000016;0.49999999999999964;0.87499999999999993;0.26666666666666615
1;13.5;-0.30640542922429176;-0.39511480982352021;0;0.39511480982352148;-0.30640542922429276;0;0.5;-0.12500000000000016;0.49999999999999964;0.87499999999999993;0.26666666666666615
0;13.6;0.26549946478707431;0.42368624499477925;0;-0.42368624499478058;0.2654994647870752;0;0.5;-0.12500000000000016;0.49999999999999963;0.87499999999999994;0.26666666666666615
1;13.6;-0.26549946478707431;-0.42368624499477925;0;0.42368624499478058;-0.2654994647870752;0;0.5;-0.12500000000000016;0.49999999999999963;0.87499999999999994;0.26666666666666615
0;13.7;0.22194952410576446;0.44803840097610348;0;-0.44803840097610492;0.22194952410576524;0;0.5;-0.12500000000000017;0.49999999999999964;0.87499999999999993;0.26666666666666614
1;13.7;-0.22194952410576446;-0.44803840097610348;0;0.44803840097610492;-0.22194952410576524;0;0.5;-0.12500000000000017;0.49999999999999964;0.87499999999999993;0.26666666666666614
0;13.8;0.17618929923576937;0.4679287668382951;0;-0.46792876683829659;0.17618929923577004;0;0.5;-0.12500000000000016;0.49999999999999967;0.87499999999999992;0.26666666666666615
1;13.8;-0.17618929923576937;-0.4679287668382951;0;0.46792876683829659;-0.17618929923577004;0;0.5;-0.12500000000000016;0.49999999999999967;0.87499999999999992;0.26666666666666615
0;13.9;0.12867449334612416;0.48315926438610002;0;-0.48315926438610152;0.12867449334612471;0;0.5;-0.12500000000000014;0.49999999999999969;0.87499999999999992;0.26666666666666617
1;13.9;-0.12867449334612416;-0.48315926438610002;0;0.48315926438610152;-0.12867449334612471;0;0.5;-0.12500000000000014;0.49999999999999969;0.87499999999999992;0.26666666666666617
0;14;0.079878282599785078;0.49357822071978413;0;-0.49357822071978563;0.079878282599785508;0;0.5;-0.12500000000000013;0.49999999999999969;0.87499999999999992;0.26666666666666618
1;14;-0.079878282599785078;-0.49357822071978413;0;0.49357822071978563;-0.079878282599785508;0;0.5;-0.12500000000000013;0.49999999999999969;0.87499999999999992;0.26666666666666618
0;14.1;0.030286604029124364;0.49908187866960479;0;-0.49908187866960629;0.030286604029124673;0;0.5;-0.12500000000000018;0.4999999999999997;0.87499999999999992;0.26666666666666619
1;14.1;-0.030286604029124364;-0.49908187866960479;0;0.49908187866960629;-0.030286604029124673;0;0.5;-0.12500000000000018;0.4999999999999997;0.87499999999999992;0.26666666666666619
0;14.2;-0.019606683667684529;0.49961543006151687;0;-0.49961543006151837;-0.019606683667684335;0;0.5;-0.12500000000000017;0.4999999999999997;0.87499999999999993;0.2666666666666662
1;14.2;0.019606683667684529;-0.49961543006151687;0;0.49961543006151837;0.019606683667684335;0;0.5;-0.12500000000000017;0.4999999999999997;0.87499999999999993;0.2666666666666662
0;14.3;-0.069304718218185318;0.49517356152433772;0;-0.49517356152433917;-0.069304718218185235;0;0.5;-0.12500000000000015;0.49999999999999971;0.87499999999999993;0.26666666666666622
1;14.3;0.069304718218185318;-0.49517356152433772;0;0.49517356152433917;0.069304718218185235;0;0.5;-0.12500000000000015;0.49999999999999971;0.87499999999999993;0.26666666666666622
0;14.4;-0.11831258177824981;0.48580050740295044;0;-0.48580050740295183;-0.11831258177824984;0;0.5;-0.12500000000000014;0.49999999999999967;0.87499999999999995;0.26666666666666622
1;14.4;0.11831258177824981;-0.48580050740295044;0;0.48580050740295183;0.11831258177824984;0;0.5;-0.12500000000000014;0.49999999999999967;0.87499999999999995;0.26666666666666622
0;14.5;-0.16614222957110059;0.47158960925060989;0;-0.47158960925061122;-0.16614222957110072;0;0.5;-0.12500000000000012;0.49999999999999972;0.87499999999999994;0.26666666666666625
1;14.5;0.16614222957110059;-0.47158960925060989;0;0.47158960925061122;0.16614222957110072;0;0.5;-0.12500000000000012;0.49999999999999972;0.87499999999999994;0.26666666666666625
0;14.6;-0.21231735008089703;0.45268238628714619;0;-0.45268238628714746;-0.21231735008089725;0;0.5;-0.12500000000000017;0.4999999999999997;0.87499999999999996;0.26666666666666626
1;14.6;0.21231735008089703;-0.45268238628714619;0;0.45268238628714746;0.21231735008089725;0;0.5;-0.12500000000000017;0.4999999999999997;0.87499999999999996;0.26666666666666626
0;14.7;-0.25637810840065006;0.42926712607990819;0;-0.42926712607990936;-0.2563781084006504;0;0.5;-0.12500000000000014;0.49999999999999971;0.87499999999999996;0.26666666666666628
1;14.7;0.25637810840065006;-0.42926712607990819;0;0.42926712607990936;0.2563781084006504;0;0.5;-0.12500000000000014;0.49999999999999971;0.87499999999999996;0.26666666666666628
0;14.8;-0.2978857254978387;0.40157700948214853;0;-0.40157700948214958;-0.29788572549783909;0;0.5;-0.12500000000000012;0.49999999999999972;0.87499999999999997;0.26666666666666631
1;14.8;0.2978857254978387;-0.40157700948214853;0;0.40157700948214958;0.29788572549783909;0;0.5;-0.12500000000000012;0.49999999999999972;0.87499999999999997;0.26666666666666631
0;14.9;-0.33642684779511439;0.36988778850165127;0;-0.36988778850165221;-0.33642684779511484;0;0.5;-0.12500000000000015;0.49999999999999973;0.87499999999999998;0.26666666666666633
1;14.9;0.33642684779511439;-0.36988778850165127;0;0.36988778850165221;0.33642684779511484;0;0.5;-0.12500000000000015;0.49999999999999973;0.87499999999999998;0.26666666666666633
0;15;-0.37161766355162723;0.33451504022454509;0;-0.33451504022454592;-0.37161766355162767;0;0.5;-0.12500000000000012;0.49999999999999976;0.87499999999999998;0.26666666666666637
1;15;0.37161766355162723;-0.33451504022454509;0;0.33451504022454592;0.37161766355162767;0;0.5;-0.12500000000000012;0.49999999999999976;0.87499999999999998;0.26666666666666637
0;15.1;-0.4031077250519926;0.29581102414110028;0;-0.295811024141101;-0.40310772505199305;0;0.5;-0.12500000000000015;0.49999999999999974;0.875;0.26666666666666639
1;15.1;0.4031077250519926;-0.29581102414110028;0;0.295811024141101;0.40310772505199305;0;0.5;-0.12500000000000015;0.49999999999999974;0.875;0.26666666666666639
0;15.2;-0.43058343853963271;0.25416117416982836;0;-0.25416117416982897;-0.43058343853963321;0;0.5;-0.12500000000000014;0.49999999999999972;0.87500000000000001;0.26666666666666639
1;15.2;0.43058343853963271;-0.25416117416982836;0;0.25416117416982897;0.43058343853963321;0;0.5;-0.12500000000000014;0.49999999999999972;0.87500000000000001;0.26666666666666639
0;15.3;-0.45377118713999354;0.20998026031406014;0;-0.20998026031406067;-0.45377118713999409;0;0.5;-0.12500000000000014;0.49999999999999972;0.87500000000000002;0.2666666666666664
1;15.3;0.45377118713999354;-0.20998026031406014;0;0.20998026031406067;0.45377118713999409;0;0.5;-0.12500000000000014;0.49999999999999972;0.87500000000000002;0.2666666666666664
0;15.4;-0.47244005567400871;0.1637082581751424;0;-0.16370825817514284;-0.47244005567400926;0;0.5;-0.12500000000000013;0.49999999999999972;0.87500000000000002;0.26666666666666641
1;15.4;0.47244005567400871;-0.1637082581751424;0;0.16370825817514284;0.47244005567400926;0;0.5;-0.12500000000000013;0.49999999999999972;0.87500000000000002;0.26666666666666641
0;15.5;-0.4864041302267571;0.11580596745570358;0;-0.11580596745570394;-0.48640413022675766;0;0.5;-0.12500000000000011;0.49999999999999974;0.87500000000000002;0.26666666666666643
1;15.5;0.4864041302267571;-0.11580596745570358;0;0.11580596745570394;0.48640413022675766;0;0.5;-0.12500000000000011;0.49999999999999974;0.87500000000000002;0.26666666666666643
0;15.6;-0.49552434957106145;0.066750423086120586;0;-0.066750423086120877;-0.49552434957106195;0;0.5;-0.12500000000000014;0.49999999999999975;0.87500000000000003;0.26666666666666645
1;15.6;0.49552434957106145;-0.066750423086120586;0;0.066750423086120877;0.49552434957106195;0;0.5;-0.12500000000000014;0.49999999999999975;0.87500000000000003;0.26666666666666645
0;15.7;-0.49970989000862692;0.017030144672480818;0;-0.017030144672481051;-0.49970989000862737;0;0.5;-0.12500000000000012;0.49999999999999974;0.87500000000000004;0.26666666666666647
1;15.7;0.49970989000862692;-0.017030144672480818;0;0.017030144672481051;0.49970989000862737;0;0.5;-0.12500000000000012;0.49999999999999974;0.87500000000000004;0.26666666666666647
0;15.8;-0.49891906983778045;-0.032859728425591199;0;0.032859728425591025;-0.49891906983778089;0;0.5;-0.12500000000000012;0.49999999999999973;0.87500000000000005;0.26666666666666647
1;15.8;0.49891906983778045;0.032859728425591199;0;-0.032859728425591025;0.49891906983778089;0;0.5;-0.12500000000000012;0.49999999999999973;0.87500000000000005;0.26666666666666647
0;15.9;-0.49315976444066922;-0.082422367939918459;0;0.082422367939918334;-0.49315976444066967;0;0.5;-0.12500000000000012;0.49999999999999973;0.87500000000000005;0.26666666666666648
1;15.9;0.49315976444066922;0.082422367939918459;0;-0.082422367939918334;0.49315976444066967;0;0.5;-0.12500000000000012;0.49999999999999973;0.87500000000000005;0.26666666666666648
0;16;-0.4824893278562728;-0.13116420435775075;0;0.13116420435775067;-0.48248932785627319;0;0.5;-0.12500000000000009;0.49999999999999976;0.87500000000000005;0.2666666666666665
1;16;0.4824893278562728;0.13116420435775075;0;-0.13116420435775067;0.48248932785627319;0;0.5;-0.12500000000000009;0.49999999999999976;0.87500000000000005;0.2666666666666665
0;16.1;-0.4670140216202438;-0.17859984213343022;0;0.17859984213343019;-0.46701402162024414;0;0.5;-0.12500000000000013;0.49999999999999978;0.87500000000000004;0.26666666666666652
1;16.1;0.4670140216202438;0.17859984213343022;0;-0.17859984213343019;0.46701402162024414;0;0.5;-0.12500000000000013;0.49999999999999978;0.87500000000000004;0.26666666666666652
0;16.2;-0.44688795655947572;-0.22425689349961109;0;0.22425689349961109;-0.446887956559476;0;0.5;-0.12500000000000012;0.49999999999999978;0.87500000000000005;0.26666666666666653
1;16.2;0.44688795655947572;0.22425689349961109;0;-0.22425689349961109;0.446887956559476;0;0.5;-0.12500000000000012;0.49999999999999978;0.87500000000000005;0.26666666666666653
0;16.3;-0.42231155807953541;-0.26768068274052759;0;0.26768068274052759;-0.42231155807953563;0;0.5;-0.1250000000000001;0.49999999999999977;0.87500000000000006;0.26666666666666655
1;16.3;0.42231155807953541;0.26768068274052759;0;-0.26768068274052759;0.42231155807953563;0;0.5;-0.1250000000000001;0.49999999999999977;0.87500000000000006;0.26666666666666655
0;16.4;-0.39352957022839458;-0.30843877407980802;0;0.30843877407980808;-0.39352957022839474;0;0.5;-0.12500000000000013;0.49999999999999975;0.87500000000000007;0.26666666666666654
1;16.4;0.39352957022839458;0.30843877407980802;0;-0.30843877407980808;0.39352957022839474;0;0.5;-0.12500000000000013;0.49999999999999975;0.87500000000000007;0.26666666666666654
0;16.5;-0.3608286184129903;-0.34612527809186722;0;0.34612527809186733;-0.36082861841299047;0;0.5;-0.12500000000000011;0.49999999999999975;0.87500000000000007;0.26666666666666654
1;16.5;0.3608286184129903;0.34612527809186722;0;-0.34612527809186733;0.36082861841299047;0;0.5;-0.12500000000000011;0.49999999999999975;0.87500000000000007;0.26666666666666654
0;16.6;-0.32453435504030004;-0.38036489375148208;0;0.38036489375148219;-0.3245343550403002;0;0.5;-0.12500000000000014;0.49999999999999973;0.87500000000000008;0.26666666666666653
1;16.6;0.32453435504030004;0.38036489375148208;0;-0.38036489375148219;0.3245343550403002;0;0.5;-0.12500000000000014;0.49999999999999973;0.87500000000000008;0.26666666666666653
0;16.7;-0.28500821650806268;-0.41081664586880245;0;0.41081664586880262;-0.28500821650806279;0;0.5;-0.12500000000000011;0.49999999999999976;0.87500000000000007;0.26666666666666654
1;16.7;0.28500821650806268;0.41081664586880245;0;-0.41081664586880262;0.28500821650806279;0;0.5;-0.12500000000000011;0.49999999999999976;0.87500000000000007;0.26666666666666654
0;16.8;-0.24264382384065106;-0.43717728069055334;0;0.43717728069055356;-0.24264382384065111;0;0.5;-0.12500000000000012;0.49999999999999975;0.87500000000000007;0.26666666666666653
1;16.8;0.24264382384065106;0.43717728069055334;0;-0.43717728069055356;0.24264382384065111;0;0.5;-0.12500000000000012;0.49999999999999975;0.87500000000000007;0.26666666666666653
0;16.9;-0.19786306281436181;-0.45918428585233584;0;0.45918428585233606;-0.19786306281436183;0;0.5;-0.12500000000000015;0.49999999999999973;0.87500000000000008;0.26666666666666653
1;16.9;0.19786306281436181;0.45918428585233584;0;-0.45918428585233606;0.19786306281436183;0;0.5;-0.12500000000000015;0.49999999999999973;0.87500000000000008;0.26666666666666653
0;17;-0.15111188260819178;-0.47661850460783395;0;0.47661850460783417;-0.15111188260819175;0;0.5;-0.12500000000000015;0.49999999999999973;0.87500000000000008;0.26666666666666653
1;17;0.15111188260819178;0.47661850460783395;0;-0.47661850460783417;0.15111188260819175;0;0.5;-0.12500000000000015;0.49999999999999973;0.87500000000000008;0.26666666666666653
0;17.1;-0.10285585481923448;-0.48930631830112753;0;0.48930631830112775;-0.10285585481923441;0;0.5;-0.12500000000000011;0.49999999999999974;0.87500000000000007;0.26666666666666653
1;17.1;0.10285585481923448;0.48930631830112753;0;-0.48930631830112775;0.10285585481923441;0;0.5;-0.12500000000000011;0.49999999999999974;0.87500000000000007;0.26666666666666653
0;17.2;-0.053575537068239136;-0.49712137534796219;0;0.49712137534796241;-0.053575537068239025;0;0.5;-0.12500000000000011;0.49999999999999976;0.87500000000000006;0.26666666666666654
1;17.2;0.053575537068239136;0.49712137534796219;0;-0.49712137534796241;0.053575537068239025;0;0.5;-0.12500000000000011;0.49999999999999976;0.87500000000000006;0.26666666666666654
0;17.3;-0.0037616873668629511;-0.4999858495079173;0;0.49998584950791758;-0.0037616873668627889;0;0.5;-0.12500000000000013;0.49999999999999976;0.87500000000000005;0.26666666666666652
1;17.3;0.0037616873668629511;0.4999858495079173;0;-0.49998584950791758;0.0037616873668627889;0;0.5;-0.12500000000000013;0.49999999999999976;0.87500000000000005;0.26666666666666652
0;17.4;0.046089623095662662;-0.49787121491696973;0;0.49787121491697006;0.046089623095662877;0;0.5;-0.12500000000000015;0.49999999999999976;0.87500000000000005;0.2666666666666665
1;17.4;-0.046089623095662662;0.49787121491696973;0;-0.49787121491697006;-0.046089623095662877;0;0.5;-0.12500000000000015;0.49999999999999976;0.87500000000000005;0.2666666666666665
0;17.5;0.095481950077141206;-0.49079853016229175;0;0.49079853016229208;0.09548195007714147;0;0.5;-0.1250000000000001;0.49999999999999975;0.87500000000000005;0.26666666666666649
1;17.5;-0.095481950077141206;0.49079853016229175;0;-0.49079853016229208;-0.09548195007714147;0;0.5;-0.1250000000000001;0.49999999999999975;0.87500000000000005;0.26666666666666649
0;17.6;0.14392342012206796;-0.47883822857032454;0;0.47883822857032488;0.14392342012206827;0;0.5;-0.12500000000000018;0.4999999999999997;0.87500000000000006;0.26666666666666647
1;17.6;-0.14392342012206796;0.47883822857032454;0;-0.47883822857032488;-0.14392342012206827;0;0.5;-0.12500000000000018;0.4999999999999997;0.87500000000000006;0.26666666666666647
0;17.7;0.19093162888311055;-0.46210941679654371;0;0.46210941679654405;0.19093162888311091;0;0.5;-0.12500000000000014;0.49999999999999967;0.87500000000000007;0.26666666666666645
1;17.7;-0.19093162888311055;0.46210941679654371;0;-0.46210941679654405;-0.19093162888311091;0;0.5;-0.12500000000000014;0.49999999999999967;0.87500000000000007;0.26666666666666645
0;17.8;0.23603844514448211;-0.44077868870190956;0;0.44077868870190989;0.23603844514448255;0;0.5;-0.12500000000000015;0.49999999999999967;0.87500000000000006;0.26666666666666644
1;17.8;-0.23603844514448211;0.44077868870190956;0;-0.44077868870190989;-0.23603844514448255;0;0.5;-0.12500000000000015;0.49999999999999967;0.87500000000000006;0.26666666666666644
0;17.9;0.27879467270634339;-0.41505846632801313;0;0.41505846632801346;0.27879467270634389;0;0.5;-0.12500000000000017;0.49999999999999964;0.87500000000000006;0.26666666666666641
1;17.9;-0.27879467270634339;0.41505846632801313;0;-0.41505846632801346;-0.27879467270634389;0;0.5;-0.12500000000000017;0.49999999999999964;0.87500000000000006;0.26666666666666641
0;18;0.31877452370486109;-0.38520488449231594;0;0.38520488449231621;0.3187745237048617;0;0.5;-0.12500000000000019;0.49999999999999962;0.87500000000000007;0.26666666666666639
1;18;-0.31877452370486109;0.38520488449231594;0;-0.38520488449231621;-0.3187745237048617;0;0.5;-0.12500000000000019;0.49999999999999962;0.87500000000000007;0.26666666666666639
0;18.1;0.35557985882036763;-0.35151524006973989;0;0.35151524006974016;0.35557985882036836;0;0.5;-0.12500000000000022;0.4999999999999996;0.87500000000000006;0.26666666666666636
1;18.1;-0.35557985882036763;0.35151524006973989;0;-0.35151524006974016;-0.35557985882036836;0;0.5;-0.12500000000000022;0.4999999999999996;0.87500000000000006;0.26666666666666636
0;18.2;0.38884415214751217;-0.31432503136193568;0;0.3143250313619359;0.38884415214751294;0;0.5;-0.12500000000000017;0.49999999999999963;0.87500000000000005;0.26666666666666636
1;18.2;-0.38884415214751217;0.31432503136193568;0;-0.3143250313619359;-0.38884415214751294;0;0.5;-0.12500000000000017;0.49999999999999963;0.87500000000000005;0.26666666666666636
0;18.3;0.41823614124324593;-0.27400461703766793;0;0.2740046170376681;0.41823614124324676;0;0.5;-0.12500000000000018;0.49999999999999963;0.87500000000000004;0.26666666666666635
1;18.3;-0.41823614124324593;0.27400461703766793;0;-0.2740046170376681;-0.41823614124324676;0;0.5;-0.12500000000000018;0.49999999999999963;0.87500000000000004;0.26666666666666635
0;18.4;0.44346312600364191;-0.23095552791625795;0;0.23095552791625806;0.44346312600364279;0;0.5;-0.1250000000000002;0.49999999999999961;0.87500000000000004;0.26666666666666633
1;18.4;-0.44346312600364191;0.23095552791625795;0;-0.23095552791625806;-0.44346312600364279;0;0.5;-0.1250000000000002;0.49999999999999961;0.87500000000000004;0.26666666666666633
0;18.5;0.46427388351768573;-0.1856064683231857;0;0.18560646832318572;0.46427388351768667;0;0.5;-0.12500000000000021;0.49999999999999958;0.87500000000000004;0.26666666666666631
1;18.5;-0.46427388351768573;0.1856064683231857;0;-0.18560646832318572;-0.46427388351768667;0;0.5;-0.12500000000000021;0.49999999999999958;0.87500000000000004;0.26666666666666631
0;18.6;0.48046116987046844;-0.13840904683834859;0;0.13840904683834851;0.48046116987046944;0;0.5;-0.12500000000000024;0.49999999999999955;0.87500000000000005;0.26666666666666629
1;18.6;-0.48046116987046844;0.13840904683834859;0;-0.13840904683834851;-0.48046116987046944;0;0.5;-0.12500000000000024;0.49999999999999955;0.87500000000000005;0.26666666666666629
0;18.7;0.49186378398157582;-0.089833278952317963;0;0.089833278952317783;0.49186378398157687;0;0.5;-0.12500000000000026;0.49999999999999952;0.87500000000000006;0.26666666666666626
1;18.7;-0.49186378398157582;0.089833278952317963;0;-0.089833278952317783;-0.49186378398157687;0;0.5;-0.12500000000000026;0.49999999999999952;0.87500000000000006;0.26666666666666626
0;18.8;0.49836817292594077;-0.040362906417387802;0;0.040362906417387504;0.49836817292594188;0;0.5;-0.12500000000000023;0.49999999999999949;0.87500000000000006;0.26666666666666623
1;18.8;-0.49836817292594077;0.040362906417387802;0;-0.040362906417387504;-0.49836817292594188;0;0.5;-0.12500000000000023;0.49999999999999949;0.87500000000000006;0.26666666666666623
0;18.9;0.49990956275057236;0.0095094200943448559;0;-0.0095094200943452827;0.49990956275057352;0;0.5;-0.12500000000000025;0.49999999999999951;0.87500000000000004;0.26666666666666622
1;18.9;-0.49990956275057236;-0.0095094200943448559;0;0.0095094200943452827;-0.49990956275057352;0;0.5;-0.12500000000000025;0.49999999999999951;0.87500000000000004;0.26666666666666622
0;19;0.49647260352592371;0.059287047052371422;0;-0.059287047052371984;0.49647260352592487;0;0.5;-0.12500000000000027;0.49999999999999949;0.87500000000000004;0.2666666666666662
1;19;-0.49647260352592371;-0.059287047052371422;0;0.059287047052371984;-0.49647260352592487;0;0.5;-0.12500000000000027;0.49999999999999949;0.87500000000000004;0.2666666666666662
0;19.1;0.48809152220815522;0.1084742639916261;0;-0.10847426399162682;0.48809152220815644;0;0.5;-0.12500000000000024;0.49999999999999948;0.87500000000000003;0.26666666666666617
1;19.1;-0.48809152220815522;-0.1084742639916261;0;0.10847426399162682;-0.48809152220815644;0;0.5;-0.12500000000000024;0.49999999999999948;0.87500000000000003;0.26666666666666617
0;19.2;0.47484978179001441;0.15658124004482371;0;-0.1565812400448246;0.47484978179001563;0;0.5;-0.12500000000000027;0.49999999999999946;0.87500000000000002;0.26666666666666613
1;19.2;-0.47484978179001441;-0.15658124004482371;0;0.1565812400448246;-0.47484978179001563;0;0.5;-0.12500000000000027;0.49999999999999946;0.87500000000000002;0.26666666666666613
0;19.3;0.45687925013467789;0.20312890192282679;0;-0.20312890192282784;0.45687925013467912;0;0.5;-0.1250000000000003;0.49999999999999945;0.87500000000000001;0.26666666666666611
1;19.3;-0.45687925013467789;-0.20312890192282679;0;0.20312890192282784;-0.45687925013467912;0;0.5;-0.1250000000000003;0.49999999999999945;0.87500000000000001;0.26666666666666611
0;19.4;0.43435888676972334;0.24765370476567794;0;-0.24765370476567916;0.43435888676972451;0;0.5;-0.12500000000000027;0.49999999999999945;0.87500000000000001;0.26666666666666609
1;19.4;-0.43435888676972334;-0.24765370476567794;0;0.24765370476567916;-0.43435888676972451;0;0.5;-0.12500000000000027;0.49999999999999945;0.87500000000000001;0.26666666666666609
0;19.5;0.40751296071879273;0.28971224835378045;0;-0.28971224835378184;0.40751296071879384;0;0.5;-0.12500000000000029;0.49999999999999945;0.87499999999999999;0.26666666666666607
1;19.5;-0.40751296071879273;-0.28971224835378045;0;0.28971224835378184;-0.40751296071879384;0;0.5;-0.12500000000000029;0.49999999999999945;0.87499999999999999;0.26666666666666607
0;19.6;0.37660881711866911;0.32888569270869122;0;-0.32888569270869278;0.37660881711867017;0;0.5;-0.12500000000000025;0.49999999999999948;0.87499999999999997;0.26666666666666605
1;19.6;-0.37660881711866911;-0.32888569270869122;0;0.32888569270869278;-0.37660881711867017;0;0.5;-0.12500000000000025;0.49999999999999948;0.87499999999999997;0.26666666666666605
0;19.7;0.34195421486290911;0.36478392911076851;0;-0.36478392911077023;0.34195421486291006;0;0.5;-0.12500000000000027;0.4999999999999995;0.87499999999999995;0.26666666666666603
1;19.7;-0.34195421486290911;-0.36478392911076851;0;0.36478392911077023;-0.34195421486291006;0;0.5;-0.12500000000000027;0.4999999999999995;0.87499999999999995;0.26666666666666603
0;19.8;0.30389426178510548;0.39704946499659782;0;-0.39704946499659965;0.30389426178510631;0;0.5;-0.12500000000000022;0.49999999999999952;0.87499999999999993;0.26666666666666603
1;19.8;-0.30389426178510548;-0.39704946499659782;0;0.39704946499659965;-0.30389426178510631;0;0.5;-0.12500000000000022;0.49999999999999952;0.87499999999999993;0.26666666666666603
0;19.9;0.26280797790275495;0.42536098404844769;0;-0.42536098404844969;0.26280797790275567;0;0.5;-0.12500000000000026;0.49999999999999949;0.87499999999999993;0.26666666666666598
1;19.9;-0.26280797790275495;-0.42536098404844769;0;0.42536098404844969;-0.26280797790275567;0;0.5;-0.12500000000000026;0.49999999999999949;0.87499999999999993;0.26666666666666598
0;20;0.21910452094666541;0.44943654602260696;0;-0.44943654602260907;0.21910452094666602;0;0.5;-0.12500000000000029;0.49999999999999946;0.87499999999999993;0.26666666666666596
1;20;-0.21910452094666541;-0.44943654602260696;0;0.44943654602260907;-0.21910452094666602;0;0.5;-0.12500000000000029;0.49999999999999946;0.87499999999999993;0.26666666666666596
