# column style format: id;time;x;y;z;vx;vy;vz;mass;totalEnergy;totalSpecificAngularMomentum;rungeLenzVector;semiMajorAxis
# this file will be overwritten without any precaution
# used integrator was velocity_verlet
0;0;0.49937500000000001;0.025000000000000001;0;-0.024984345739803241;0.49937500146484087;0;0.5;-0.12499999987770094;0.5;0.87500009766486576;0.2666668611284187
1;0;-0.49937500000000001;-0.025000000000000001;0;0.024984345739803241;-0.49937500146484087;0;0.5;-0.12499999987770094;0.5;0.87500009766486576;0.2666668611284187
0;0.05;0.4975015654260197;0.049937500146484091;0;-0.049906114087204426;0.49750157712270576;0;0.5;-0.12499999951111508;0.50000000000000002;0.87500039041355955;0.26666744402588254
1;0.05;-0.4975015654260197;-0.049937500146484091;0;0.049906114087204426;-0.49750157712270576;0;0.5;-0.12499999951111508;0.50000000000000002;0.87500039041355955;0.26666744402588254
0;0.1;0.49438438859127959;0.074750157712270573;0;-0.074702886138511018;0.49438443672550819;0;0.5;-0.12499999890117542;0.50000000000000002;0.87500087750900441;0.26666841389691955
1;0.1;-0.49438438859127959;-0.074750157712270573;0;0.074702886138511018;-0.49438443672550819;0;0.5;-0.12499999890117542;0.50000000000000002;0.87500087750900441;0.26666841389691955
0;0.15;0.49003127681216863;0.099375943819034904;0;-0.099312559548449406;0.49003141641065501;0;0.5;-0.12499999804943417;0.50000000000000004;0.87500155772484818;0.26666976830875607
1;0.15;-0.49003127681216863;-0.099375943819034904;0;0.099312559548449406;-0.49003141641065501;0;0.5;-0.12499999804943417;0.50000000000000004;0.87500155772484818;0.26666976830875607
0;0.2;0.48445313263643469;0.12375329935333607;0;-0.12367350576315857;0.48445345856674604;0;0.5;-0.12499999695805871;0.50000000000000007;0.87500242934862173;0.2666715038641578
1;0.2;-0.48445313263643469;-0.12375329935333607;0;0.12367350576315857;-0.48445345856674604;0;0.5;-0.12499999695805871;0.50000000000000007;0.87500242934862173;0.2666715038641578
0;0.25;0.4776639262358528;0.14782128967570951;0;-0.14772472600131553;0.47766458372415638;0;0.5;-0.12499999562982554;0.50000000000000009;0.87500349018614786;0.2666736162100512
1;0.25;-0.4776639262358528;-0.14782128967570951;0;0.14772472600131553;-0.47766458372415638;0;0.5;-0.12499999562982554;0.50000000000000009;0.87500349018614786;0.2666736162100512
0;0.3;0.46968066003630315;0.1715197577257517;0;-0.17140600557207086;0.46968185454876654;0;0.5;-0.12499999406811311;0.50000000000000009;0.87500473756718878;0.26667610004856869
1;0.3;-0.46968066003630315;-0.1715197577257517;0;0.17140600557207086;-0.46968185454876654;0;0.5;-0.12499999406811311;0.50000000000000009;0.87500473756718878;0.26667610004856869
0;0.35;0.46052332567864573;0.19478947513058617;0;-0.19465806612355327;0.46052533203898982;0;0.5;-0.12499999227689251;0.5000000000000001;0.87500616835231632;0.26667894915048859
1;0.35;-0.46052332567864573;-0.19478947513058617;0;0.19465806612355327;-0.46052533203898982;0;0.5;-0.12499999227689251;0.5000000000000001;0.87500616835231632;0.26667894915048859
0;0.4;0.45021485342394785;0.21757229092965069;0;-0.21742271542201252;0.45021802404777245;0;0.5;-0.12499999026071706;0.50000000000000012;0.87500777894098571;0.26668215637103401
1;0.4;-0.45021485342394785;-0.21757229092965069;0;0.21742271542201252;-0.45021802404777245;0;0.5;-0.12499999026071706;0.50000000000000012;0.87500777894098571;0.26668215637103401
0;0.45;0.43878105413644447;0.23981127753536341;0;-0.23964299426917898;0.43878582627234075;0;0.5;-0.1249999880247101;0.5000000000000001;0.87500956528079049;0.26668571366798894
1;0.45;-0.43878105413644447;-0.23981127753536341;0;0.23964299426917898;-0.43878582627234075;0;0.5;-0.1249999880247101;0.5000000000000001;0.87500956528079049;0.26668571366798894
0;0.5;0.42625055399702994;0.26145087355688479;0;-0.26126332017409659;0.42625745587506364;0;0.5;-0.12499998557455113;0.50000000000000011;0.87501152287787259;0.26668961212208361
1;0.5;-0.42625055399702994;-0.26145087355688479;0;0.26126332017409659;-0.42625745587506364;0;0.5;-0.12499998557455113;0.50000000000000011;0.87501152287787259;0.26668961212208361
0;0.55;0.41265472211903481;0.28243702312286978;0;-0.28222962740549445;0.4126643779188211;0;0.5;-0.12499998291646104;0.50000000000000009;0.87501364680845903;0.26669384195959509
1;0.55;-0.41265472211903481;-0.28243702312286978;0;0.28222962740549445;-0.4126643779188211;0;0.5;-0.12499998291646104;0.50000000000000009;0.87501364680845903;0.26669384195959509
0;0.6;0.39802759125648046;0.30271731134876689;0;-0.30248950306165817;0.39804072481965358;0;0.5;-0.12499998005718524;0.50000000000000009;0.87501593173149303;0.26669839257710382
1;0.6;-0.39802759125648046;-0.30271731134876689;0;0.30248950306165817;-0.39804072481965358;0;0.5;-0.12499998005718524;0.50000000000000009;0.87501593173149303;0.26669839257710382
0;0.65;0.38240577181286894;0.32224109560483516;0;-0.32199231880670137;0.3824232090381483;0;0.5;-0.12499997700397598;0.50000000000000008;0.87501837190232473;0.26670325256834045
1;0.65;-0.38240577181286894;-0.32224109560483516;0;0.32199231880670137;-0.3824232090381483;0;0.5;-0.12499997700397598;0.50000000000000008;0.87501837190232473;0.26670325256834045
0;0.7;0.36582835937581032;0.34095963225258175;0;-0.34068935793506722;0.36585102924894009;0;0.5;-0.12499997376457296;0.50000000000000011;0.87502096118742389;0.2667084097530526
1;0.7;-0.36582835937581032;-0.34095963225258175;0;0.34068935793506722;-0.36585102924894009;0;0.5;-0.12499997376457296;0.50000000000000011;0.87502096118742389;0.2667084097530526
0;0.75;0.34833683601936227;0.35882619852972919;0;-0.35853393743995676;0.34836577024480836;0;0.5;-0.124999970347183;0.50000000000000015;0.87502369308007411;0.26671385120781554
1;0.75;-0.34833683601936227;-0.35882619852972919;0;0.35853393743995676;-0.34836577024480836;0;0.5;-0.124999970347183;0.50000000000000015;0.87502369308007411;0.26671385120781554
0;0.8;0.32997496563181467;0.37579620927706259;0;-0.37548152477612956;0.33001129684809011;0;0.5;-0.1249999667604584;0.50000000000000013;0.87502656071700566;0.26671956329870622
1;0.8;-0.32997496563181467;-0.37579620927706259;0;0.37548152477612956;-0.33001129684809011;0;0.5;-0.1249999667604584;0.50000000000000013;0.87502656071700566;0.26671956329870622
0;0.85;0.31078868354174932;0.3918273282145382;0;-0.39148984902308842;0.31083364211745274;0;0.5;-0.12499996301347413;0.50000000000000011;0.8750295568959215;0.26672553171575498
1;0.85;-0.31078868354174932;-0.3918273282145382;0;0.39148984902308842;-0.31083364211745274;0;0.5;-0.12499996301347413;0.50000000000000011;0.8750295568959215;0.26672553171575498
0;0.9;0.29082598072950583;0.40687957348880788;0;-0.40651900617098613;0.29088089015244045;0;0.5;-0.12499995911570395;0.50000000000000009;0.87503267409386916;0.26673174150908496
1;0.9;-0.29082598072950583;-0.40687957348880788;0;0.40651900617098613;-0.29088089015244045;0;0.5;-0.12499995911570395;0.50000000000000009;0.87503267409386916;0.26673174150908496
0;0.95;0.27013678292465071;0.42091541722978226;0;-0.42053155826860905;0.27020305381158544;0;0.5;-0.1249999550769957;0.50000000000000008;0.87503590448640842;0.26673817712664518
1;0.95;-0.27013678292465071;-0.42091541722978226;0;0.42053155826860905;-0.27020305381158544;0;0.5;-0.1249999550769957;0.50000000000000008;0.87503590448640842;0.26673817712664518
0;1;0.24877282490264493;0.43389987886996645;0;-0.43349262619043721;0.24885194767222948;0;0.5;-0.12499995090754569;0.50000000000000012;0.87503923996752348;0.26674482245343904
1;1;-0.24877282490264493;-0.43389987886996645;0;0.43349262619043721;-0.24885194767222948;0;0.5;-0.12499995090754569;0.50000000000000012;0.87503923996752348;0.26674482245343904
0;1.05;0.226787520305607;0.44580061199700521;0;-0.44536997579798299;0.22688105657150534;0;0.5;-0.12499994661787197;0.50000000000000011;0.87504267217022611;0.26675166085214659
1;1.05;-0.226787520305607;-0.44580061199700521;0;0.44536997579798299;-0.22688105657150534;0;0.5;-0.12499994661787197;0.50000000000000011;0.87504267217022611;0.26675166085214659
0;1.1;0.20423582732284665;0.45658798452711696;0;-0.45613409728930426;0.20434540007815816;0;0.5;-0.12499994221878719;0.50000000000000008;0.87504619248779471;0.26675867520503554
1;1.1;-0.20423582732284665;-0.45658798452711696;0;0.45613409728930426;-0.20434540007815816;0;0.5;-0.12499994221878719;0.50000000000000008;0.87504619248779471;0.26675867520503554
0;1.15;0.18117411057667657;0.46623515200482102;0;-0.46575827754970223;0.18130139325402919;0;0.5;-0.12499993772137051;0.50000000000000008;0.87504979209559295;0.26676584795705265
1;1.15;-0.18117411057667657;-0.46623515200482102;0;0.46575827754970223;-0.18130139325402919;0;0.5;-0.12499993772137051;0.50000000000000008;0.87504979209559295;0.26676584795705265
0;1.2;0.15765999956787641;0.47471812385251988;0;-0.47421866533608115;0.15780670407206396;0;0.5;-0.12499993313693919;0.5000000000000001;0.87505346197341054;0.26677316115998484
1;1.2;-0.15765999956787641;-0.47471812385251988;0;0.47421866533608115;-0.15780670407206396;0;0.5;-0.12499993313693919;0.5000000000000001;0.87505346197341054;0.26677316115998484
0;1.25;0.13375224404306846;0.48201582241202739;0;-0.48149432914719964;0.13392010786463859;0;0.5;-0.12499992847701944;0.50000000000000008;0.87505719292826691;0.26678059651757649
1;1.25;-0.13375224404306846;-0.48201582241202739;0;0.48149432914719964;-0.13392010786463859;0;0.5;-0.12499992847701944;0.50000000000000008;0.87505719292826691;0.26678059651757649
0;1.3;0.10951056665315645;0.48811013463898373;0;-0.4875673076520094;0.10970133918181729;0;0.5;-0.12499992375331678;0.50000000000000007;0.87506097561761866;0.26678813543148774
1;1.3;-0.10951056665315645;-0.48811013463898373;0;0.4875673076520094;-0.10970133918181729;0;0.5;-0.12499992375331678;0.50000000000000007;0.87506097561761866;0.26678813543148774
0;1.35;0.084995513277867515;0.49298595633020914;0;-0.49242265256839479;0.085210941443864999;0;0.5;-0.12499991897768639;0.50000000000000008;0.87506480057291006;0.26679575904797606
1;1.35;-0.084995513277867515;-0.49298595633020914;0;0.49242265256839479;-0.085210941443864999;0;0.5;-0.12499991897768639;0.50000000000000008;0.87506480057291006;0.26679575904797606
0;1.4;0.060268301396316976;0.49663122878337024;0;-0.49604846390482726;0.060510114775945499;0;0.5;-0.12499991416210287;0.50000000000000012;0.87506865822340602;0.2668034483051829
1;1.4;-0.060268301396316976;-0.49663122878337024;0;0.49604846390482726;-0.060510114775945499;0;0.5;-0.12499991416210287;0.50000000000000012;0.87506865822340602;0.2668034483051829
0;1.45;0.035390666887384792;0.49903696780780371;0;-0.49843591749767047;0.035660562415450209;0;0.5;-0.1249999093186298;0.50000000000000015;0.87507253892024594;0.26681118398090501
1;1.45;-0.035390666887384792;-0.49903696780780371;0;0.49843591749767047;-0.035660562415450209;0;0.5;-0.1249999093186298;0.50000000000000015;0.87507253892024594;0.26681118398090501
0;1.5;0.010424709646549929;0.50019728502491523;0;-0.49957928479705138;0.010724336083838212;0;0.5;-0.12499990445938953;0.50000000000000008;0.87507643296065712;0.26681894674072981
1;1.5;-0.010424709646549929;-0.50019728502491523;0;0.49957928479705138;-0.010724336083838212;0;0.5;-0.12499990445938953;0.50000000000000008;0.87507643296065712;0.26681894674072981
0;1.55;-0.014567261592320349;0.50010940141618754;0;-0.49947594487429275;-0.014236319284756204;0;0.5;-0.12499989959653228;0.50000000000000014;0.87508033061226606;0.26682671718641366
1;1.55;0.014567261592320349;-0.50010940141618754;0;0.49947594487429275;0.014236319284756204;0;0.5;-0.12499989959653228;0.50000000000000014;0.87508033061226606;0.26682671718641366
0;1.6;-0.039522884840879347;0.49877365309643967;0;-0.49812638864382314;-0.039159121066556002;0;0.5;-0.12499989474220625;0.50000000000000015;0.87508422213744667;0.26683447590438085
1;1.6;0.039522884840879347;-0.49877365309643967;0;0.49812638864382314;0.039159121066556002;0;0.5;-0.12499989474220625;0.50000000000000015;0.87508422213744667;0.26683447590438085
0;1.65;-0.064379900456702666;0.49619348930953194;0;-0.49553421531219255;-0.063981904332899631;0;0.5;-0.12499988990852674;0.50000000000000013;0.87508809781764355;0.26684220351422268
1;1.65;0.064379900456702666;-0.49619348930953194;0;0.49553421531219255;0.063981904332899631;0;0.5;-0.12499988990852674;0.50000000000000013;0.87508809781764355;0.26684220351422268
0;1.7;-0.08907630637209861;0.49237546266314969;0;-0.49170612108626666;-0.088642776709475984;0;0.5;-0.12499988510754642;0.50000000000000011;0.87509194797761028;0.26684988071707483
1;1.7;0.08907630637209861;-0.49237546266314969;0;0.49170612108626666;0.088642776709475984;0;0.5;-0.12499988510754642;0.50000000000000011;0.87509194797761028;0.26684988071707483
0;1.75;-0.11355051256532933;0.48732921163858434;0;-0.48665188019180922;-0.11308027232640998;0;0.5;-0.12499988035122517;0.50000000000000012;0.87509576300950232;0.26685748834375289
1;1.75;0.11355051256532933;-0.48732921163858434;0;0.48665188019180922;0.11308027232640998;0;0.5;-0.12499988035122517;0.50000000000000012;0.87509576300950232;0.26685748834375289
0;1.8;-0.13774149439127953;0.48106743543050867;0;-0.48038431827243988;-0.13723350448012056;0;0.5;-0.12499987565140085;0.50000000000000012;0.87509953339676525;0.26686500740252657
1;1.8;0.13774149439127953;-0.48106743543050867;0;0.48038431827243988;0.13723350448012056;0;0.5;-0.12499987565140085;0.50000000000000012;0.87509953339676525;0.26686500740252657
0;1.85;-0.16158894439257332;0.47360586119057224;0;-0.47291927825733399;-0.16104231663331253;0;0.5;-0.12499987101975989;0.50000000000000011;0.87510324973775979;0.26687241912641449
1;1.85;0.16158894439257332;-0.47360586119057224;0;0.47291927825733399;0.16104231663331253;0;0.5;-0.12499987101975989;0.50000000000000011;0.87510324973775979;0.26687241912641449
0;1.9;-0.18503342221701294;0.46496320376717742;0;-0.46427557880397197;-0.18444743138575867;0;0.5;-0.12499986646780886;0.50000000000000013;0.87510690276906617;0.26687970501988287
1;1.9;0.18503342221701294;-0.46496320376717742;0;0.46427557880397197;0.18444743138575867;0;0.5;-0.12499986646780886;0.50000000000000013;0.87510690276906617;0.26687970501988287
0;1.95;-0.20801650227297053;0.45516111805199638;0;-0.45447496543971294;-0.20739059705564317;0;0.5;-0.12499986200684628;0.50000000000000014;0.87511048338841145;0.26688684690483333
1;1.95;0.20801650227297053;-0.45516111805199638;0;0.45447496543971294;0.20739059705564317;0;0.5;-0.12499986200684628;0.50000000000000014;0.87511048338841145;0.26688684690483333
0;2;-0.23048091876098423;0.44422414406161309;0;-0.44354205454292805;-0.22981473151913237;0;0.5;-0.1249998576479352;0.50000000000000014;0.87511398267716481;0.26689382696576737
1;2;0.23048091876098423;-0.44422414406161309;0;0.44354205454292805;0.22981473151913237;0;0.5;-0.1249998576479352;0.50000000000000014;0.87511398267716481;0.26689382696576737
0;2.05;-0.25237070772726333;0.43217964490008315;0;-0.43150427032085431;-0.25166406296447758;0;0.5;-0.12499985340187636;0.50000000000000014;0.87511739192234683;0.2669006277940168
1;2.05;0.25237070772726333;-0.43217964490008315;0;0.43150427032085431;0.25166406296447758;0;0.5;-0.12499985340187636;0.50000000000000014;0.87511739192234683;0.2669006277940168
0;2.1;-0.27363134579306964;0.41905773776516536;0;-0.41839177495719232;-0.27288426722629555;0;0.5;-0.12499984927918201;0.50000000000000015;0.87512070263810075;0.26690723243093284
1;2.1;0.27363134579306964;-0.41905773776516536;0;0.41839177495719232;0.27288426722629555;0;0.5;-0.12499984927918201;0.50000000000000015;0.87512070263810075;0.26690723243093284
0;2.15;-0.29420988522298253;0.4048912181774536;0;-0.40423739211774906;-0.29342260137567966;0;0.5;-0.12499984529005081;0.50000000000000013;0.87512390658657505;0.26691362440992877
1;2.15;0.29420988522298253;-0.4048912181774536;0;0.40423739211774906;0.29342260137567966;0;0.5;-0.12499984529005081;0.50000000000000013;0.87512390658657505;0.26691362440992877
0;2.2;-0.31405508500484453;0.3897154776275974;0;-0.3890765240170998;-0.31322803325242515;0;0.5;-0.12499984144434312;0.50000000000000013;0.87512699579816806;0.2669197877972745
1;2.2;0.31405508500484453;-0.3897154776275974;0;0.3890765240170998;0.31322803325242515;0;0.5;-0.12499984144434312;0.50000000000000013;0.87512699579816806;0.2669197877972745
0;2.25;-0.33311753762469248;0.37356841485221109;0;-0.372947062263291;-0.3322513666368716;0;0.5;-0.12499983775155762;0.50000000000000013;0.87512996259108783;0.26692570723154448
1;2.25;0.33311753762469248;-0.37356841485221109;0;0.372947062263291;0.3322513666368716;0;0.5;-0.12499983775155762;0.50000000000000013;0.87512996259108783;0.26692570723154448
0;2.3;-0.3513497912311736;0.35649034096391025;0;-0.35588929271101816;-0.35044536177063113;0;0.5;-0.12499983422080863;0.50000000000000015;0.87513279959018144;0.26693136796162414
1;2.3;0.3513497912311736;-0.35649034096391025;0;0.35588929271101816;0.35044536177063113;0;0.5;-0.12499983422080863;0.50000000000000015;0.87513279959018144;0.26693136796162414
0;2.35;-0.36870646689579428;0.33852387867514799;0;-0.33794579456647261;-0.36776485094774919;0;0.5;-0.12499983086080435;0.50000000000000014;0.87513549974499076;0.26693675588318342
1;2.35;0.36870646689579428;-0.33852387867514799;0;0.33794579456647261;0.36776485094774919;0;0.5;-0.12499983086080435;0.50000000000000014;0.87513549974499076;0.26693675588318342
0;2.4;-0.38514437068782087;0.31971385586913531;0;-0.3191613339991502;-0.38416684891059638;0;0.5;-0.12499982767982633;0.50000000000000013;0.87513805634699282;0.26694185757353034
1;2.4;0.38514437068782087;-0.31971385586913531;0;0.3191613339991502;0.38416684891059638;0;0.5;-0.12499982767982633;0.50000000000000013;0.87513805634699282;0.26694185757353034
0;2.45;-0.40062260029570934;0.30010719378408834;0;-0.29958275252734723;-0.39961065779797822;0;0.5;-0.12499982468570984;0.50000000000000018;0.87514046304598575;0.26694666032476105
1;2.45;0.40062260029570934;-0.30010719378408834;0;0.29958275252734723;0.39961065779797822;0;0.5;-0.12499982468570984;0.50000000000000018;0.87514046304598575;0.26694666032476105
0;2.5;-0.41510264594055563;0.27975279008933751;0;-0.27925885045482329;-0.4140579664065443;0;0.5;-0.12499982188582549;0.50000000000000022;0.87514271386558299;0.26695115217512758
1;2.5;0.41510264594055563;-0.27975279008933751;0;0.27925885045482329;0.4140579664065443;0;0.5;-0.12499982188582549;0.50000000000000022;0.87514271386558299;0.26695115217512758
0;2.55;-0.42854848534119167;0.25870139714343393;0;-0.25824026564618863;-0.42747294354054099;0;0.5;-0.12499981928706186;0.50000000000000021;0.87514480321778059;0.26695532193854873
1;2.55;0.42854848534119167;-0.25870139714343393;0;0.25824026564618863;0.42747294354054099;0;0.5;-0.12499981928706186;0.50000000000000021;0.87514480321778059;0.26695532193854873
0;2.6;-0.44092667250517448;0.2370054957352834;0;-0.23657934793796689;-0.43982232523925235;0;0.5;-0.12499981689580931;0.5000000000000002;0.87514672591656502;0.26695915923219397
1;2.6;0.44092667250517448;-0.2370054957352834;0;0.23657934793796689;0.43982232523925235;0;0.5;-0.12499981689580931;0.5000000000000002;0.87514672591656502;0.26695915923219397
0;2.65;-0.45220642013498835;0.21471916461950868;0;-0.21433002949099472;-0.45107549568608313;0;0.5;-0.12499981471794509;0.50000000000000016;0.87514847719053087;0.26696265450207506
1;2.65;0.45220642013498835;-0.21471916461950868;0;0.21433002949099472;0.45107549568608313;0;0.5;-0.12499981471794509;0.50000000000000016;0.87514847719053087;0.26696265450207506
0;2.7;-0.46235967545427392;0.19189794616667508;0;-0.19154769139784519;-0.46120456161812184;0;0.5;-0.12499981275881955;0.50000000000000017;0.87515005269448037;0.26696579904658507
1;2.7;0.46235967545427392;-0.19189794616667508;0;0.19154769139784519;0.46120456161812184;0;0.5;-0.12499981275881955;0.50000000000000017;0.87515005269448037;0.26696579904658507
0;2.75;-0.47136118927477283;0.16859870845769651;0;-0.16828902686630376;-0.47018442007015721;0;0.5;-0.12499981102324377;0.50000000000000014;0.87515144851997884;0.26696858503792906
1;2.75;0.47136118927477283;-0.16859870845769651;0;0.16828902686630376;0.47018442007015721;0;0.5;-0.12499981102324377;0.50000000000000014;0.87515144851997884;0.26696858503792906
0;2.8;-0.47918857814090426;0.14487950415965936;0;-0.14461190130658352;-0.47799281930247806;0;0.5;-0.12499980951547828;0.50000000000000011;0.87515266120484268;0.26697100554139615
1;2.8;0.47918857814090426;-0.14487950415965936;0;0.14461190130658352;0.47799281930247806;0;0.5;-0.12499980951547828;0.50000000000000011;0.87515266120484268;0.26697100554139615
0;2.85;-0.48582237940543116;0.1207994265274487;0;-0.12057520965594373;-0.48461041277733935;0;0.5;-0.12499980823922322;0.50000000000000012;0.87515368774153894;0.26697305453242751
1;2.85;0.48582237940543116;-0.1207994265274487;0;0.12057520965594373;0.48461041277733935;0;0.5;-0.12499980823922322;0.50000000000000012;0.87515368774153894;0.26697305453242751
0;2.9;-0.49124609910649863;0.096418462881925432;0;-0.09623873127967246;-0.49002080606470289;0;0.5;-0.12499980719760971;0.50000000000000015;0.8751545255844781;0.26697472691144026
1;2.9;0.49124609910649863;-0.096418462881925432;0;0.09623873127967246;0.49002080606470289;0;0.5;-0.12499980719760971;0.50000000000000015;0.8751545255844781;0.26697472691144026
0;2.95;-0.49544625253339841;0.071797345920978403;0;-0.071662982792014773;-0.49421059657373595;0;0.5;-0.12499980639319273;0.50000000000000015;0.8751551726561838;0.26697601851637243
1;2.95;0.49544625253339841;-0.071797345920978403;0;0.071662982792014773;0.49421059657373595;0;0.5;-0.12499980639319273;0.50000000000000015;0.8751551726561838;0.26697601851637243
0;3;-0.49841239738570009;0.046997403224551829;0;-0.046909069144572282;-0.49716940602255111;0;0.5;-0.12499980582794498;0.50000000000000013;0.875155627352326;0.26697692613291977
1;3;0.49841239738570009;-0.046997403224551829;0;0.046909069144572282;0.49716940602255111;0;0.5;-0.12499980582794498;0.50000000000000013;0.875155627352326;0.26697692613291977
0;3.05;-0.50013715944785564;0.022080405318723292;0;-0.02203853333297159;-0.49888990557477697;0;0.5;-0.12499980550325244;0.50000000000000016;0.87515588854560683;0.2669774475024402
1;3.05;0.50013715944785564;-0.022080405318723292;0;0.02203853333297159;0.49888990557477697;0;0.5;-0.12499980550325244;0.50000000000000016;0.87515588854560683;0.2669774475024402
0;3.1;-0.50061625071899729;-0.0028915873329258667;0;0.0028867949247998936;-0.49936783358774045;0;0.5;-0.12499980541991126;0.50000000000000019;0.87515595558849036;0.26697758132750746
1;3.1;0.50061625071899729;0.0028915873329258667;0;-0.0028867949247998936;0.49936783358774045;0;0.5;-0.12499980541991126;0.50000000000000019;0.87515595558849036;0.26697758132750746
0;3.15;-0.49984847995537568;-0.027856378040050752;0;0.027804951183061449;-0.49860200593329673;0;0.5;-0.12499980557812576;0.50000000000000019;0.87515582831477029;0.26697732727510112
1;3.15;0.49984847995537568;0.027856378040050752;0;-0.027804951183061449;0.49860200593329673;0;0.5;-0.12499980557812576;0.50000000000000019;0.87515582831477029;0.26697732727510112
0;3.2;-0.49783575560069115;-0.052751787926255539;0;0.052653988579517287;-0.49659431886864397;0;0.5;-0.12499980597750803;0.50000000000000022;0.87515550703997236;0.26697668597742537
1;3.2;0.49783575560069115;0.052751787926255539;0;-0.052653988579517287;0.49659431886864397;0;0.5;-0.12499980597750803;0.50000000000000022;0.87515550703997236;0.26697668597742537
0;3.25;-0.49458308109742394;-0.077515809926915147;0;0.077372130105557629;-0.49334974445078739;0;0.5;-0.12499980661707881;0.50000000000000022;0.87515499256059052;0.26697565903035465
1;3.25;0.49458308109742394;0.077515809926915147;0;-0.077372130105557629;0.49334974445078739;0;0.5;-0.12499980661707881;0.50000000000000022;0.87515499256059052;0.26697565903035465
0;3.3;-0.49009854259013536;-0.10208676237133428;0;0.10189792047866594;-0.4888763185046533;0;0.5;-0.12499980749526982;0.50000000000000017;0.87515428615215836;0.26697424898950981
1;3.3;0.49009854259013536;0.10208676237133428;0;-0.10189792047866594;0.4888763185046533;0;0.5;-0.12499980749526982;0.50000000000000017;0.87515428615215836;0.26697424898950981
0;3.35;-0.48439328904955731;-0.12640344177738047;0;0.12617037726055413;-0.48318512117117735;0;0.5;-0.12499980860992725;0.50000000000000013;0.87515338956616023;0.26697245936397396
1;3.35;0.48439328904955731;0.12640344177738047;0;-0.12617037726055413;0.48318512117117735;0;0.5;-0.12499980860992725;0.50000000000000013;0.87515338956616023;0.26697245936397396
0;3.4;-0.47748150486407992;-0.15040527448845201;0;0.15012914086605397;-0.47629025007798603;0;0.5;-0.1249998099583169;0.50000000000000011;0.87515230502578873;0.26697029460766276
1;3.4;0.47748150486407992;0.15040527448845201;0;-0.15012914086605397;0.47629025007798603;0;0.5;-0.1249998099583169;0.50000000000000011;0.87515230502578873;0.26697029460766276
0;3.45;-0.46938037496295193;-0.17403246678517909;0;0.17371462310986746;-0.46820878619153683;0;0.5;-0.12499981153713029;0.50000000000000012;0.87515103522055782;0.26696776010836921
1;3.45;0.46938037496295193;0.17403246678517909;0;-0.17371462310986746;0.46820878619153683;0;0.5;-0.12499981153713029;0.50000000000000012;0.87515103522055782;0.26696776010836921
0;3.5;-0.46011004255309318;-0.19722615310760569;0;0.19686815394102458;-0.45896075242575946;0;0.5;-0.12499981334249267;0.50000000000000009;0.8751495832997834;0.26696486217450872
1;3.5;0.46011004255309318;0.19722615310760569;0;-0.19686815394102458;0.45896075242575946;0;0.5;-0.12499981334249267;0.50000000000000009;0.8751495832997834;0.26696486217450872
0;3.55;-0.44969355956884943;-0.21992854202775503;0;0.21953212601831368;-0.44856906509832994;0;0.5;-0.12499981536997163;0.5000000000000001;0.87514795286494553;0.26696160801959563
1;3.55;0.44969355956884943;0.21992854202775503;0;-0.21953212601831368;0.44856906509832994;0;0.5;-0.12499981536997163;0.5000000000000001;0.87514795286494553;0.26696160801959563
0;3.6;-0.43815682995126182;-0.2420830596174387;0;0.2416501367840411;-0.43705947834168946;0;0.5;-0.12499981761458766;0.50000000000000012;0.8751461479609494;0.26695800574448734
1;3.6;0.43815682995126182;0.2420830596174387;0;-0.2416501367840411;0.43705947834168946;0;0.5;-0.12499981761458766;0.50000000000000012;0.8751461479609494;0.26695800574448734
0;3.65;-0.42552854589044536;-0.263634489861924;0;0.26316712769824463;-0.42446052159176917;0;0.5;-0.12499982007082572;0.50000000000000011;0.87514417306630399;0.26695406431743784
1;3.65;0.42552854589044536;0.263634489861924;0;-0.26316712769824463;0.42446052159176917;0;0.5;-0.12499982007082572;0.50000000000000011;0.87514417306630399;0.26695406431743784
0;3.7;-0.41184011718143737;-0.28452911177661566;0;0.28402952030093143;-0.41080343029307831;0;0.5;-0.12499982273264788;0.50000000000000011;0.87514203308224029;0.26694979355200788
1;3.7;0.41184011718143737;0.28452911177661566;0;-0.28402952030093143;0.41080343029307831;0;0.5;-0.12499982273264788;0.50000000000000011;0.87514203308224029;0.26694979355200788
0;3.75;-0.39712559386035223;-0.30471483289123186;0;0.3041853487760382;-0.39612206997433175;0;0.5;-0.12499982559350771;0.50000000000000011;0.87513973332079337;0.26694520408288343
1;3.75;0.39712559386035223;0.30471483289123186;0;-0.3041853487760382;0.39612206997433175;0;0.5;-0.12499982559350771;0.50000000000000011;0.87513973332079337;0.26694520408288343
0;3.8;-0.38142158230383355;-0.32414131877404884;0;0.32358438869762196;-0.38045285386411121;0;0.5;-0.12499982864636543;0.50000000000000011;0.87513727949187451;0.26694030733965963
1;3.8;0.38142158230383355;0.32414131877404884;0;-0.32358438869762196;0.38045285386411121;0;0.5;-0.12499982864636543;0.50000000000000011;0.87513727949187451;0.26694030733965963
0;3.85;-0.36476715499059004;-0.34276011827764297;0;0.34217828164628372;-0.36383465423114342;0;0.5;-0.12499983188370446;0.50000000000000012;0.8751346776893626;0.26693511551865236
1;3.85;0.36476715499059004;0.34276011827764297;0;-0.34217828164628372;0.36383465423114342;0;0.5;-0.12499983188370446;0.50000000000000012;0.8751346776893626;0.26693511551865236
0;3.9;-0.34720375413920518;-0.36052478419716316;0;0.3599206553920074;-0.34630870764861343;0;0.5;-0.12499983529754911;0.50000000000000012;0.87513193437624583;0.26692964155280395
1;3.9;0.34720375413920518;0.36052478419716316;0;-0.3599206553920074;0.34630870764861343;0;0.5;-0.12499983529754911;0.50000000000000012;0.87513193437624583;0.26692964155280395
0;3.95;-0.32877508945138928;-0.37739098904250429;0;0.37676723934846179;-0.32791851439648223;0;0.5;-0.12499983887948346;0.50000000000000013;0.87512905636884722;0.26692389907975469
1;3.95;0.32877508945138928;0.37739098904250429;0;-0.37676723934846179;0.32791851439648223;0;0.5;-0.12499983887948346;0.50000000000000013;0.87512905636884722;0.26692389907975469
0;4;-0.30952703020435901;-0.39331663563681135;0;0.39267597501336354;-0.30870973223001463;0;0.5;-0.12499984262067114;0.50000000000000014;0.87512605082016966;0.26691790240815604
1;4;0.30952703020435901;0.39331663563681135;0;-0.39267597501336354;0.30870973223001463;0;0.5;-0.12499984262067114;0.50000000000000014;0.87512605082016966;0.26691790240815604
0;4.05;-0.28950749195005293;-0.40826196226550576;0;0.40760712111973252;-0.28873006475661644;0;0.5;-0.12499984651187629;0.50000000000000014;0.87512292520239848;0.26691166648230569
1;4.05;0.28950749195005293;0.40826196226550576;0;-0.40760712111973252;0.28873006475661644;0;0.5;-0.12499984651187629;0.50000000000000014;0.87512292520239848;0.26691166648230569
0;4.1;-0.26876631809238577;-0.42218964211247301;0;0.42152335323378376;-0.26802914467659328;0;0.5;-0.12499985054348567;0.50000000000000012;0.87511968728860138;0.26690520684518928
1;4.1;0.26876631809238577;0.42218964211247301;0;-0.42152335323378376;0.26802914467659328;0;0.5;-0.12499985054348567;0.50000000000000012;0.87511968728860138;0.26690520684518928
0;4.15;-0.24735515662667457;-0.43506487673316507;0;0.43438985754678772;-0.24665841215654777;0;0.5;-0.12499985470553144;0.50000000000000011;0.87511634513366778;0.26689853960001719
1;4.15;0.24735515662667457;0.43506487673316507;0;-0.43438985754678772;0.24665841215654777;0;0.5;-0.12499985470553144;0.50000000000000011;0.87511634513366778;0.26689853960001719
0;4.2;-0.22532733233770699;-0.4468554833281278;0;0.44617441862048685;-0.22467098861678725;0;0.5;-0.12499985898771506;0.50000000000000016;0.87511290705453184;0.26689168137034877
1;4.2;0.22532733233770699;0.4468554833281278;0;-0.44617441862048685;0.22467098861678725;0;0.5;-0.12499985898771506;0.50000000000000016;0.87511290705453184;0.26689168137034877
0;4.25;-0.2027377147646259;-0.45753197559484382;0;0.45684750085857223;-0.2021215462262885;0;0.5;-0.12499986337943211;0.50000000000000018;0.8751093816097249;0.26688464925890012
1;4.25;0.2027377147646259;0.45753197559484382;0;-0.45684750085857223;0.2021215462262885;0;0.5;-0.12499986337943211;0.50000000000000018;0.8751093816097249;0.26688464925890012
0;4.3;-0.17964258225184979;-0.46706763795075668;0;0.46638232349028852;-0.17906617341041986;0;0.5;-0.12499986786979768;0.50000000000000021;0.87510577757830507;0.26687746080513506
1;4.3;0.17964258225184979;0.46706763795075668;0;-0.46638232349028852;0.17906617341041986;0;0.5;-0.12499986786979768;0.50000000000000021;0.87510577757830507;0.26687746080513506
0;4.35;-0.15609948241559707;-0.47543859293588581;0;0.47475492886643594;-0.15556223668771713;0;0.5;-0.12499987244767288;0.50000000000000022;0.8751021039382137;0.2668701339417418
1;4.35;0.15609948241559707;0.47543859293588581;0;-0.47475492886643594;0.15556223668771713;0;0.5;-0.12499987244767288;0.50000000000000022;0.8751021039382137;0.2668701339417418
0;4.4;-0.13216708936520621;-0.48262386161952836;0;0.48194424388285917;-0.1316682391625103;0;0.5;-0.12499987710169172;0.50000000000000019;0.87509836984410971;0.26686268695010128
1;4.4;0.13216708936520621;0.48262386161952836;0;-0.48194424388285917;0.1316682391625103;0;0.5;-0.12499987710169172;0.50000000000000019;0.87509836984410971;0.26686268695010128
0;4.45;-0.10790505802731115;-0.48860541685213682;0;0.48793213436193617;-0.10744367601006269;0;0.5;-0.12499988182028881;0.50000000000000017;0.87509458460473458;0.26685513841485559
1;4.45;0.10790505802731115;0.48860541685213682;0;-0.48793213436193617;0.10744367601006269;0;0.5;-0.12499988182028881;0.50000000000000017;0.87509458460473458;0.26685513841485559
0;4.5;-0.083373875929012589;-0.49336822922053464;0;0.49270345223858319;-0.082948887300074298;0;0.5;-0.12499988659172763;0.50000000000000019;0.87509075765986221;0.26684750717768756
1;4.5;0.083373875929012589;0.49336822922053464;0;-0.49270345223858319;0.082948887300074298;0;0.5;-0.12499988659172763;0.50000000000000019;0.87509075765986221;0.26684750717768756
0;4.55;-0.058634712803452831;-0.49690030558214426;0;0.49624607541385435;-0.058244908512879154;0;0.5;-0.12499989140412945;0.50000000000000017;0.87508689855688905;0.26683981229042489
1;4.55;0.058634712803452831;0.49690030558214426;0;-0.49624607541385435;0.058244908512879154;0;0.5;-0.12499989140412945;0.50000000000000017;0.87508689855688905;0.26683981229042489
0;4.6;-0.033749268387627152;-0.49919272007182253;0;0.49855094015630413;-0.033393319110389584;0;0.5;-0.12499989624550242;0.50000000000000018;0.87508301692712123;0.26683207296758428
1;4.6;0.033749268387627152;0.49919272007182253;0;-0.49855094015630413;0.033393319110389584;0;0.5;-0.12499989624550242;0.50000000000000018;0.87508301692712123;0.26683207296758428
0;4.65;-0.0087796187878224161;-0.50023963749318323;0;0.49961206594887225;-0.0084560895307745146;0;0.5;-0.12499990110377117;0.50000000000000021;0.87507912246181661;0.26682430853847244
1;4.65;0.0087796187878224161;0.50023963749318323;0;-0.49961206594887225;0.0084560895307745146;0;0.5;-0.12499990110377117;0.50000000000000021;0.87507912246181661;0.26682430853847244
0;4.7;0.016211938207260072;-0.50003832902489997;0;0.49942657269710772;0.016504573018036976;0;0.5;-0.12499990596680708;0.50000000000000021;0.87507522488804048;0.26681653839896264
1;4.7;-0.016211938207260072;0.50003832902489997;0;-0.49942657269710772;-0.016504573018036976;0;0.5;-0.12499990596680708;0.50000000000000021;0.87507522488804048;0.26681653839896264
0;4.75;0.041163038481888355;-0.49858918019137949;0;0.49799469023303478;0.041426379585696088;0;0.5;-0.12499991082245801;0.50000000000000022;0.87507133394439434;0.26680878196306692
1;4.75;-0.041163038481888355;0.49858918019137949;0;-0.49799469023303478;-0.041426379585696088;0;0.5;-0.12499991082245801;0.50000000000000022;0.87507133394439434;0.26680878196306692
0;4.8;0.066011407230563549;-0.49589569106633036;0;0.49531976006784134;0.066247114942949339;0;0.5;-0.12499991565857913;0.50000000000000021;0.87506745935667843;0.26680105861442395
1;4.8;-0.066011407230563549;0.49589569106633036;0;-0.49531976006784134;-0.066247114942949339;0;0.5;-0.12499991565857913;0.50000000000000021;0.87506745935667843;0.26680105861442395
0;4.85;0.090695014488672482;-0.49196446869708454;0;0.49140822936579343;0.090904793093254249;0;0.5;-0.12499992046306308;0.50000000000000018;0.87506361081354847;0.26679338765782441
1;4.85;-0.090695014488672482;0.49196446869708454;0;-0.49140822936579343;-0.090904793093254249;0;0.5;-0.12499992046306308;0.50000000000000018;0.87506361081354847;0.26679338765782441
0;4.9;0.11515223016714289;-0.48680521175700492;0;0.48626963713130344;0.11533781244198284;0;0.5;-0.12499992522387056;0.50000000000000016;0.87505979794222806;0.2667857882708951
1;4.9;-0.11515223016714289;0.48680521175700492;0;-0.48626963713130344;-0.11533781244198284;0;0.5;-0.12499992522387056;0.50000000000000016;0.87505979794222806;0.2667857882708951
0;4.95;0.13932197820180284;-0.48043068745288625;0;0.47991659262085673;0.13948511023125607;0;0.5;-0.12499992992906079;0.50000000000000016;0.87505603028433813;0.26677827945606345
1;4.95;-0.13932197820180284;0.48043068745288625;0;-0.47991659262085673;-0.13948511023125607;0;0.5;-0.12499992992906079;0.50000000000000016;0.87505603028433813;0.26677827945606345
0;5;0.16314388942922856;-0.47285670073387931;0;0.47236474601147505;0.16328631584803013;0;0.5;-0.12499993456682178;0.50000000000000017;0.87505231727190507;0.26677087999292355
1;5;-0.16314388942922856;0.47285670073387931;0;-0.47236474601147505;-0.16328631584803013;0;0.5;-0.12499993456682178;0.50000000000000017;0.87505231727190507;0.26677087999292355
0;5.05;0.18655845280295033;-0.46410205586808323;0;0.46363275137751603;0.18668190261367895;0;0.5;-0.12499993912550039;0.50000000000000016;0.87504866820360878;0.26676360839112436
1;5.05;-0.18655845280295033;0.46410205586808323;0;-0.46363275137751603;-0.18668190261367895;0;0.5;-0.12499993912550039;0.50000000000000016;0.87504866820360878;0.26676360839112436
0;5.1;0.20950716456698015;-0.45418851047251141;0;0.45374222204781295;0.20961333766500598;0;0.5;-0.12499994359363205;0.50000000000000015;0.875045092221332;0.26675648284389969
1;5.1;-0.20950716456698015;0.45418851047251141;0;-0.45374222204781295;-0.20961333766500598;0;0.5;-0.12499994359363205;0.50000000000000015;0.875045092221332;0.26675648284389969
0;5.15;0.23193267500773163;-0.44314072210158262;0;0.44271767843539239;0.23202322953939158;0;0.5;-0.12499994795997029;0.50000000000000012;0.87504159828707161;0.26674952118235815
1;5.15;-0.23193267500773163;0.44314072210158262;0;-0.44271767843539239;-0.23202322953939158;0;0.5;-0.12499994795997029;0.50000000000000012;0.87504159828707161;0.26674952118235815
0;5.2;0.25377893241051941;-0.43098618751857221;0;0.4305864884522041;0.25385547308065071;0;0.5;-0.12499995221351546;0.50000000000000009;0.87503819516027212;0.2667427408306501
1;5.2;-0.25377893241051941;0.43098618751857221;0;-0.4305864884522041;-0.25385547308065071;0;0.5;-0.12499995221351546;0.50000000000000009;0.87503819516027212;0.2667427408306501
0;5.25;0.27499132385295205;-0.41775517479351754;0;0.41737880064139493;0.27505539128715106;0;0.5;-0.12499995634354332;0.50000000000000011;0.87503489137564059;0.2667361587621261
1;5.25;-0.27499132385295205;0.41775517479351754;0;-0.41737880064139493;-0.27505539128715106;0;0.5;-0.12499995634354332;0.50000000000000011;0.87503489137564059;0.2667361587621261
0;5.3;0.29551681247465889;-0.40348064838985709;0;0.40312747017959011;0.29556987372982818;0;0.5;-0.12499996033963268;0.50000000000000007;0.87503169522150153;0.26672979145659966
1;5.3;-0.29551681247465889;0.40348064838985709;0;-0.40312747017959011;-0.29556987372982818;0;0.5;-0.12499996033963268;0.50000000000000007;0.87503169522150153;0.26672979145659966
0;5.35;0.31530407087091106;-0.38819818742053469;0;0.3878679779213442;0.31534751117493226;0;0.5;-0.12499996419169249;0.50000000000000009;0.87502861471874894;0.26672365485882453
1;5.35;-0.31530407087091106;0.38819818742053469;0;-0.3878679779213442;-0.31534751117493226;0;0.5;-0.12499996419169249;0.50000000000000009;0.87502861471874894;0.26672365485882453
0;5.4;0.33430361026679334;-0.37194589727236388;0;0.37163834267732176;0.33433872605464843;0;0.5;-0.1249999678899881;0.50000000000000011;0.87502565760045169;0.26671776433829327
1;5.4;-0.33430361026679334;0.37194589727236388;0;-0.37163834267732176;-0.33433872605464843;0;0.5;-0.1249999678899881;0.50000000000000011;0.87502565760045169;0.26671776433829327
0;5.45;0.35246790513864323;-0.35476431481506987;0;0.35447902693679689;0.35249589843813844;0;0.5;-0.12499997142516686;0.50000000000000009;0.87502283129216646;0.26671213465046166
1;5.45;-0.35246790513864323;0.35476431481506987;0;-0.35447902693679689;-0.35249589843813844;0;0.5;-0.12499997142516686;0.50000000000000009;0.87502283129216646;0.26671213465046166
0;5.5;0.36975151296047298;-0.33669630742855006;0;0.33643283626364956;0.36977348716604519;0;0.5;-0.12499997478828226;0.50000000000000009;0.87502014289301132;0.26670677989949948
1;5.5;-0.36975151296047298;0.33669630742855006;0;-0.33643283626364956;-0.36977348716604519;0;0.5;-0.12499997478828226;0.50000000000000009;0.87502014289301132;0.26670677989949948
0;5.55;0.38611118876500816;-0.31778696609846535;0;0.31754481261312051;0.38612814582306171;0;0.5;-0.12499997797081784;0.50000000000000007;0.87501759915755093;0.26670171350266431
1;5.55;-0.38611118876500816;0.31778696609846535;0;-0.31754481261312051;-0.38612814582306171;0;0.5;-0.12499997797081784;0.50000000000000007;0.87501759915755093;0.26670171350266431
0;5.6;0.40150599422178501;-0.29808349284624386;0;0.29786212183409178;0.40151883323577398;0;0.5;-0.12499998096470919;0.50000000000000008;0.87501520647854241;0.26669694815639162
1;5.6;-0.40150599422178501;0.29808349284624386;0;-0.29786212183409178;-0.40151883323577398;0;0.5;-0.12499998096470919;0.50000000000000008;0.87501520647854241;0.26669694815639162
0;5.65;0.41589740094841732;-0.27763508277488796;0;0.27743393563852414;0.41590691819660841;0;0.5;-0.1249999837623657;0.50000000000000008;0.87501297087058873;0.26669249580418945
1;5.65;-0.41589740094841732;0.27763508277488796;0;-0.27743393563852414;-0.41590691819660841;0;0.5;-0.1249999837623657;0.50000000000000008;0.87501297087058873;0.26669249580418945
0;5.7;0.42924938778563743;-0.25649280102658301;0;0.25631130833583748;0.42925627812932232;0;0.5;-0.12499998635669021;0.50000000000000008;0.87501089795474431;0.26668836760642193
1;5.7;-0.42924938778563743;0.25649280102658301;0;-0.25631130833583748;-0.42925627812932232;0;0.5;-0.12499998635669021;0.50000000000000008;0.87501089795474431;0.26668836760642193
0;5.75;0.44152853178200108;-0.23470945496195572;0;0.2345470486453998;0.4415333914270273;0;0.5;-0.12499998874109808;0.50000000000000009;0.87500899294411501;0.26668457391206097
1;5.75;-0.44152853178200108;0.23470945496195572;0;-0.2345470486453998;-0.4415333914270273;0;0.5;-0.12499998874109808;0.50000000000000009;0.87500899294411501;0.26668457391206097
0;5.8;0.45270409265017741;-0.21233946188388028;0;0.21219558691483781;0.4527074232101907;0;0.5;-0.12499999090953457;0.50000000000000011;0.87500726063049195;0.26668112423247998
1;5.8;-0.45270409265017741;0.21233946188388028;0;-0.21219558691483781;-0.4527074232101907;0;0.5;-0.12499999090953457;0.50000000000000011;0.87500726063049195;0.26668112423247998
0;5.85;0.46274809047348486;-0.18943871264093665;0;0.18931283808553126;0.46275030426936969;0;0.5;-0.12499999285649102;0.50000000000000012;0.87500570537205613;0.2666780272173592
1;5.85;-0.46274809047348486;0.18943871264093665;0;-0.18931283808553126;-0.46275030426936969;0;0.5;-0.12499999285649102;0.50000000000000012;0.87500570537205613;0.2666780272173592
0;5.9;0.47163537645873055;-0.1660644314569433;0;0.16595606075935318;0.47163680297554678;0;0.5;-0.12499999457701946;0.50000000000000011;0.87500433108218773;0.26667529063276561
1;5.9;-0.47163537645873055;0.1660644314569433;0;-0.16595606075935318;-0.47163680297554678;0;0.5;-0.12499999457701946;0.50000000000000011;0.87500433108218773;0.26667529063276561
0;5.95;0.47934369654942016;-0.14227503234338196;0;0.14218371273241237;0.47934458995979445;0;0.5;-0.12499999606674583;0.50000000000000009;0.87500314121941116;0.26667292134146566
1;5.95;-0.47934369654942016;0.14227503234338196;0;-0.14218371273241237;-0.47934458995979445;0;0.5;-0.12499999606674583;0.50000000000000009;0.87500314121941116;0.26667292134146566
0;6;0.48585374773197176;-0.11812997246096385;0;0.11805530337219527;0.48585429538354524;0;0.5;-0.12499999732188168;0.50000000000000009;0.87500213877850377;0.26667092528552275
1;6;-0.48585374773197176;0.11812997246096385;0;-0.11805530337219527;-0.48585429538354524;0;0.5;-0.12499999732188168;0.50000000000000009;0.87500213877850377;0.26667092528552275
0;6.05;0.4911492268866397;-0.09368960280502743;0;0.093631243224045646;0.49114955864091214;0;0.5;-0.12499999833923429;0.50000000000000012;0.87500132628279295;0.26666930747122538
1;6.05;-0.4911492268866397;0.09368960280502743;0;-0.093631243224045646;-0.49114955864091214;0;0.5;-0.12499999833923429;0.50000000000000012;0.87500132628279295;0.26666930747122538
0;6.1;0.49521687205437637;-0.069015016596872647;0;0.068972691241321146;0.4952170703552306;0;0.5;-0.12499999911621529;0.50000000000000017;0.8750007057776631;0.26666807195638617
1;6.1;-0.49521687205437637;0.069015016596872647;0;-0.068972691241321146;-0.4952170703552306;0;0.5;-0.12499999911621529;0.50000000000000017;0.8750007057776631;0.26666807195638617
0;6.15;0.49804649601077183;-0.044167895769504376;0;0.044141400040790389;0.49804660655320337;0;0.5;-0.12499999965084751;0.50000000000000016;0.87500027882529059;0.26666722184004525
1;6.15;-0.49804649601077183;0.044167895769504376;0;-0.044141400040790389;-0.49804660655320337;0;0.5;-0.12499999965084751;0.50000000000000016;0.87500027882529059;0.26666722184004525
0;6.2;0.49963101205845539;-0.019210355941552307;0;0.019199559590849832;0.49963105492165222;0;0.5;-0.12499999994177029;0.50000000000000015;0.87500004650062139;0.26666675925460535
1;6.2;-0.49963101205845539;0.019210355941552307;0;-0.019199559590849832;-0.49963105492165222;0;0.5;-0.12499999994177029;0.50000000000000015;0.87500004650062139;0.26666675925460535
0;6.25;0.49996645196985678;0.005795209722660846;0;-0.0057903602550783374;0.49996643307383898;0;0.5;-0.12499999998824319;0.50000000000000014;0.87500000938860277;0.26666668536041952
1;6.25;-0.49996645196985678;-0.005795209722660846;0;0.0057903602550783374;-0.49996643307383898;0;0.5;-0.12499999998824319;0.50000000000000014;0.87500000938860277;0.26666668536041952
0;6.3;0.49905197603294754;0.03078628736583159;0;-0.030765767964079857;0.49905189877453743;0;0.5;-0.12499999979014791;0.50000000000000015;0.87500016758267666;0.26666700034284583
1;6.3;-0.49905197603294754;-0.03078628736583159;0;0.030765767964079857;-0.49905189877453743;0;0.5;-0.12499999979014791;0.50000000000000015;0.87500016758267666;0.26666700034284583
0;6.35;0.49688987517344879;0.055700399600114588;0;-0.05566410885007067;0.49688975209543551;0;0.5;-0.12499999934798864;0.50000000000000015;0.87500052068453894;0.2666677034117768
1;6.35;-0.49688987517344879;-0.055700399600114588;0;0.05566410885007067;-0.49688975209543551;0;0.5;-0.12499999934798864;0.50000000000000015;0.87500052068453894;0.2666677034117768
0;6.4;0.49348556514794045;0.080475262575375142;0;-0.080423023501790272;0.49348542949494678;0;0.5;-0.12499999866289076;0.50000000000000015;0.8750010678051654;0.26666879280364503
1;6.4;-0.49348556514794045;-0.080475262575375142;0;0.080423023501790272;-0.49348542949494678;0;0.5;-0.12499999866289076;0.50000000000000015;0.8750010678051654;0.26666879280364503
0;6.45;0.48884757282326974;0.10504894254960927;0;-0.10498050569365878;0.48884748983903031;0;0.5;-0.12499999773659767;0.50000000000000015;0.87500180756710136;0.26667026578589944
1;6.45;-0.48884757282326974;-0.10504894254960927;0;0.10498050569365878;-0.48884748983903031;0;0.5;-0.12499999773659767;0.50000000000000015;0.87500180756710136;0.26667026578589944
0;6.5;0.48298751457857453;0.12936001155927818;0;-0.12927505936228417;0.48298759240207667;0;0.5;-0.1249999965714663;0.50000000000000014;0.87500273810800874;0.26667211866394039
1;6.5;-0.48298751457857453;-0.12936001155927818;0;0.12927505936228417;-0.48298759240207667;0;0.5;-0.1249999965714663;0.50000000000000014;0.87500273810800874;0.26667211866394039
0;6.55;0.4759200668870413;0.15334770178981694;0;-0.15324585423427628;0.47592046690923812;0;0.5;-0.12499999517046061;0.50000000000000017;0.87500385708546043;0.26667434679049522
1;6.55;-0.4759200668870413;-0.15334770178981694;0;0.15324585423427628;-0.47592046690923812;0;0.5;-0.12499999517046061;0.50000000000000017;0.87500385708546043;0.26667434679049522
0;6.6;0.4676629291551469;0.17695205825020199;0;-0.17683287969515818;0.4676638757036799;0;0.5;-0.12499999353714386;0.50000000000000014;0.87500516168296871;0.26667694457740928
1;6.6;-0.4676629291551469;-0.17695205825020199;0;0.17683287969515818;-0.4676638757036799;0;0.5;-0.12499999353714386;0.50000000000000014;0.87500516168296871;0.26667694457740928
0;6.65;0.45823677891752546;0.20011408936018493;0;-0.19997709649454468;0.45823856814403247;0;0.5;-0.12499999167566884;0.50000000000000013;0.87500664861723071;0.26667990550982136
1;6.65;-0.45823677891752546;-0.20011408936018493;0;0.19997709649454468;-0.45823856814403247;0;0.5;-0.12499999167566884;0.50000000000000013;0.87500664861723071;0.26667990550982136
0;6.7;0.44766521950569244;0.22277591506460523;0;-0.22262058588935849;0.44766822735875145;0;0.5;-0.12499998959076696;0.50000000000000015;0.87500831414657107;0.26668322216268569
1;6.7;-0.44766521950569244;-0.22277591506460523;0;0.22262058588935849;-0.44766822735875145;0;0.5;-0.12499998959076696;0.50000000000000015;0.87500831414657107;0.26668322216268569
0;6.75;0.43597472032858964;0.24488091209606008;0;-0.24470669583464857;0.4359794095050738;0;0.5;-0.12499998728773546;0.50000000000000019;0.87501015408055772;0.2666868862195969
1;6.75;-0.43597472032858964;-0.24488091209606008;0;0.24470669583464857;-0.4359794095050738;0;0.5;-0.12499998728773546;0.50000000000000019;0.87501015408055772;0.2666868862195969
0;6.8;0.4231945499222276;0.2663738560151126;0;-0.26618018384052744;0.42320147570071642;0;0.5;-0.12499998477242346;0.50000000000000017;0.87501216379076464;0.26669088849386826
1;6.8;-0.4231945499222276;-0.2663738560151126;0;0.26618018384052744;-0.42320147570071642;0;0.5;-0.12499998477242346;0.50000000000000017;0.87501216379076464;0.26669088849386826
0;6.85;0.40935670194453688;0.28720105966613169;0;-0.28698735612381715;0.4093665168163364;0;0.5;-0.12499998205121624;0.50000000000000012;0.87501433822265124;0.2666952189518073
1;6.85;-0.40935670194453688;-0.28720105966613169;0;0.28698735612381715;-0.4093665168163364;0;0.5;-0.12499998205121624;0.50000000000000012;0.87501433822265124;0.2666952189518073
0;6.9;0.39449581430984587;0.30731050769674623;0;-0.30707620269414282;0.39450927133598684;0;0.5;-0.12499997913101834;0.5000000000000001;0.87501667190852591;0.2666998667381276
1;6.9;-0.39449581430984587;-0.30731050769674623;0;0.30707620269414282;-0.39450927133598684;0;0.5;-0.12499997913101834;0.5000000000000001;0.87501667190852591;0.2666998667381276
0;6.95;0.37864908167512262;0.3266519867997304;0;-0.32639652802639213;0.37866703651130346;0;0.5;-0.12499997601923519;0.50000000000000012;0.87501915898155773;0.26670482020342962
1;6.95;-0.37864908167512262;-0.3266519867997304;0;0.32639652802639213;-0.37866703651130346;0;0.5;-0.12499997601923519;0.50000000000000012;0.87501915898155773;0.26670482020342962
0;7;0.36185616150720668;0.3451772113478766;0;-0.34490007698461567;0.36187957305288149;0;0.5;-0.1249999727237536;0.50000000000000014;0.87502179319079794;0.26671006693367846
1;7;-0.36185616150720668;-0.3451772113478766;0;0.34490007698461567;-0.36187957305288149;0;0.5;-0.1249999727237536;0.50000000000000014;0.87502179319079794;0.26671006693367846
0;7.05;0.34415907397666107;0.36283994410501857;0;-0.36254065567652427;0.34418900361919919;0;0.5;-0.12499996925292087;0.50000000000000018;0.87502456791716978;0.26671559378160116
1;7.05;-0.34415907397666107;-0.36283994410501857;0;0.36254065567652427;-0.34418900361919919;0;0.5;-0.12499996925292087;0.50000000000000018;0.87502456791716978;0.26671559378160116
0;7.1;0.32560209593955425;0.37959611170979657;0;-0.3792742469326843;0.32563970537946241;0;0.5;-0.1249999656155228;0.50000000000000019;0.87502747619038323;0.26672138689992113
1;7.1;-0.32560209593955425;-0.37959611170979657;0;0.3792742469326843;-0.32563970537946241;0;0.5;-0.1249999656155228;0.50000000000000019;0.87502747619038323;0.26672138689992113
0;7.15;0.30623164928339264;0.39540391464296482;0;-0.3950591201202629;0.30627819694183828;0;0.5;-0.1249999618207606;0.50000000000000019;0.87503051070672848;0.26672743177634291
1;7.15;-0.30623164928339264;-0.39540391464296482;0;0.3950591201202629;-0.30627819694183828;0;0.5;-0.1249999618207606;0.50000000000000019;0.87503051070672848;0.26672743177634291
0;7.2;0.28609618392752795;0.41022393140398039;0;-0.40985593501766598;0.28615301995267767;0;0.5;-0.12499995787822668;0.5000000000000002;0.87503366384769986;0.26673371327019594
1;7.2;-0.28609618392752795;-0.41022393140398039;0;0.40985593501766598;-0.28615301995267767;0;0.5;-0.12499995787822668;0.5000000000000002;0.87503366384769986;0.26673371327019594
0;7.25;0.26524605578162602;0.42401921663823261;0;-0.4236278394935804;0.26531461568545622;0;0.5;-0.12499995379787979;0.50000000000000019;0.87503692769940002;0.26674021565064191
1;7.25;-0.26524605578162602;-0.42401921663823261;0;0.4236278394935804;-0.26531461568545622;0;0.5;-0.12499995379787979;0.50000000000000019;0.87503692769940002;0.26674021565064191
0;7.3;0.2437333999781699;0.43675539297252602;0;-0.43634056075170868;0.24381519695026493;0;0.5;-0.12499994959001876;0.50000000000000017;0.87504029407267202;0.26674692263634637
1;7.3;-0.2437333999781699;-0.43675539297252602;0;0.43634056075170868;-0.24381519695026493;0;0.5;-0.12499994959001876;0.50000000000000017;0.87504029407267202;0.26674692263634637
0;7.35;0.22161199970645515;0.44840073633325911;0;-0.44796248992080367;0.22170861566572644;0;0.5;-0.12499994526525591;0.50000000000000015;0.87504375452390559;0.266753817436512
1;7.35;-0.22161199970645515;-0.44840073633325911;0;0.44796248992080367;-0.22170861566572644;0;0.5;-0.12499994526525591;0.50000000000000015;0.87504375452390559;0.266753817436512
0;7.4;0.19893715098608952;0.45892625453909869;0;-0.45846475978840351;0.19905022644518197;0;0.5;-0.1249999408344896;0.50000000000000016;0.87504730037646203;0.26676088279316716
1;7.4;-0.19893715098608952;-0.45892625453909869;0;0.45846475978840351;-0.19905022644518197;0;0.5;-0.1249999408344896;0.50000000000000016;0.87504730037646203;0.26676088279316716
0;7.45;0.17576552372761478;0.46830575897777732;0;-0.46782131549586342;0.17589674655787002;0;0.5;-0.12499993630887585;0.50000000000000017;0.87505092274266093;0.26676810102460097
1;7.45;-0.17576552372761478;-0.46830575897777732;0;0.46782131549586342;-0.17589674655787002;0;0.5;-0.12499993630887585;0.50000000000000017;0.87505092274266093;0.26676810102460097
0;7.5;0.15215501943650317;0.47651592919488567;0;-0.4760089780318138;0.15230611263359173;0;0.5;-0.12499993169979988;0.50000000000000013;0.87505461254627071;0.26677545406983304
1;7.5;-0.15215501943650317;-0.47651592919488567;0;0.4760089780318138;-0.15230611263359173;0;0.5;-0.12499993169979988;0.50000000000000013;0.87505461254627071;0.26677545406983304
0;7.55;0.1281646259244334;0.48353637024113649;0;-0.48300750038097329;0.12833733448602205;0;0.5;-0.12499992701884658;0.50000000000000015;0.87505836054544391;0.26678292353400403
1;7.55;-0.1281646259244334;-0.48353637024113649;0;0.48300750038097329;-0.12833733448602205;0;0.5;-0.12499992701884658;0.50000000000000015;0.87505836054544391;0.26678292353400403
0;7.6;0.10385426939840585;0.48934966264348789;0;-0.48879961620524437;0.10405034643537966;0;0.5;-0.12499992227777114;0.50000000000000013;0.87506215735603758;0.26679049073457063
1;7.6;-0.10385426939840585;-0.48934966264348789;0;0.48879961620524437;-0.10405034643537966;0;0.5;-0.12499992227777114;0.50000000000000013;0.87506215735603758;0.26679049073457063
0;7.65;0.079284664303908958;0.49394140488467447;0;-0.493371080954153;0.079505856515614759;0;0.5;-0.12499991748846902;0.50000000000000012;0.87506599347525776;0.26679813674818765
1;7.65;-0.079284664303908958;-0.49394140488467447;0;0.493371080954153;-0.079505856515614759;0;0.5;-0.12499991748846902;0.50000000000000012;0.87506599347525776;0.26679813674818765
0;7.7;0.054517161302990544;0.49730024829504937;0;-0.49671070532189293;0.05476519395462022;0;0.5;-0.12499991266294558;0.5000000000000001;0.87506985930556755;0.2668058424581577
1;7.7;-0.054517161302990544;-0.49730024829504937;0;0.49671070532189293;-0.05476519395462022;0;0.5;-0.12499991266294558;0.5000000000000001;0.87506985930556755;0.2668058424581577
0;7.75;0.029613593771719664;0.49941792428013648;0;-0.49881038098844332;0.029890155318228698;0;0.5;-0.12499990781328593;0.5000000000000001;0.87507374517879695;0.26681358860232837
1;7.75;-0.029613593771719664;-0.49941792428013648;0;0.49881038098844332;-0.029890155318228698;0;0.5;-0.12499990781328593;0.5000000000000001;0.87507374517879695;0.26681358860232837
0;7.8;0.0046361232041462136;0.50028926382687222;0;-0.4996650986023779;0.004942849709942394;0;0.5;-0.1249999029516243;0.50000000000000006;0.87507764138039333;0.26682135582131587
1;7.8;-0.0046361232041462136;-0.50028926382687222;0;0.4996650986023779;-0.004942849709942394;0;0.5;-0.1249999029516243;0.50000000000000006;0.87507764138039333;0.26682135582131587
0;7.85;-0.020352916088518126;0.49991220925113072;0;-0.49927295798302079;-0.020014456581528613;0;0.5;-0.12499989809011359;0.50000000000000006;0.87508153817375062;0.26682912470693373
1;7.85;0.020352916088518126;-0.49991220925113072;0;0.49927295798302079;0.020014456581528613;0;0.5;-0.12499989809011359;0.50000000000000006;0.87508153817375062;0.26682912470693373
0;7.9;-0.045291172594155868;0.49828781816871937;0;-0.4976351705394691;-0.044919495595746706;0;0.5;-0.12499989324089494;0.50000000000000003;0.87508542582455631;0.26683687585070484
1;7.9;0.045291172594155868;-0.49828781816871937;0;0.4976351705394691;0.044919495595746706;0;0.5;-0.12499989324089494;0.50000000000000003;0.87508542582455631;0.26683687585070484
0;7.95;-0.070116433142465032;0.49542025969155606;0;-0.49475605392364425;-0.069710152985783258;0;0.5;-0.12499988841606751;0.50000000000000006;0.87508929462509489;0.26684458989233574
1;7.95;0.070116433142465032;-0.49542025969155606;0;0.49475605392364425;0.069710152985783258;0;0.5;-0.12499988841606751;0.50000000000000006;0.87508929462509489;0.26684458989233574
0;8;-0.094766777986520292;0.49131680287014107;0;-0.49064301895390083;-0.094324622688838511;0;0.5;-0.12499988362765836;0.50000000000000007;0.87509313491844747;0.2668522475680317
1;8;0.094766777986520292;-0.49131680287014107;0;0.49064301895390083;0.094324622688838511;0;0.5;-0.12499988362765836;0.50000000000000007;0.87509313491844747;0.2668522475680317
0;8.05;-0.11918073503785512;0.48598779742267223;0;-0.48530654886476587;-0.11870156059971075;0;0.5;-0.1249998788875927;0.5000000000000001;0.87509693712252752;0.26685982975853315
1;8.05;0.11918073503785512;-0.48598779742267223;0;0.48530654886476587;0.11870156059971075;0;0.5;-0.1249998788875927;0.5000000000000001;0.87509693712252752;0.26685982975853315
0;8.1;-0.14329743287299687;0.47944664681017002;0;-0.47876017095705942;-0.14278023686933539;0;0.5;-0.12499987420766449;0.50000000000000013;0.87510069175389369;0.26686731753675371
1;8.1;0.14329743287299687;-0.47944664681017002;0;0.47876017095705942;0.14278023686933539;0;0.5;-0.12499987420766449;0.50000000000000013;0.87510069175389369;0.26686731753675371
0;8.15;-0.16705675213356105;0.47170977373573869;0;-0.4710204207409166;-0.16650068645625191;0;0.5;-0.12499986959950756;0.5000000000000001;0.8751043894512816;0.26687469221490258
1;8.15;0.16705675213356105;-0.47170977373573869;0;0.4710204207409166;0.16650068645625191;0;0.5;-0.12499986959950756;0.5000000000000001;0.8751043894512816;0.26687469221490258
0;8.2;-0.19039947494708853;0.46279657816454484;0;-0.46210679868205518;-0.18980385756534013;0;0.5;-0.12499986507456681;0.50000000000000014;0.87510802099879716;0.26688193539097512
1;8.2;0.19039947494708853;-0.46279657816454484;0;0.46210679868205518;0.18980385756534013;0;0.5;-0.12499986507456681;0.50000000000000014;0.87510802099879716;0.26688193539097512
0;8.25;-0.21326743200176657;0.4527293879792047;0;-0.45204171967897366;-0.21263175761545944;0;0.5;-0.12499986064407079;0.50000000000000013;0.87511157734871595;0.2668890289944972
1;8.25;0.21326743200176657;-0.4527293879792047;0;0.45204171967897366;0.21263175761545944;0;0.5;-0.12499986064407079;0.50000000000000013;0.87511157734871595;0.2668890289944972
0;8.3;-0.23560364691498589;0.44153340240299888;0;-0.44085045541559637;-0.23492759638568919;0;0.5;-0.12499985631900396;0.50000000000000011;0.87511504964383335;0.26689595533141188
1;8.3;0.23560364691498589;-0.44153340240299888;0;0.44085045541559637;0.23492759638568919;0;0.5;-0.12499985631900396;0.50000000000000011;0.87511504964383335;0.26689595533141188
0;8.35;-0.25735247754332619;0.42923662834063575;0;-0.42856106975016756;-0.2566359259986648;0;0.5;-0.12499985211008046;0.5000000000000001;0.87511842923931266;0.26690269712799838
1;8.35;0.25735247754332619;-0.42923662834063575;0;0.42856106975016756;0.2566359259986648;0;0.5;-0.12499985211008046;0.5000000000000001;0.87511842923931266;0.26690269712799838
0;8.4;-0.27845975389000266;0.41586980980313237;0;-0.41520434731692002;-0.27770277740899452;0;0.5;-0.12499984802771794;0.50000000000000009;0.87512170772397917;0.26690923757371685
1;8.4;0.27845975389000266;-0.41586980980313237;0;0.41520434731692002;0.27770277740899452;0;0.5;-0.12499984802771794;0.50000000000000009;0.87512170772397917;0.26690923757371685
0;8.45;-0.29887291227501822;0.40146635059973629;0;-0.40081371553217415;-0.29807579307488719;0;0.5;-0.12499984408201275;0.50000000000000007;0.87512487694101005;0.26691556036287476
1;8.45;0.29887291227501822;-0.40146635059973629;0;0.40081371553217415;0.29807579307488719;0;0.5;-0.12499984408201275;0.50000000000000007;0.87512487694101005;0.26691556036287476
0;8.5;-0.31854112544322011;0.38606223049564364;0;-0.38542516021104695;-0.3177043555018822;0;0.5;-0.12499984028271565;0.50000000000000008;0.87512792900797172;0.26692164973501444
1;8.5;0.31854112544322011;-0.38606223049564364;0;0.38542516021104695;0.3177043555018822;0;0.5;-0.12499984028271565;0.50000000000000008;0.87512792900797172;0.26692164973501444
0;8.55;-0.33741542829612292;0.36969591504954807;0;-0.36907713501484768;-0.33653971135891037;0;0.5;-0.12499983663920852;0.50000000000000007;0.87513085633615799;0.26692749051392398
1;8.55;0.33741542829612292;-0.36969591504954807;0;0.36907713501484768;0.33653971135891037;0;0.5;-0.12499983663920852;0.50000000000000007;0.87513085633615799;0.26692749051392398
0;8.6;-0.35544883894470486;0.35240825935975262;0;-0.35181046496249396;-0.35453509087879276;0;0.5;-0.12499983316048199;0.50000000000000008;0.87513365164918405;0.26693306814517814
1;8.6;0.35544883894470486;-0.35240825935975262;0;0.35181046496249396;0.35453509087879276;0;0.5;-0.12499983316048199;0.50000000000000008;0.87513365164918405;0.26693306814517814
0;8.65;-0.37259647479237235;0.33424240596166882;0;-0.33366824425188707;-0.37164582226766235;0;0.5;-0.12499982985511418;0.50000000000000011;0.87513630800079383;0.26693836873211873
1;8.65;0.37259647479237235;-0.33424240596166882;0;0.33366824425188707;0.37164582226766235;0;0.5;-0.12499982985511418;0.50000000000000011;0.87513630800079383;0.26693836873211873
0;8.7;-0.38881566336989359;0.3152436771329864;0;-0.31469572864912898;-0.38782944086063864;0;0.5;-0.12499982673125039;0.50000000000000009;0.87513881879183959;0.26694337907018874
1;8.7;0.38881566336989359;-0.3152436771329864;0;0.31469572864912898;0.38782944086063864;0;0.5;-0.12499982673125039;0.50000000000000009;0.87513881879183959;0.26694337907018874
0;8.75;-0.40406604765728527;0.29545946187560496;0;-0.29494022271473785;-0.40304579277435915;0;0.5;-0.12499982379658368;0.5000000000000001;0.87514117778639522;0.2669480866795382
1;8.75;0.40406604765728527;-0.29545946187560496;0;0.29494022271473785;0.40304579277435915;0;0.5;-0.12499982379658368;0.5000000000000001;0.87514117778639522;0.2669480866795382
0;8.8;-0.41830968564136739;0.27493909785555048;0;-0.27445096214661774;-0.4172571328206422;0;0.5;-0.12499982105833707;0.50000000000000007;0.8751433791269668;0.26695247983582393
1;8.8;0.41830968564136739;-0.27493909785555048;0;0.27445096214661774;0.4172571328206422;0;0.5;-0.12499982105833707;0.50000000000000007;0.8751433791269668;0.26695247983582393
0;8.85;-0.43151114387194706;0.25373374859354075;0;-0.2532789915294596;-0.43042821645958745;0;0.5;-0.12499981852324628;0.5000000000000001;0.87514541734876579;0.26695654759913037
1;8.85;0.43151114387194706;-0.25373374859354075;0;0.2532789915294596;0.43042821645958745;0;0.5;-0.12499981852324628;0.5000000000000001;0.87514541734876579;0.26695654759913037
0;8.9;-0.44363758479431337;0.23189627620959177;0;-0.23147703778948769;-0.44252638558478463;0;0.5;-0.12499981619754417;0.50000000000000011;0.87514728739301313;0.26696027984094243
1;8.9;0.44363758479431337;-0.23189627620959177;0;0.23147703778948769;0.44252638558478463;0;0.5;-0.12499981619754417;0.50000000000000011;0.87514728739301313;0.26696027984094243
0;8.95;-0.45465884765089581;0.20948111003506231;0;-0.20909937966202244;-0.45352164794796418;0;0.5;-0.12499981408694609;0.50000000000000009;0.8751489846192441;0.26696366726910725
1;8.95;0.45465884765089581;-0.20948111003506231;0;0.20909937966202244;0.45352164794796418;0;0.5;-0.12499981408694609;0.50000000000000009;0.8751489846192441;0.26696366726910725
0;9;-0.46454752276051559;0.18654411141479538;0;-0.18620171348720202;-0.46338675004535868;0;0.5;-0.12499981219663645;0.50000000000000005;0.8751505048165868;0.26696670145072508
1;9;0.46454752276051559;-0.18654411141479538;0;0.18620171348720202;0.46338675004535868;0;0.5;-0.12499981219663645;0.50000000000000005;0.8751505048165868;0.26696670145072508
0;9.05;-0.473279018999616;0.16314243503052644;0;-0.16284101565639417;-0.47209724330322173;0;0.5;-0.12499981053125675;0.50000000000000007;0.87515184421398908;0.26696937483291605
1;9.05;0.473279018999616;-0.16314243503052644;0;0.16284101565639417;0.47209724330322173;0;0.5;-0.12499981053125675;0.50000000000000007;0.87515184421398908;0.26696937483291605
0;9.1;-0.480831624326155;0.13933438708447321;0;-0.13907540203833713;-0.4796315434153462;0;0.5;-0.12499980909489486;0.50000000000000009;0.87515299948937126;0.26697168076141346
1;9.1;0.480831624326155;-0.13933438708447321;0;0.13907540203833713;0.4796315434153462;0;0.5;-0.12499980909489486;0.50000000000000009;0.87515299948937126;0.26697168076141346
0;9.15;-0.48718655920344972;0.11517928068899184;0;-0.11496398471987562;-0.48597098270101058;0;0.5;-0.12499980789107534;0.50000000000000011;0.87515396777768443;0.26697361349694009
1;9.15;0.48718655920344972;-0.11517928068899184;0;0.11496398471987562;0.48597098270101058;0;0.5;-0.12499980789107534;0.50000000000000011;0.87515396777768443;0.26697361349694009
0;9.2;-0.49232802279814258;0.090737288814372152;0;-0.09056672640130653;-0.49109985536753537;0;0.5;-0.1249998069227514;0.5000000000000001;0.87515474667785657;0.26697516822932909
1;9.2;0.49232802279814258;-0.090737288814372152;0;0.09056672640130653;0.49109985536753537;0;0.5;-0.1249998069227514;0.5000000000000001;0.87515474667785657;0.26697516822932909
0;9.25;-0.49624323184358038;0.066069295152238305;0;-0.065944292790821799;-0.49500545557753056;0;0.5;-0.12499980619229806;0.50000000000000011;0.87515533425861134;0.26697634108935629
1;9.25;0.49624323184358038;-0.066069295152238305;0;0.065944292790821799;0.49500545557753056;0;0.5;-0.12499980619229806;0.50000000000000011;0.87515533425861134;0.26697634108935629
0;9.3;-0.49892245207722474;0.0412367432566191;0;-0.041157903346334769;-0.49767810823693587;0;0.5;-0.12499980570150657;0.50000000000000011;0.87515572906314661;0.26697712915825612
1;9.3;0.49892245207722474;-0.0412367432566191;0;0.041157903346334769;0.49767810823693587;0;0.5;-0.12499980570150657;0.50000000000000011;0.87515572906314661;0.26697712915825612
0;9.35;-0.50035902217821382;0.016301484328544721;0;-0.016269180716102713;-0.49911119243607788;0;0.5;-0.12499980545158033;0.50000000000000009;0.87515593011266269;0.26697753047489911
1;9.35;0.50035902217821382;-0.016301484328544721;0;0.016269180716102713;0.49911119243607788;0;0.5;-0.12499980545158033;0.50000000000000009;0.87515593011266269;0.26697753047489911
0;9.4;-0.50054937014883505;-0.0086743759869886868;0;0.0086600007679851401;-0.49930115749217197;0;0.5;-0.12499980544313208;0.50000000000000017;0.87515593690873223;0.26697754404061389
1;9.4;0.50054937014883505;0.0086743759869886868;0;-0.0086600007679851401;0.49930115749217197;0;0.5;-0.12499980544313208;0.50000000000000017;0.87515593690873223;0.26697754404061389
0;9.45;-0.49949302210141538;-0.033628631420672475;0;0.033567667188797237;-0.49824753155796092;0;0.5;-0.12499980567618262;0.50000000000000019;0.87515574943450714;0.26697716982164248
1;9.45;0.49949302210141538;0.033628631420672475;0;-0.033567667188797237;0.49824753155796092;0;0.5;-0.12499980567618262;0.50000000000000019;0.87515574943450714;0.26697716982164248
0;9.5;-0.49719260342995536;-0.058499129142784781;0;0.05839189737725025;-0.49595292277749048;0;0.5;-0.12499980615016052;0.50000000000000019;0.8751553681547592;0.26697640874922341
1;9.5;0.49719260342995536;0.058499129142784781;0;-0.05839189737725025;0.49595292277749048;0;0.5;-0.12499980615016052;0.50000000000000019;0.8751553681547592;0.26697640874922341
0;9.55;-0.49365383236369037;-0.08322392369842152;0;0.083070975123271024;-0.49242301298635116;0;0.5;-0.12499980686390358;0.5000000000000002;0.87515479401475489;0.26697526271730214
1;9.55;0.49365383236369037;0.08322392369842152;0;-0.083070975123271024;0.49242301298635116;0;0.5;-0.12499980686390358;0.5000000000000002;0.87515479401475489;0.26697526271730214
0;9.6;-0.48888550591762825;-0.10774143044141989;0;0.10754354090741458;-0.48766654397005144;0;0.5;-0.12499980781566152;0.5000000000000002;0.87515402843796662;0.26697373457787414
1;9.6;0.48888550591762825;0.10774143044141989;0;-0.10754354090741458;0.48766654397005144;0;0.5;-0.12499980781566152;0.5000000000000002;0.87515402843796662;0.26697373457787414
0;9.65;-0.48289947827294888;-0.13199057809542666;0;0.13174874279700446;-0.48169529631050789;0;0.5;-0.12499980900310009;0.50000000000000015;0.87515307332262529;0.26697182813397183
1;9.65;0.48289947827294888;0.13199057809542666;0;-0.13174874279700446;0.48169529631050789;0;0.5;-0.12499980900310009;0.50000000000000015;0.87515307332262529;0.26697182813397183
0;9.7;-0.47571063163792776;-0.15591096007247068;0;0.15562638615221117;-0.47452406086692583;0;0.5;-0.12499981042330623;0.50000000000000013;0.87515193103712187;0.26696954813031144
1;9.7;0.47571063163792776;0.15591096007247068;0;-0.15562638615221117;0.47452406086692583;0;0.5;-0.12499981042330623;0.50000000000000013;0.87515193103712187;0.26696954813031144
0;9.75;-0.46733683965772777;-0.17944298418211924;0;0.17911708178970334;-0.46617060295357893;0;0.5;-0.12499981207279503;0.50000000000000017;0.87515060441426804;0.2669669002416219
1;9.75;0.46733683965772777;0.17944298418211924;0;-0.17911708178970334;0.46617060295357893;0;0.5;-0.12499981207279503;0.50000000000000017;0.87515060441426804;0.2669669002416219
0;9.8;-0.45779892345895745;-0.20252802036782858;0;0.20216239225439661;-0.45665561929316117;0;0.5;-0.12499981394751786;0.50000000000000019;0.87514909674442845;0.26696389105868296
1;9.8;0.45779892345895745;0.20252802036782858;0;-0.20216239225439661;0.45665561929316117;0;0.5;-0.12499981394751786;0.50000000000000019;0.87514909674442845;0.26696389105868296
0;9.85;-0.44712060043228813;-0.22510854611143535;0;0.22470497585338789;-0.44600268784045533;0;0.5;-0.12499981604287158;0.50000000000000018;0.8751474117675396;0.26696052807210555
1;9.85;0.44712060043228813;0.22510854611143535;0;-0.22470497585338789;0.44600268784045533;0;0.5;-0.12499981604287158;0.50000000000000018;0.8751474117675396;0.26696052807210555
0;9.9;-0.4353284258736187;-0.2471282891518741;0;0.24668872811040121;-0.43423821058702106;0;0.5;-0.12499981835370925;0.50000000000000021;0.87514555366403302;0.26695681965389199
1;9.9;0.4353284258736187;0.2471282891518741;0;-0.24668872811040121;0.43423821058702106;0;0.5;-0.12499981835370925;0.50000000000000021;0.87514555366403302;0.26695681965389199
0;9.95;-0.422451727621248;-0.26853236717013745;0;0.26805892030398709;-0.42139134947342916;0;0.5;-0.12499982087435235;0.50000000000000019;0.87514352704468283;0.26695277503681992
1;9.95;0.422451727621248;0.26853236717013745;0;-0.26805892030398709;0.42139134947342916;0;0.5;-0.12499982087435235;0.50000000000000019;0.87514352704468283;0.26695277503681992
0;10;-0.40852253384321996;-0.28926742409921702;0;0.28876233475831325;-0.40749395555123513;0;0.5;-0.12499982359860377;0.5000000000000002;0.87514133693940002;0.26694840429169806
1;10;0.40852253384321996;0.28926742409921702;0;-0.28876233475831325;0.40749395555123513;0;0.5;-0.12499982359860377;0.5000000000000002;0.87514133693940002;0.26694840429169806
