# column style format: id;time;x;y;z;vx;vy;vz;mass;totalEnergy;totalSpecificAngularMomentum;rungeLenzVector;semiMajorAxis
# this file will be overwritten without any precaution
# used integrator was euler_cromer
0;0;0.49875000000000003;0.025000000000000001;0;-0.025000000000000001;0.5;0;0.5;-0.12499980297569493;0.50000000000000003;0.87484384865203517;0.26635614174346984
1;0;-0.49875000000000003;-0.025000000000000001;0;0.025000000000000001;-0.5;0;0.5;-0.12499980297569493;0.50000000000000003;0.87484384865203517;0.26635614174346984
0;0.05;0.49624844632693654;0.049937265480046948;0;-0.050031073461269615;0.49874530960093888;0;0.5;-0.12499920846633206;0.50000000000000004;0.87468789860349341;0.26604679320502619
1;0.05;-0.49624844632693654;-0.049937265480046948;0;0.050031073461269615;-0.49874530960093888;0;0.5;-0.12499920846633206;0.50000000000000004;0.87468789860349341;0.26604679320502619
0;0.1;0.49249695550017886;0.074748750327551058;0;-0.07502981653515399;0.49622969695008212;0;0.5;-0.1249982120766233;0.50000000000000004;0.87453255043204158;0.26573940679428734
1;0.1;-0.49249695550017886;-0.074748750327551058;0;0.07502981653515399;-0.49622969695008212;0;0.5;-0.1249982120766233;0.50000000000000004;0.87453255043204158;0.26573940679428734
0;0.15;0.48750035743096209;0.099371258960363487;0;-0.09993196138433523;0.49245017265624863;0;0.5;-0.1249968104814924;0.50000000000000005;0.87437820929036106;0.26543476946962875
1;0.15;-0.48750035743096209;-0.099371258960363487;0;0.09993196138433523;-0.49245017265624863;0;0.5;-0.1249968104814924;0.50000000000000005;0.87437820929036106;0.26543476946962875
0;0.2;0.48126673025286981;0.12374161364488474;0;-0.12467254356184569;0.48740709369042506;0;0.5;-0.12499500149687347;0.50000000000000003;0.87422528380005312;0.26513366729256776
1;0.2;-0.48126673025286981;-0.12374161364488474;0;0.12467254356184569;-0.48740709369042506;0;0.5;-0.12499500149687347;0.50000000000000003;0.87422528380005312;0.26513366729256776
0;0.25;0.47380742619574379;0.14779682658931692;0;-0.14918608114252069;0.48110425888864383;0;0.5;-0.12499278414817753;0.50000000000000003;0.87407418487137653;0.26483688325384838
1;0.25;-0.47380742619574379;-0.14779682658931692;0;0.14918608114252069;-0.48110425888864383;0;0.5;-0.12499278414817753;0.50000000000000003;0.87407418487137653;0.26483688325384838
0;0.3;0.46513708793167313;0.17147427632705006;0;-0.17340676528141324;0.47354899475466289;0;0.5;-0.12499015873552634;0.50000000000000003;0.8739253244514793;0.26454519504423561
1;0.3;-0.46513708793167313;-0.17147427632705006;0;0.17340676528141324;-0.47354899475466289;0;0.5;-0.12499015873552634;0.50000000000000003;0.8739253244514793;0.26454519504423561
0;0.35;0.45527365484521903;0.19471188783952476;0;-0.19726866172908214;0.46475223024949386;0;0.5;-0.12498712689481548;0.50000000000000005;0.8737791142047543;0.26425937277723644
1;0.35;-0.45527365484521903;-0.19471188783952476;0;0.19726866172908214;-0.46475223024949386;0;0.5;-0.12498712689481548;0.50000000000000005;0.8737791142047543;0.26425937277723644
0;0.4;0.44423835871107858;0.21744831580255389;0;-0.22070592268280845;0.45472855926058259;0;0.5;-0.12498369165364695;0.50000000000000003;0.87363596412995168;0.26398017667183308
1;0.4;-0.44423835871107858;-0.21744831580255389;0;0.22070592268280845;-0.45472855926058259;0;0.5;-0.12498369165364695;0.50000000000000003;0.87363596412995168;0.26398017667183308
0;0.45;0.43205570830120194;0.23962313027589793;0;-0.24365300819753283;0.44349628946688108;0;0.5;-0.12497985748116006;0.50000000000000005;0.87349628111970403;0.26370835470416572
1;0.45;-0.43205570830120194;-0.23962313027589793;0;0.24365300819753283;-0.44349628946688108;0;0.5;-0.12497985748116006;0.50000000000000005;0.87349628111970403;0.26370835470416572
0;0.5;0.41875346249006418;0.26117700409381694;0;-0.26604491622275467;0.43107747635838006;0;0.5;-0.12497563033079422;0.50000000000000003;0.87336046746915004;0.26344464023792368
1;0.5;-0.41875346249006418;-0.26117700409381694;0;0.26604491622275467;-0.43107747635838006;0;0.5;-0.12497563033079422;0.50000000000000003;0.87336046746915004;0.26344464023792368
0;0.55;0.40436259148135545;0.28205190115536016;0;-0.28781742017417422;0.41749794123086464;0;0.5;-0.12497101767503789;0.50000000000000003;0.87322891934136106;0.26318974964398244
1;0.55;-0.40436259148135545;-0.28205190115536016;0;0.28781742017417422;-0.41749794123086464;0;0.5;-0.12497101767503789;0.50000000000000003;0.87322891934136106;0.26318974964398244
0;0.6;0.3889172258416505;0.30219126475832847;0;-0.30890731279409894;0.40278727205936576;0;0.5;-0.12496602853125804;0.50000000000000004;0.87310202519826516;0.26294437992054459
1;0.6;-0.3889172258416505;-0.30219126475832847;0;0.30890731279409894;-0.40278727205936576;0;0.5;-0.12496602853125804;0.50000000000000004;0.87310202519826516;0.26294437992054459
0;0.65;0.37245459309638157;0.32154020507119396;0;-0.32925265490537836;0.38697880625730929;0;0.5;-0.12496067347775885;0.50000000000000005;0.87298016420670504;0.26270920632569297
1;0.65;-0.37245459309638157;-0.32154020507119396;0;0.32925265490537836;-0.38697880625730929;0;0.5;-0.12496067347775885;0.50000000000000005;0.87298016420670504;0.26270920632569297
0;0.7;0.3550149417202409;0.34004568479382424;0;-0.34879302752281333;0.37010959445260561;0;0.5;-0.12495496465929522;0.50000000000000003;0.87286370463014085;0.26248488003482898
1;0.7;-0.3550149417202409;-0.34004568479382424;0;0.34879302752281333;-0.37010959445260561;0;0.5;-0.12495496465929522;0.50000000000000003;0.87286370463014085;0.26248488003482898
0;0.75;0.33664145243740934;0.35765670202164107;0;-0.36746978565663097;0.35222034455633694;0;0.5;-0.12494891578136119;0.50000000000000001;0.87275300221729457;0.26227202583593481
1;0.75;-0.33664145243740934;-0.35765670202164107;0;0.36746978565663097;-0.35222034455633694;0;0.5;-0.12494891578136119;0.50000000000000001;0.87275300221729457;0.26227202583593481
0;0.8;0.3173801368360219;0.3743244692998049;0;-0.38522631202774865;0.33335534556327612;0;0.5;-0.1249425420926846;0.5;0.87264839859971185;0.26207123987595348
1;0.8;-0.3173801368360219;-0.3743244692998049;0;0.38522631202774865;-0.33335534556327612;0;0.5;-0.1249425420926846;0.5;0.87264839859971185;0.26207123987595348
0;0.85;0.29727972339516495;0.39000258783504083;0;-0.40200826881713941;0.31356237070471848;0;0.5;-0.12493586035548952;0.50000000000000001;0.87255021971076794;0.26188308747181198
1;0.85;-0.29727972339516495;-0.39000258783504083;0;0.40200826881713941;-0.31356237070471848;0;0.5;-0.12493586035548952;0.50000000000000001;0.87255021971076794;0.26188308747181198
0;0.9;0.27639153112044168;0.40464721582359348;0;-0.41776384549446527;0.29289255977105277;0;0.5;-0.12492888880323277;0.50000000000000001;0.87245877423905156;0.26170810099971164
1;0.9;-0.27639153112044168;-0.40464721582359348;0;0.41776384549446527;-0.29289255977105277;0;0.5;-0.12492888880323277;0.50000000000000001;0.87245877423905156;0.26170810099971164
0;0.95;0.25476933108459898;0.41821722985517773;0;-0.43244400071685435;0.27140028063168453;0;0.5;-0.12492164708567989;0.50000000000000006;0.87237435212930629;0.26154677787626604
1;0.95;-0.25476933108459898;-0.41821722985517773;0;0.43244400071685435;-0.27140028063168453;0;0.5;-0.12492164708567989;0.50000000000000006;0.87237435212930629;0.26154677787626604
0;1;0.23246919627162282;0.43067437836520084;0;-0.44600269625952316;0.24914297020046253;0;0.5;-0.12491415620135579;0.50000000000000004;0.87229722314418134;0.26139957864487484
1;1;-0.23246919627162282;-0.43067437836520084;0;0.44600269625952316;-0.24914297020046253;0;0.5;-0.12491415620135579;0.50000000000000004;0.87229722314418134;0.26139957864487484
0;1.05;0.2095493402247349;0.44198342613131802;0;-0.45839712093775831;0.22618095532234414;0;0.5;-0.12490643841758288;0.50000000000000002;0.87222763549993053;0.26126692518037772
1;1.05;-0.2095493402247349;-0.44198342613131802;0;0.45839712093775831;-0.22618095532234414;0;0.5;-0.12490643841758288;0.50000000000000002;0.87222763549993053;0.26126692518037772
0;1.1;0.1860699450994367;0.45211228884571941;0;-0.46958790250596416;0.20257725428802809;0;0.5;-0.12489851717850174;0.50000000000000002;0.8721658145888953;0.26114919902453282
1;1.1;-0.1860699450994367;-0.45211228884571941;0;0.46958790250596416;-0.20257725428802809;0;0.5;-0.12489851717850174;0.50000000000000002;0.8721658145888953;0.26114919902453282
0;1.15;0.16209297982069107;0.46103215684140786;0;-0.47953930557491264;0.17839735991376868;0;0.5;-0.12489041700165395;0.50000000000000001;0.87211196180110783;0.26104673986421163
1;1.15;-0.16209297982069107;-0.46103215684140786;0;0.47953930557491264;-0.17839735991376868;0;0.5;-0.12489041700165395;0.50000000000000001;0.87211196180110783;0.26104673986421163
0;1.2;0.13768200913702819;0.46871760710888144;0;-0.48821941367325766;0.15370900534947216;0;0.5;-0.12488216336388551;0.49999999999999997;0.87206625345665923;0.26095984416339944
1;1.2;-0.13768200913702819;-0.46871760710888144;0;0.48821941367325766;-0.15370900534947216;0;0.5;-0.12488216336388551;0.49999999999999997;0.87206625345665923;0.26095984416339944
0;1.25;0.11290199445235653;0.47514670280864557;0;-0.49560029369343311;0.1285819139952831;0;0.5;-0.12487378257750341;0.49999999999999993;0.87202883985959697;0.26088876395914413
1;1.25;-0.11290199445235653;-0.47514670280864557;0;0.49560029369343311;-0.1285819139952831;0;0.5;-0.12487378257750341;0.49999999999999993;0.87202883985959697;0.26088876395914413
0;1.3;0.087819087397145362;0.48030107956419765;0;-0.50165814110422335;0.10308753511104182;0;0.5;-0.1248653016577798;0.49999999999999989;0.87199984448305734;0.26083370583051556
1;1.3;-0.087819087397145362;-0.48030107956419765;0;0.50165814110422335;-0.10308753511104182;0;0.5;-0.1248653016577798;0.49999999999999989;0.87199984448305734;0.26083370583051556
0;1.35;0.062500417173100078;0.48416601790870811;0;-0.50637340448090573;0.07729876689020887;0;0.5;-0.12485674818304514;0.49999999999999994;0.87197936329411525;0.2607948300484354
1;1.35;-0.062500417173100078;-0.48416601790870811;0;0.50637340448090573;-0.07729876689020887;0;0.5;-0.12485674818304514;0.49999999999999994;0.87197936329411525;0.2607948300484354
0;1.4;0.037013872768269153;0.48673050135552465;0;-0.50973088809661848;0.051289668936330947;0;0.5;-0.12484815014874009;0.49999999999999989;0.87196746422546493;0.26077224991292673
1;1.4;-0.037013872768269153;-0.48673050135552465;0;0.50973088809661848;-0.051289668936330947;0;0.5;-0.12484815014874009;0.49999999999999989;0.87196746422546493;0.26077224991292673
0;1.45;0.011427881191638501;0.48798725966664652;0;-0.51171983153261302;0.025135166222437135;0;0.5;-0.12483953581690144;0.49999999999999988;0.8719641867995501;0.26076603128293204
1;1.45;-0.011427881191638501;-0.48798725966664652;0;0.51171983153261302;-0.025135166222437135;0;0.5;-0.12483953581690144;0.49999999999999988;0.8719641867995501;0.26076603128293204
0;1.5;-0.014188817083205562;0.487932797003093;0;-0.51233396549688126;-0.0010892532710708547;0;0.5;-0.12483093356264065;0.49999999999999985;0.87196954190917039;0.26077619230237405
1;1.5;0.014188817083205562;-0.487932797003093;0;0.51233396549688126;0.0010892532710708547;0;0.5;-0.12483093356264065;0.49999999999999985;0.87196954190917039;0.26077619230237405
0;1.55;-0.039767394247527607;0.48656740475514959;0;-0.51157154328644094;-0.027307844958868451;0;0.5;-0.12482237171922688;0.49999999999999984;0.87198351175692369;0.26080270332460956
1;1.55;0.039767394247527607;-0.48656740475514959;0;0.51157154328644094;0.027307844958868451;0;0.5;-0.12482237171922688;0.49999999999999984;0.87198351175692369;0.26080270332460956
0;1.6;-0.065239161626731337;0.48389515896724344;0;-0.5094353475840746;-0.053444915758122567;0;0.5;-0.12481387842341272;0.4999999999999998;0.87200604995413813;0.26084548703586982
1;1.6;0.065239161626731337;-0.48389515896724344;0;0.5094353475840746;0.053444915758122567;0;0.5;-0.12481387842341272;0.4999999999999998;0.87200604995413813;0.26084548703586982
0;1.65;-0.090535795253785287;0.47992390239005206;0;-0.50593267254107888;-0.079425131543827993;0;0.5;-0.12480548146264047;0.49999999999999977;0.87203708177822655;0.26090441877671737
1;1.65;0.090535795253785287;-0.47992390239005206;0;0.50593267254107888;0.079425131543827993;0;0.5;-0.12480548146264047;0.49999999999999977;0.87203708177822655;0.26090441877671737
0;1.7;-0.11558955932173376;0.47466521130973494;0;-0.5010752813589695;-0.10517382160634235;0;0.5;-0.12479720812573184;0.4999999999999998;0.87207650458569723;0.26097932705899818
1;1.7;0.11558955932173376;-0.47466521130973494;0;0.5010752813589695;0.10517382160634235;0;0.5;-0.12479720812573184;0.4999999999999998;0.87207650458569723;0.26097932705899818
0;1.75;-0.14033352631375778;0.46813434741926357;0;-0.49487933984048021;-0.13061727780942775;0;0.5;-0.12478908505860824;0.49999999999999982;0.87212418837640348;0.26106999427425412
1;1.75;0.14033352631375778;-0.46813434741926357;0;0.49487933984048021;0.13061727780942775;0;0.5;-0.12478908505860824;0.49999999999999982;0.87212418837640348;0.26106999427425412
0;1.8;-0.16470179264521143;0.4603501951081202;0;-0.48736532662907278;-0.15568304622286708;0;0.5;-0.12478113812649848;0.4999999999999998;0.87217997650304263;0.26117615758810198
1;1.8;0.16470179264521143;-0.4603501951081202;0;0.48736532662907278;0.15568304622286708;0;0.5;-0.12478113812649848;0.4999999999999998;0.87217997650304263;0.26117615758810198
0;1.85;-0.18862968869982358;0.45133518465264266;0;-0.47855792109224304;-0.18030020910955041;0;0.5;-0.12477339228398363;0.4999999999999998;0.87224368651844956;0.26129751001370546
1;1.85;0.18862968869982358;-0.45133518465264266;0;0.47855792109224304;0.18030020910955041;0;0.5;-0.12477339228398363;0.4999999999999998;0.87224368651844956;0.26129751001370546
0;1.9;-0.21205398220098434;0.44111520188861603;0;-0.46848587002321523;-0.20439965528053261;0;0.5;-0.12476587145409348;0.49999999999999982;0.87231511115189336;0.26143370165617973
1;1.9;0.21205398220098434;-0.44111520188861603;0;0.46848587002321523;0.20439965528053261;0;0.5;-0.12476587145409348;0.49999999999999982;0.87231511115189336;0.26143370165617973
0;1.95;-0.23491307392771585;0.42971948503911084;0;-0.45718183453463013;-0.22791433699010413;0;0.5;-0.12475859841752017;0.49999999999999982;0.87239401940440091;0.26158434111859463
1;1.95;0.23491307392771585;-0.42971948503911084;0;0.45718183453463013;0.22791433699010413;0;0.5;-0.12475859841752017;0.49999999999999982;0.87239401940440091;0.26158434111859463
0;2;-0.25714718486239313;0.41718050945295687;0;-0.44468221869354552;-0.2507795117230795;0;0.5;-0.12475159471284851;0.49999999999999982;0.87248015775211415;0.26174899705919281
1;2;0.25714718486239313;-0.41718050945295687;0;0.44468221869354552;0.2507795117230795;0;0.5;-0.12475159471284851;0.49999999999999982;0.87248015775211415;0.26174899705919281
0;2.05;-0.2786985339422452;0.40353386108172673;0;-0.43102698159704161;-0.27293296742460266;0;0.5;-0.1247448805485263;0.4999999999999998;0.87257325144585255;0.26192719988852734
1;2.05;0.2786985339422452;-0.40353386108172673;0;0.43102698159704161;0.27293296742460266;0;0.5;-0.1247448805485263;0.4999999999999998;0.87257325144585255;0.26192719988852734
0;2.1;-0.29951150567775259;0.38881809958498437;0;-0.41625943471014831;-0.29431522993484754;0;0.5;-0.12473847472711569;0.49999999999999979;0.87267300589440614;0.26211844359445544
1;2.1;0.29951150567775259;-0.38881809958498437;0;0.41625943471014831;0.29431522993484754;0;0.5;-0.12473847472711569;0.49999999999999979;0.87267300589440614;0.26211844359445544
0;2.15;-0.31953280699682829;0.37307461200433711;0;-0.40042602638151348;-0.31486975161294462;0;0.5;-0.12473239458218142;0.49999999999999979;0.87277910811863285;0.26232218768230953
1;2.15;0.31953280699682829;-0.37307461200433711;0;0.40042602638151348;0.31486975161294462;0;0.5;-0.12473239458218142;0.49999999999999979;0.87277910811863285;0.26232218768230953
0;2.2;-0.33871161277266293;0.3563474579862303;0;-0.38357611551669252;-0.3345430803621367;0;0.5;-0.12472665592798787;0.49999999999999982;0.87289122826317691;0.26253785921710467
1;2.2;0.33871161277266293;-0.3563474579862303;0;0.38357611551669252;0.3345430803621367;0;0.5;-0.12472665592798787;0.49999999999999982;0.87289122826317691;0.26253785921710467
0;2.25;-0.35699969959387634;0.33868320756135673;0;-0.36576173642426779;-0.35328500849747152;0;0.5;-0.12472127302199918;0.49999999999999984;0.87300902115255721;0.2627648549543338
1;2.25;0.35699969959387634;-0.33868320756135673;0;0.36576173642426779;0.35328500849747152;0;0.5;-0.12472127302199918;0.49999999999999984;0.87300902115255721;0.2627648549543338
0;2.3;-0.37435156743672188;0.32013077250513988;0;-0.34703735685691084;-0.37104870112433658;0;0.5;-0.12471625854000446;0.49999999999999983;0.87313212787848989;0.26300254354574669
1;2.3;0.37435156743672188;-0.32013077250513988;0;0.34703735685691084;0.37104870112433658;0;0.5;-0.12471625854000446;0.49999999999999983;0.87313212787848989;0.26300254354574669
0;2.35;-0.39072454899918346;0.3007412323092819;0;-0.32745963124923194;-0.38779080391715925;0;0.5;-0.12471162356353595;0.49999999999999978;0.8732601774055954;0.26325026780649991
1;2.35;0.39072454899918346;-0.3007412323092819;0;0.32745963124923194;0.38779080391715925;0;0.5;-0.12471162356353595;0.49999999999999978;0.8732601774055954;0.26325026780649991
0;2.4;-0.4060789065546116;0.28056765578931853;0;-0.30708715110856272;-0.40347153039926736;0;0.5;-0.1247073775790987;0.49999999999999979;0.87339278818308329;0.2635073470301962
1;2.4;0.4060789065546116;-0.28056765578931853;0;0.30708715110856272;0.40347153039926736;0;0.5;-0.1247073775790987;0.49999999999999979;0.87339278818308329;0.2635073470301962
0;2.45;-0.4203779162769033;0.2596649193381052;0;-0.28598019444583428;-0.41805472902426677;0;0.5;-0.12470352848860739;0.49999999999999982;0.87352956975059208;0.26377307933859462
1;2.45;0.4203779162769033;-0.2596649193381052;0;0.28598019444583428;0.41805472902426677;0;0.5;-0.12470352848860739;0.49999999999999982;0.87352956975059208;0.26377307933859462
0;2.5;-0.43358794007909973;0.23808952281091489;0;-0.26420047604392916;-0.43150793054380637;0;0.5;-0.12470008263031107;0.49999999999999978;0.87367012432706708;0.26404674405315487
1;2.5;0.43358794007909973;-0.23808952281091489;0;0.26420047604392916;0.43150793054380637;0;0.5;-0.12470008263031107;0.49999999999999978;0.87367012432706708;0.26404674405315487
0;2.55;-0.44567848509175118;0.21589940399520544;0;-0.24181090025302859;-0.44380237631418884;0;0.5;-0.12469704480939752;0.4999999999999998;0.8738140483723688;0.26432760407607092
1;2.55;0.44567848509175118;-0.21589940399520544;0;0.24181090025302859;0.44380237631418884;0;0.5;-0.12469704480939752;0.4999999999999998;0.8738140483723688;0.26432760407607092
0;2.6;-0.45662225098572323;0.19315375257803769;0;-0.21887531787944162;-0.45491302834335501;0;0.5;-0.1246944183373956;0.49999999999999978;0.87396093411219733;0.26461490826903474
1;2.6;0.45662225098572323;-0.19315375257803769;0;0.21887531787944162;0.45491302834335501;0;0.5;-0.1246944183373956;0.49999999999999978;0.87396093411219733;0.26461490826903474
0;2.65;-0.46639516541568166;0.16991282447757752;0;-0.19545828859916869;-0.4648185620092033;0;0.5;-0.1246922050794391;0.49999999999999979;0.87411037101787242;0.26490789381864016
1;2.65;0.46639516541568166;-0.16991282447757752;0;0.19545828859916869;0.4648185620092033;0;0.5;-0.1246922050794391;0.49999999999999979;0.87411037101787242;0.26490789381864016
0;2.7;-0.4749764079248317;0.14623775735311031;0;-0.17162485018300119;-0.47350134248934433;0;0.5;-0.12469040550842109;0.4999999999999998;0.87426194723350874;0.26520578857807197
1;2.7;0.4749764079248317;-0.14623775735311031;0;0.17162485018300119;0.47350134248934433;0;0.5;-0.12469040550842109;0.4999999999999998;0.87426194723350874;0.26520578857807197
0;2.75;-0.48234842270829242;0.12219038805155898;0;-0.14744029566921477;-0.48094738603102666;0;0.5;-0.12468901876505028;0.49999999999999977;0.87441525094414805;0.26550781337551629
1;2.75;0.48234842270829242;-0.12219038805155898;0;0.14744029566921477;0.48094738603102666;0;0.5;-0.12468901876505028;0.49999999999999977;0.87441525094414805;0.26550781337551629
0;2.8;-0.48849692068157607;0.097833072688644537;0;-0.12296995946567324;-0.48714630725828884;0;0.5;-0.12468804272281868;0.49999999999999978;0.87456987167943981;0.26581318428055776
1;2.8;0.48849692068157607;-0.097833072688644537;0;0.12296995946567324;0.48714630725828884;0;0.5;-0.12468804272281868;0.49999999999999978;0.87456987167943981;0.26581318428055776
0;2.85;-0.49341087134197825;0.07322851000054699;0;-0.098279013208044108;-0.4920912537619509;0;0.5;-0.12468747405690437;0.49999999999999975;0.87472540154848183;0.26612111482068599
1;2.85;0.49341087134197825;-0.07322851000054699;0;0.098279013208044108;0.4920912537619509;0;0.5;-0.12468747405690437;0.49999999999999975;0.87472540154848183;0.26612111482068599
0;2.9;-0.49708248494434021;0.048439568538160754;0;-0.073432272047239205;-0.49577882924772476;0;0.5;-0.12468730831606019;0.49999999999999974;0.87488143640242726;0.26643081814090525
1;2.9;0.49708248494434021;-0.048439568538160754;0;0.073432272047239205;0.49577882924772476;0;0.5;-0.12468730831606019;0.49999999999999974;0.87488143640242726;0.26643081814090525
0;2.95;-0.49950718553880458;0.02352911821167937;0;-0.048494011889287626;-0.49820900652962768;0;0.5;-0.12468753999657816;0.49999999999999974;0.87503757692242333;0.266741509100314
1;2.95;0.49950718553880458;-0.02352911821167937;0;0.048494011889287626;0.49820900652962768;0;0.5;-0.12468753999657816;0.49999999999999974;0.87503757692242333;0.266741509100314
0;3;-0.50068357543712994;-0.001440133370889407;0;-0.0235277979665061;-0.49938503165137554;0;0.5;-0.12468816261746644;0.4999999999999998;0.87519342963135702;0.26705240630038672
1;3;0.50068357543712994;0.001440133370889407;0;0.0235277979665061;0.49938503165137554;0;0.5;-0.12468816261746644;0.4999999999999998;0.87519342963135702;0.26705240630038672
0;3.05;-0.50061339168621255;-0.026405799390840159;0;0.0014036750183474384;-0.49931332039901505;0;0.5;-0.12468916879603577;0.49999999999999976;0.87534860782873618;0.26736273404053638
1;3.05;0.50061339168621255;0.026405799390840159;0;-0.0014036750183474384;0.49931332039901505;0;0.5;-0.12468916879603577;0.49999999999999976;0.87534860782873618;0.26736273404053638
0;3.1;-0.4993014551331148;-0.051305966812607302;0;0.026238731061955102;-0.49800334843534289;0;0.5;-0.12469055032314992;0.49999999999999978;0.87550273244882417;0.26767172419735706
1;3.1;0.4993014551331148;0.051305966812607302;0;-0.026238731061955102;0.49800334843534289;0;0.5;-0.12469055032314992;0.49999999999999978;0.87550273244882417;0.26767172419735706
0;3.15;-0.49675561266558615;-0.076079343624724016;0;0.050916849350572661;-0.49546753624233442;0;0.5;-0.12469229823746758;0.49999999999999974;0.87565543284286691;0.26797861802473048
1;3.15;0.49675561266558615;0.076079343624724016;0;-0.050916849350572661;0.49546753624233442;0;0.5;-0.12469229823746758;0.49999999999999974;0.87565543284286691;0.26797861802473048
0;3.2;-0.49298667320630774;-0.10066540012490227;0;0.075378789185568756;-0.49172113000356515;0;0.5;-0.12469440289806762;0.49999999999999974;0.87580634748689821;0.26828266787272728
1;3.2;0.49298667320630774;0.10066540012490227;0;-0.075378789185568756;0.49172113000356515;0;0.5;-0.12469440289806762;0.49999999999999974;0.87580634748689821;0.26828266787272728
0;3.25;-0.48800833802842314;-0.12500450409970895;0;0.09956670355769244;-0.48678207949613339;0;0.5;-0.1246968540549258;0.49999999999999976;0.87595512461718442;0.2685831388239321
1;3.25;0.48800833802842314;0.12500450409970895;0;-0.09956670355769244;0.48678207949613339;0;0.5;-0.1246968540549258;0.49999999999999976;0.87595512461718442;0.2685831388239321
0;3.3;-0.4818371259448968;-0.14903804979933497;0;0.12342424167052678;-0.48067091399252049;0;0.5;-0.12469964091677855;0.49999999999999976;0.87610142279586769;0.26887931024647292
1;3.3;0.4818371259448968;0.14903804979933497;0;-0.12342424167052678;0.48067091399252049;0;0.5;-0.12469964091677855;0.49999999999999976;0.87610142279586769;0.26887931024647292
0;3.35;-0.47449229390541542;-0.17270858065427025;0;0.14689664078962811;-0.47341061709870547;0;0.5;-0.12470275221598201;0.49999999999999977;0.87624491140979359;0.26917047726363204
1;3.35;0.47449229390541542;0.17270858065427025;0;-0.14689664078962811;0.47341061709870547;0;0.5;-0.12470275221598201;0.49999999999999977;0.87624491140979359;0.26917047726363204
0;3.4;-0.46599575351246897;-0.19595990572312744;0;0.16993080785892939;-0.46502650137714358;0;0.5;-0.1247061762700421;0.49999999999999979;0.87638527110586277;0.26945595214045939
1;3.4;0.46599575351246897;0.19595990572312744;0;-0.16993080785892939;0.46502650137714358;0;0.5;-0.1247061762700421;0.49999999999999979;0.87638527110586277;0.26945595214045939
0;3.45;-0.45637198394344963;-0.2187372098992906;0;0.19247539138038666;-0.45554608352326342;0;0.5;-0.1247099010395561;0.49999999999999977;0.876522194166532;0.26973506558829714
1;3.45;0.45637198394344963;0.2187372098992906;0;-0.19247539138038666;0.45554608352326342;0;0.5;-0.1247099010395561;0.49999999999999977;0.876522194166532;0.26973506558829714
0;3.5;-0.44564794173860012;-0.24098715793844808;0;0.21448084409699081;-0.44499896078314971;0;0.5;-0.12471391418236823;0.49999999999999977;0.87665538482931057;0.27000716798855553
1;3.5;0.44564794173860012;0.24098715793844808;0;-0.21448084409699081;0.44499896078314971;0;0.5;-0.12471391418236823;0.49999999999999977;0.87665538482931057;0.27000716798855553
0;3.55;-0.43385296788591621;-0.26265799239940502;0;0.23589947705367806;-0.43341668921913912;0;0.5;-0.1247182031037994;0.49999999999999976;0.87678455955425785;0.27027163053745678
1;3.55;0.43385296788591621;0.26265799239940502;0;-0.23589947705367806;0.43341668921913912;0;0.5;-0.1247182031037994;0.49999999999999976;0.87678455955425785;0.27027163053745678
0;3.6;-0.42101869260411828;-0.28369962561691053;0;0.25668550563595804;-0.42083266435011035;0;0.5;-0.12472275500286436;0.49999999999999975;0.87690944724359129;0.27052784631378632
1;3.6;0.42101869260411828;0.28369962561691053;0;-0.25668550563595804;0.42083266435011035;0;0.5;-0.12472275500286436;0.49999999999999975;0.87690944724359129;0.27052784631378632
0;3.65;-0.40717893819397305;-0.30406372584766583;0;0.27679508820290416;-0.40728200461510561;0;0.5;-0.12472755691443764;0.49999999999999973;0.87702978941756644;0.27077523127195885
1;3.65;0.40717893819397305;0.30406372584766583;0;-0.27679508820290416;0.40728200461510561;0;0.5;-0.12472755691443764;0.49999999999999973;0.87702978941756644;0.27077523127195885
0;3.7;-0.3923696202969621;-0.32370379774932856;0;0.29618635794021936;-0.39280143803325479;0;0.5;-0.12473259574737407;0.49999999999999974;0.87714534035079621;0.27101322516292653
1;3.7;0.3923696202969621;0.32370379774932856;0;-0.29618635794021936;0.39280143803325479;0;0.5;-0.12473259574737407;0.49999999999999974;0.87714534035079621;0.27101322516292653
0;3.75;-0.37662864786890599;-0.34257525736734551;0;0.31481944856112176;-0.37742919236033923;0;0.5;-0.12473785831862896;0.49999999999999973;0.87725586717314099;0.2712412923856254
1;3.75;0.37662864786890599;0.34257525736734551;0;-0.31481944856112176;0.37742919236033923;0;0.5;-0.12473785831862896;0.49999999999999973;0.87725586717314099;0.2712412923856254
0;3.8;-0.35999582214498038;-0.36063550181600351;0;0.33265651447851202;-0.36120488897315983;0;0.5;-0.12474333138345632;0.49999999999999971;0.87736114993922852;0.27145892277178106
1;3.8;0.35999582214498038;0.36063550181600351;0;-0.33265651447851202;0.36120488897315983;0;0.5;-0.12474333138345632;0.49999999999999971;0.87736114993922852;0.27145892277178106
0;3.85;-0.34251273484188055;-0.37784397384837809;0;0.34966174606199679;-0.34416944064749128;0;0.5;-0.12474900166179539;0.49999999999999972;0.87746098167055832;0.27166563230697492
1;3.85;0.34251273484188055;0.37784397384837809;0;-0.34966174606199679;0.34416944064749128;0;0.5;-0.12474900166179539;0.49999999999999972;0.87746098167055832;0.27166563230697492
0;3.9;-0.32422266581295373;-0.39416222151507979;0;0.36580138057853639;-0.32636495333403415;0;0.5;-0.12475485586098097;0.49999999999999972;0.87755516837401319;0.27186096379091338
1;3.9;0.32422266581295373;0.39416222151507979;0;-0.36580138057853639;0.32636495333403415;0;0.5;-0.12475485586098097;0.49999999999999972;0.87755516837401319;0.27186096379091338
0;3.95;-0.3051704803431331;-0.4095539531140579;0;0.38104370939641274;-0.30783463197956262;0;0.5;-0.12476088069493384;0.49999999999999971;0.8776435290404452;0.27204448743984553
1;3.95;0.3051704803431331;0.4095539531140579;0;-0.38104370939641274;0.30783463197956262;0;0.5;-0.12476088069493384;0.49999999999999971;0.8776435290404452;0.27204448743984553
0;4;-0.28540252624265888;-0.42398508763343123;0;0.39535908200948389;-0.28862269038746713;0;0.5;-0.12476706290000918;0.4999999999999997;0.87772589562682832;0.27221580143404362
1;4;0.28540252624265888;0.42398508763343123;0;-0.39535908200948389;0.28862269038746713;0;0.5;-0.12476706290000918;0.4999999999999997;0.87772589562682832;0.27221580143404362
0;4.05;-0.26496653087201527;-0.43742380088658672;0;0.40871990741287195;-0.26877426506310936;0;0.5;-0.1247733892476923;0.49999999999999969;0.87780211302527916;0.27237453241319867
1;4.05;0.26496653087201527;0.43742380088658672;0;-0.40871990741287195;0.26877426506310936;0;0.5;-0.1247733892476923;0.49999999999999969;0.87780211302527916;0.27237453241319867
0;4.1;-0.24391149820537361;-0.44984056753382606;0;0.42110065333283325;-0.24833533294478669;0;0.5;-0.12477984655434649;0.4999999999999997;0.87787203902204268;0.27252033592249179
1;4.1;0.24391149820537361;0.44984056753382606;0;-0.42110065333283325;0.24833533294478669;0;0.5;-0.12477984655434649;0.4999999999999997;0.87787203902204268;0.27252033592249179
0;4.15;-0.22228760601622136;-0.46120819917785316;0;0.43247784378304527;-0.22735263288054247;0;0.5;-0.12478642168822571;0.49999999999999969;0.87793554424932605;0.27265289681198594
1;4.15;0.22228760601622136;0.46120819917785316;0;-0.43247784378304527;0.22735263288054247;0;0.5;-0.12478642168822571;0.49999999999999969;0.87793554424932605;0.27265289681198594
0;4.2;-0.20014610324685508;-0.47150187871157467;0;0.44283005538732534;-0.20587359067443012;0;0.5;-0.1247931015739728;0.49999999999999968;0.87799251213264088;0.27277192959184186
1;4.2;0.20014610324685508;0.47150187871157467;0;-0.44283005538732534;0.20587359067443012;0;0.5;-0.1247931015739728;0.49999999999999968;0.87799251213264088;0.27277192959184186
0;4.25;-0.17753920760309391;-0.48069919108622372;0;0.45213791287522354;-0.18394624749298066;0;0.5;-0.12479987319482976;0.49999999999999968;0.87804283883608661;0.27287717874570223
1;4.25;0.17753920760309391;0.48069919108622372;0;-0.45213791287522354;0.18394624749298066;0;0.5;-0.12479987319482976;0.49999999999999968;0.87804283883608661;0.27287717874570223
0;4.3;-0.15452000339697816;-0.48878015065589203;0;0.46038408412231496;-0.1616191913933665;0;0.5;-0.12480672359279021;0.49999999999999967;0.8780864332077752;0.27296841900440895
1;4.3;0.15452000339697816;0.48878015065589203;0;-0.46038408412231496;0.1616191913933665;0;0.5;-0.12480672359279021;0.49999999999999967;0.8780864332077752;0.27296841900440895
0;4.35;-0.13114233964339767;-0.49572722524133778;0;0.46755327507160982;-0.13894149170891437;0;0.5;-0.12481363986692708;0.4999999999999997;0.87812321672736239;0.27304545558202428
1;4.35;0.13114233964339767;0.49572722524133778;0;-0.46755327507160982;0.13894149170891437;0;0.5;-0.12481363986692708;0.4999999999999997;0.87812321672736239;0.27304545558202428
0;4.4;-0.10746072840157199;-0.50152535704158863;0;0.47363222483651352;-0.11596263600501652;0;0.5;-0.12482060917013019;0.49999999999999971;0.8781531234574141;0.27310812437591752
1;4.4;0.10746072840157199;0.50152535704158863;0;-0.47363222483651352;0.11596263600501652;0;0.5;-0.12482060917013019;0.49999999999999971;0.8781531234574141;0.27310812437591752
0;4.45;-0.083530243339103416;-0.50616198050653571;0;0.47860970124937152;-0.092732469298942133;0;0.5;-0.12482761870448912;0.49999999999999969;0.87817610000009876;0.27315629213245966
1;4.45;0.083530243339103416;0.50616198050653571;0;-0.47860970124937152;0.092732469298942133;0;0.5;-0.12482761870448912;0.49999999999999969;0.87817610000009876;0.27315629213245966
0;4.5;-0.059406418484955648;-0.50962703726755521;0;0.48247649708295537;-0.069301135220390733;0;0.5;-0.12483465571555717;0.49999999999999963;0.87819210546045866;0.27318985657963782
1;4.5;0.059406418484955648;0.50962703726755521;0;-0.48247649708295537;0.069301135220390733;0;0.5;-0.12483465571555717;0.49999999999999963;0.87819210546045866;0.27318985657963782
0;4.55;-0.035145147128186539;-0.51191298820634035;0;0.48522542713538219;-0.045719018775703654;0;0.5;-0.12484170748573176;0.49999999999999958;0.87820111141727551;0.27320874652766324
1;4.55;0.035145147128186539;0.51191298820634035;0;-0.48522542713538219;0.045719018775703654;0;0.5;-0.12484170748573176;0.49999999999999958;0.87820111141727551;0.27320874652766324
0;4.6;-0.010802580811587732;-0.51301482272470633;0;0.48685132633197614;-0.022036690367319423;0;0.5;-0.12484876132698713;0.49999999999999959;0.87820310190230789;0.27321292193840218
1;4.6;0.010802580811587732;0.51301482272470633;0;-0.48685132633197614;0.022036690367319423;0;0.5;-0.12484876132698713;0.49999999999999959;0.87820310190230789;0.27321292193840218
0;4.65;0.013564971636438152;-0.51293006526026685;0;0.48735104896051767;0.0016951492887895343;0;0.5;-0.12485580457319332;0.49999999999999959;0.87819807338844106;0.27320237396420941
1;4.65;-0.013564971636438152;0.51293006526026685;0;-0.48735104896051767;-0.0016951492887895343;0;0.5;-0.12485580457319332;0.49999999999999959;0.87819807338844106;0.27320237396420941
0;4.7;0.037901145092398517;-0.51165877907469581;0;0.48672346911920727;0.025425723711419872;0;0.5;-0.12486282457225622;0.49999999999999953;0.87818603478705288;0.27317712495649155
1;4.7;-0.037901145092398517;0.51165877907469581;0;-0.48672346911920727;-0.025425723711419872;0;0.5;-0.12486282457225622;0.49999999999999953;0.87818603478705288;0.27317712495649155
0;4.75;0.06214961921337344;-0.50920356732289407;0;0.4849694824194985;0.049104235036035407;0;0.5;-0.12486980867831179;0.49999999999999957;0.8781670074546628;0.27313722844407239
1;4.75;-0.06214961921337344;0.50920356732289407;0;-0.4849694824194985;-0.049104235036035407;0;0.5;-0.12486980867831179;0.49999999999999957;0.8781670074546628;0.27313722844407239
0;4.8;0.086254219660809858;-0.50556957139289582;0;0.48209200894872828;0.072679918599964463;0;0.5;-0.12487674424420871;0.49999999999999954;0.87814102520869478;0.27308276908117715
1;4.8;-0.086254219660809858;0.50556957139289582;0;-0.48209200894872828;-0.072679918599964463;0;0.5;-0.12487674424420871;0.49999999999999954;0.87814102520869478;0.27308276908117715
0;4.85;0.1101590195338189;-0.50076446648788719;0;0.478095997460181;0.096102098100173422;0;0.5;-0.12488361861451125;0.49999999999999959;0.8781081343519473;0.27301386256459974
1;4.85;-0.1101590195338189;0.50076446648788719;0;-0.478095997460181;-0.096102098100173422;0;0.5;-0.12488361861451125;0.49999999999999959;0.8781081343519473;0.27301386256459974
0;4.9;0.13380844106986167;-0.49479845440337855;0;0.47298843072085511;0.11932024169017319;0;0.5;-0.12489041911925582;0.49999999999999959;0.87806839370512818;0.27293065551936365
1;4.9;-0.13380844106986167;0.49479845440337855;0;-0.47298843072085511;-0.11932024169017319;0;0.5;-0.12489041911925582;0.49999999999999959;0.87806839370512818;0.27293065551936365
0;4.95;0.15714735766534954;-0.48768425343450078;0;0.46677833190975726;0.14228401937755528;0;0.5;-0.12489713306869237;0.49999999999999957;0.8780218746465728;0.27283332535194159
1;4.95;-0.15714735766534954;0.48768425343450078;0;-0.46677833190975726;-0.14228401937755528;0;0.5;-0.12489713306869237;0.49999999999999957;0.8780218746465728;0.27283332535194159
0;5;0.18012119626145098;-0.47943708533069179;0;0.45947677192202896;0.16494336207617993;0;0.5;-0.12490374774924349;0.49999999999999957;0.87796866115802847;0.27272208006985527
1;5;-0.18012119626145098;0.47943708533069179;0;-0.45947677192202896;-0.16494336207617993;0;0.5;-0.12490374774924349;0.49999999999999957;0.87796866115802847;0.27272208006985527
0;5.05;0.20267604013128304;-0.47007465919783914;0;0.45109687739664117;0.18724852265705252;0;0.5;-0.12491025042091074;0.49999999999999953;0.87790884987514834;0.272597158066243
1;5.05;-0.20267604013128304;0.47007465919783914;0;-0.45109687739664117;-0.18724852265705252;0;0.5;-0.12491025042091074;0.49999999999999953;0.87790884987514834;0.272597158066243
0;5.1;0.22475873209367353;-0.45961715223137417;0;0.4416538392478096;0.20915013932929893;0;0.5;-0.12491662831635819;0.4999999999999995;0.87784255014110125;0.27245882786775644
1;5.1;-0.22475873209367353;0.45961715223137417;0;-0.4416538392478096;-0.20915013932929893;0;0.5;-0.12491662831635819;0.4999999999999995;0.87784255014110125;0.27245882786775644
0;5.15;0.24631697816581133;-0.44808718714801204;0;0.43116492144275609;0.23059930166724282;0;0.5;-0.12492286864190097;0.4999999999999995;0.87776988406146648;0.27230738784393246
1;5.15;-0.24631697816581133;0.44808718714801204;0;-0.43116492144275609;-0.23059930166724282;0;0.5;-0.12492286864190097;0.4999999999999995;0.87776988406146648;0.27230738784393246
0;5.2;0.26729945165236463;-0.43550980616895052;0;0.41964946973106554;0.25154761958123051;0;0.5;-0.12492895858062338;0.49999999999999951;0.8776909865583458;0.27214316587598358
1;5.2;-0.26729945165236463;0.43550980616895052;0;-0.41964946973106554;-0.25154761958123051;0;0.5;-0.12492895858062338;0.49999999999999951;0.8776909865583458;0.27214316587598358
0;5.25;0.28765589765205424;-0.42191244139353229;0;0.40712891999379175;0.27194729550836427;0;0.5;-0.12493488529784737;0.49999999999999948;0.87760600542139194;0.27196651898276248
1;5.25;-0.28765589765205424;0.42191244139353229;0;-0.40712891999379175;-0.27194729550836427;0;0.5;-0.12493488529784737;0.49999999999999948;0.87760600542139194;0.27196651898276248
0;5.3;0.30733723794424539;-0.40732488138980727;0;0.3936268058438227;0.29175120007450073;0;0.5;-0.12494063594916798;0.4999999999999995;0.87751510135322125;0.27177783290148503
1;5.3;-0.30733723794424539;0.40732488138980727;0;-0.3936268058438227;-0.29175120007450073;0;0.5;-0.12494063594916798;0.4999999999999995;0.87751510135322125;0.27177783290148503
0;5.35;0.32629567619789707;-0.39177923381727958;0;0.37916876507303382;0.31091295145055409;0;0.5;-0.12494619769126407;0.49999999999999951;0.87741844800645338;0.27157752162064396
1;5.35;-0.32629567619789707;0.39177923381727958;0;-0.37916876507303382;-0.31091295145055409;0;0.5;-0.12494619769126407;0.49999999999999951;0.87741844800645338;0.27157752162064396
0;5.4;0.34448480342323218;-0.37530988388757369;0;0.36378254450670244;0.32938699859411785;0;0.5;-0.12495155769568499;0.49999999999999949;0.87731623200940069;0.27136602686241578
1;5.4;-0.34448480342323218;0.37530988388757369;0;-0.36378254450670244;-0.32938699859411785;0;0.5;-0.12495155769568499;0.49999999999999949;0.87731623200940069;0.27136602686241578
0;5.45;0.36185970356282376;-0.3579534484609988;0;0.34749800279183218;0.34712870853149774;0;0.5;-0.1249567031658024;0.49999999999999949;0.87720865297722087;0.27114381751175692
1;5.45;-0.36185970356282376;0.3579534484609988;0;-0.34749800279183218;-0.34712870853149774;0;0.5;-0.1249567031658024;0.49999999999999949;0.87720865297722087;0.27114381751175692
0;5.5;0.37837705909351416;-0.33974872557123575;0;0.33034711061380784;0.36409445779526106;0;0.5;-0.12496162135710294;0.4999999999999995;0.87709592350514691;0.2709113889893063
1;5.5;-0.37837705909351416;0.33974872557123575;0;-0.33034711061380784;-0.36409445779526106;0;0.5;-0.12496162135710294;0.4999999999999995;0.87709592350514691;0.2709113889893063
0;5.55;0.39399525648379347;-0.32073663916682532;0;0.3123639478055858;0.38024172808820844;0;0.5;-0.12496629960098074;0.49999999999999954;0.876978269140224;0.27066926256516238
1;5.55;-0.39399525648379347;0.32073663916682532;0;-0.3123639478055858;-0.38024172808820844;0;0.5;-0.12496629960098074;0.49999999999999954;0.876978269140224;0.27066926256516238
0;5.6;0.40867449132308803;-0.30096017885701809;0;0.29358469678589161;0.39552920619614512;0;0.5;-0.12497072533216899;0.49999999999999954;0.87685592832781639;0.27041798461058617
1;5.6;-0.40867449132308803;0.30096017885701809;0;-0.29358469678589161;-0.39552920619614512;0;0.5;-0.12497072533216899;0.49999999999999954;0.87685592832781639;0.27041798461058617
0;5.65;0.4223768729099967;-0.28046433445107283;0;0.27404763173817387;0.40991688811890514;0;0.5;-0.12497488611992654;0.49999999999999954;0.87672915232900109;0.27015812578470068
1;5.65;-0.4223768729099967;0.28046433445107283;0;-0.27404763173817387;-0.40991688811890514;0;0.5;-0.12497488611992654;0.49999999999999954;0.87672915232900109;0.27015812578470068
0;5.7;0.43506652805604307;-0.25929602508448568;0;0.25379310292092688;0.4233661873317428;0;0.5;-0.12497876970306826;0.49999999999999956;0.87659820510484501;0.26989028015331517
1;5.7;-0.43506652805604307;0.25929602508448568;0;-0.25379310292092688;-0.4233661873317428;0;0.5;-0.12497876970306826;0.49999999999999956;0.87659820510484501;0.26989028015331517
0;5.75;0.44670970383019676;-0.23750402273311044;0;0.23286351548307416;0.43584004702750484;0;0.5;-0.12498236402889609;0.49999999999999955;0.87646336316347083;0.26961506423710158
1;5.75;-0.44670970383019676;0.23750402273311044;0;-0.23286351548307416;-0.43584004702750484;0;0.5;-0.12498236402889609;0.49999999999999955;0.87646336316347083;0.26961506423710158
0;5.8;0.45727486893750019;-0.21513886992690767;0;0.21130330214606846;0.4473030561240553;0;0.5;-0.12498565729605265;0.49999999999999954;0.8763249153657598;0.26933311598649458
1;5.8;-0.45727486893750019;0.21513886992690767;0;-0.21130330214606846;-0.4473030561240553;0;0.5;-0.12498565729605265;0.49999999999999954;0.8763249153657598;0.26933311598649458
0;5.85;0.46673281339289624;-0.1922527914893345;0;0.18915888910792117;0.4577215687514633;0;0.5;-0.12498863800127881;0.49999999999999953;0.87618316268552128;0.26904509368087661
1;5.85;-0.46673281339289624;0.1922527914893345;0;-0.18915888910792117;-0.4577215687514633;0;0.5;-0.12498863800127881;0.49999999999999953;0.87618316268552128;0.26904509368087661
0;5.9;0.47505674611910903;-0.16889960014634492;0;0.1664786545242557;0.46706382685979153;0;0.5;-0.12499129499001186;0.49999999999999953;0.87603841791998408;0.26875167474985041
1;5.9;-0.47505674611910903;0.16889960014634492;0;-0.1664786545242557;-0.46706382685979153;0;0.5;-0.12499129499001186;0.49999999999999953;0.87603841791998408;0.26875167474985041
0;5.95;0.48222239006553086;-0.14513459587077646;0;0.14331287892843664;0.4753000855113691;0;0.5;-0.12499361751071206;0.49999999999999953;0.8758910053465383;0.2684535545146925
1;5.95;-0.48222239006553086;0.14513459587077646;0;-0.14331287892843664;-0.4753000855113691;0;0.5;-0.12499361751071206;0.49999999999999953;0.8758910053465383;0.2684535545146925
0;6;0.48820807441391117;-0.12101445885368946;0;0.11971368696760627;0.48240274034174008;0;0.5;-0.12499559527275176;0.49999999999999952;0.87574126032178415;0.26815144484842746
1;6;-0.48820807441391117;0.12101445885368946;0;-0.11971368696760627;-0.48240274034174008;0;0.5;-0.12499559527275176;0.49999999999999952;0.87574126032178415;0.26815144484842746
0;6.05;0.49299482340665091;-0.096597136024103192;0;0.09573497985479508;0.48834645659172532;0;0.5;-0.12499721850764301;0.49999999999999951;0.87558952881912923;0.26784607275336245
1;6.05;-0.49299482340665091;0.096597136024103192;0;-0.09573497985479508;-0.48834645659172532;0;0.5;-0.12499721850764301;0.49999999999999951;0.87558952881912923;0.26784607275336245
0;6.1;0.49656644130514399;-0.0719417210726018;0;0.07143235796986161;0.4931082990300279;0;0.5;-0.12499847803331935;0.49999999999999953;0.87543616690142463;0.26753817885537796
1;6.1;-0.49656644130514399;0.0719417210726018;0;-0.07143235796986161;-0.4931082990300279;0;0.5;-0.12499847803331935;0.49999999999999953;0.87543616690142463;0.26753817885537796
0;6.15;0.49890959295936887;-0.047108327972476501;0;0.04686303308449756;0.49666786200250596;0;0.5;-0.12499936532112189;0.49999999999999953;0.87528154012544457;0.26722851581478202
1;6.15;-0.49890959295936887;0.047108327972476501;0;-0.04686303308449756;-0.49666786200250596;0;0.5;-0.12499936532112189;0.49999999999999953;0.87528154012544457;0.26722851581478202
0;6.2;0.50001387944634224;-0.022157958034390673;0;0.022085729739466986;0.49900739876171657;0;0.5;-0.12499987256507248;0.49999999999999956;0.87512602287539956;0.26691784665410285
1;6.2;-0.50001387944634224;0.022157958034390673;0;-0.022085729739466986;-0.49900739876171657;0;0.5;-0.12499987256507248;0.49999999999999956;0.87512602287539956;0.26691784665410285
0;6.25;0.4998719082146465;0.0028476394231009791;0;-0.0028394246339143439;0.50011194914983303;0;0.5;-0.12499999275294957;0.49999999999999951;0.87496999762313052;0.26660694300381488
1;6.25;-0.4998719082146465;-0.0028476394231009791;0;0.0028394246339143439;-0.50011194914983303;0;0.5;-0.12499999275294957;0.49999999999999951;0.87496999762313052;0.26660694300381488
0;6.3;0.49847935715559699;0.027846112654646774;0;-0.027851021180990154;0.49996946463091591;0;0.5;-0.12499971973861027;0.49999999999999951;0.87481385411316228;0.26629658326766572
1;6.3;-0.49847935715559699;-0.027846112654646774;0;0.027851021180990154;-0.49996946463091591;0;0.5;-0.12499971973861027;0.49999999999999951;0.87481385411316228;0.26629658326766572
0;6.35;0.49583503200928952;0.052774659134459355;0;-0.052886502926149062;0.4985709295962516;0;0.5;-0.12499904831493608;0.4999999999999995;0.87465798847140224;0.26598755070999138
1;6.35;-0.49583503200928952;-0.052774659134459355;0;0.052886502926149062;-0.4985709295962516;0;0.5;-0.12499904831493608;0.4999999999999995;0.87465798847140224;0.26598755070999138
0;6.4;0.49194091650633642;0.077570183024491965;0;-0.077882310059062348;0.49591047780065223;0;0.5;-0.1249979742867102;0.49999999999999952;0.87450280223694803;0.26568063146817093
1;6.4;-0.49194091650633642;-0.077570183024491965;0;0.077882310059062348;-0.49591047780065223;0;0.5;-0.1249979742867102;0.49999999999999952;0.87450280223694803;0.26568063146817093
0;6.45;0.48680221464410983;0.10216945816098674;0;-0.10277403724453178;0.4919855027298955;0;0.5;-0.12499649454267222;0.49999999999999951;0.87434870131722022;0.26537661249417282
1;6.45;-0.48680221464410983;-0.10216945816098674;0;0.10277403724453178;-0.4919855027298955;0;0.5;-0.12499649454267222;0.49999999999999951;0.87434870131722022;0.26537661249417282
0;6.5;0.48042738450030242;0.12650929619356671;0;-0.12749660287614811;0.48679676065159927;0;0.5;-0.12499460712593644;0.49999999999999949;0.87419609486745323;0.26507627942997831
1;6.5;-0.48042738450030242;-0.12650929619356671;0;0.12749660287614811;-0.48679676065159927;0;0.5;-0.12499460712593644;0.49999999999999949;0.87419609486745323;0.26507627942997831
0;6.55;0.47282816299707703;0.15052671944684229;0;-0.15198443006450765;0.48034846506551138;0;0.5;-0.12499231130190856;0.49999999999999948;0.87404539409645684;0.26478041442252253
1;6.55;-0.47282816299707703;-0.15052671944684229;0;0.15198443006450765;-0.48034846506551138;0;0.5;-0.12499231130190856;0.49999999999999948;0.87404539409645684;0.26478041442252253
0;6.6;0.46401958104645702;0.17415913800915109;0;-0.17617163901240038;0.47264837124617576;0;0.5;-0.12498960762279172;0.49999999999999948;0.87389701100149283;0.26448979388466431
1;6.6;-0.46401958104645702;-0.17415913800915109;0;0.17617163901240038;-0.47264837124617576;0;0.5;-0.12498960762279172;0.49999999999999948;0.87389701100149283;0.26448979388466431
0;6.65;0.45401996853228338;0.19734453048729494;0;-0.19999225028347295;0.46370784956287697;0;0.5;-0.1249864979877386;0.49999999999999949;0.87375135703608727;0.26420518620956902
1;6.65;-0.45401996853228338;-0.19734453048729494;0;0.19999225028347295;-0.46370784956287697;0;0.5;-0.1249864979877386;0.49999999999999949;0.87375135703608727;0.26420518620956902
0;6.7;0.44285094861633428;0.22002162780080589;0;-0.22338039831898152;0.45354194627021904;0;0.5;-0.12498298569768733;0.49999999999999947;0.87360884171560641;0.26392734944675584
1;6.7;-0.44285094861633428;-0.22002162780080589;0;0.22338039831898152;-0.45354194627021904;0;0.5;-0.12498298569768733;0.49999999999999947;0.87360884171560641;0.26392734944675584
0;6.75;0.43053742089627084;0.242130099325259;0;-0.24627055440126919;0.44216943048906238;0;0.5;-0.12497907550390839;0.49999999999999946;0.87346987116645021;0.2636570289489071
1;6.75;-0.43053742089627084;-0.242130099325259;0;0.24627055440126919;-0.44216943048906238;0;0.5;-0.12497907550390839;0.49999999999999946;0.87346987116645021;0.2636570289489071
0;6.8;0.41710753299103598;0.26361074063240925;0;-0.26859775810469777;0.429612826143005;0;0.5;-0.12497477364930023;0.49999999999999949;0.87333484662574645;0.26339495499935195
1;6.8;-0.41710753299103598;-0.26361074063240925;0;0.26859775810469777;-0.429612826143005;0;0.5;-0.12497477364930023;0.49999999999999949;0.87333484662574645;0.26339495499935195
0;6.85;0.40259264018516822;0.28440566201646289;0;-0.29029785611735548;0.41589842768107288;0;0.5;-0.12497008790149317;0.49999999999999951;0.87320416289944281;0.26314184043090525
1;6.85;-0.40259264018516822;-0.28440566201646289;0;0.29029785611735548;-0.41589842768107288;0;0.5;-0.12497008790149317;0.49999999999999951;0.87320416289944281;0.26314184043090525
0;6.9;0.38702725282703826;0.30445847694163192;0;-0.31130774716259918;0.40105629850338104;0;0.5;-0.12496502757686515;0.49999999999999952;0.87307820678767675;0.26289837824745071
1;6.9;-0.38702725282703826;-0.30445847694163192;0;0.31130774716259918;-0.40105629850338104;0;0.5;-0.12496502757686515;0.49999999999999952;0.87307820678767675;0.26289837824745071
0;6.95;0.37044897124697818;0.32371448949730569;0;-0.33156563160120212;0.38512025111347548;0;0.5;-0.12495960355463152;0.49999999999999952;0.8729573554872336;0.26266523926029193
1;6.95;-0.37044897124697818;-0.32371448949730569;0;0.33156563160120212;-0.38512025111347548;0;0.5;-0.12495960355463152;0.49999999999999952;0.8729573554872336;0.26266523926029193
0;7;0.35289840803920186;0.34212087990474049;0;-0.35101126415552669;0.36812780814869639;0;0.5;-0.12495382828025145;0.49999999999999953;0.87284197498176228;0.26244306975184184
1;7;-0.35289840803920186;-0.34212087990474049;0;0.35101126415552669;-0.36812780814869639;0;0.5;-0.12495382828025145;0.49999999999999953;0.87284197498176228;0.26244306975184184
0;7.05;0.33441909763571404;0.35962688708412016;0;-0.36958620806975612;0.35012014358759286;0;0.5;-0.12494771575749027;0.49999999999999951;0.87273241843118498;0.26223248917966685
1;7.05;-0.33441909763571404;-0.35962688708412016;0;0.36958620806975612;-0.35012014358759286;0;0.5;-0.12494771575749027;0.49999999999999951;0.87273241843118498;0.26223248917966685
0;7.1;0.31505739319032272;0.37618398726412444;0;-0.38723408890782596;0.33114200360008522;0;0.5;-0.12494128152859355;0.49999999999999949;0.87262902457239243;0.26203408793423359
1;7.1;-0.31505739319032272;-0.37618398726412444;0;0.38723408890782596;-0.33114200360008522;0;0.5;-0.12494128152859355;0.49999999999999949;0.87262902457239243;0.26203408793423359
0;7.15;0.29486235088551049;0.39174606759863112;0;-0.40390084609624421;0.31124160669013334;0;0.5;-0.12493454264216031;0.49999999999999948;0.87253211614384212;0.26184842516391349
1;7.15;-0.29486235088551049;-0.39174606759863112;0;0.40390084609624421;-0.31124160669013334;0;0.5;-0.12493454264216031;0.49999999999999948;0.87253211614384212;0.26184842516391349
0;7.2;0.2738856018732474;0.40626959374763488;0;-0.41953498024526231;0.29047052298007575;0;0.5;-0.12492751760845278;0.49999999999999946;0.87244199834705289;0.26167602668087185
1;7.2;-0.2738856018732474;-0.40626959374763488;0;0.41953498024526231;-0.29047052298007575;0;0.5;-0.12492751760845278;0.49999999999999946;0.87244199834705289;0.26167602668087185
0;7.25;0.25218121216167755;0.41971377038253604;0;-0.43408779423139698;0.26888353269802345;0;0.5;-0.12492022634203748;0.49999999999999945;0.87235895735820341;0.26151738296139669
1;7.25;-0.25218121216167755;-0.41971377038253604;0;0.43408779423139698;-0.26888353269802345;0;0.5;-0.12492022634203748;0.49999999999999945;0.87235895735820341;0.26151738296139669
0;7.3;0.22980553086171185;0.43204069359012376;0;-0.44751362599931394;0.24653846415175382;0;0.5;-0.12491269009182915;0.49999999999999947;0.87228325890307938;0.26137294725400167
1;7.3;-0.22980553086171185;-0.43204069359012376;0;0.44751362599931394;-0.24653846415175382;0;0.5;-0.12491269009182915;0.49999999999999947;0.87228325890307938;0.26137294725400167
0;7.35;0.20681702730954377;0.44321549417517847;0;-0.45977007104336182;0.22349601170109376;0;0.5;-0.12490493135878299;0.49999999999999948;0.8722151469084651;0.26124313380826282
1;7.35;-0.20681702730954377;-0.44321549417517847;0;0.45977007104336182;-0.22349601170109376;0;0.5;-0.12490493135878299;0.49999999999999948;0.8722151469084651;0.26124313380826282
0;7.4;0.18327611768154869;0.45320647089878396;0;-0.47081819255990165;0.19981953447210951;0;0.5;-0.12489697380166736;0.4999999999999995;0.87215484224273387;0.26112831623682053
1;7.4;-0.18327611768154869;-0.45320647089878396;0;0.47081819255990165;-0.19981953447210951;0;0.5;-0.12489697380166736;0.4999999999999995;0.87215484224273387;0.26112831623682053
0;7.45;0.15924498181546015;0.46198521273811305;0;-0.48062271732177059;0.17557483678658167;0;0.5;-0.12488884213152945;0.49999999999999948;0.87210254155785612;0.26102882602229555
1;7.45;-0.15924498181546015;-0.46198521273811305;0;0.48062271732177059;-0.17557483678658167;0;0.5;-0.12488884213152945;0.49999999999999948;0.87210254155785612;0.26102882602229555
0;7.5;0.13478737104466454;0.46952670931336915;0;-0.48915221541591231;0.15082993150512156;0;0.5;-0.12488056199564897;0.49999999999999948;0.87205841624431479;0.26094495118003726
1;7.5;-0.13478737104466454;-0.46952670931336915;0;0.48915221541591231;-0.15082993150512156;0;0.5;-0.12488056199564897;0.49999999999999948;0.87205841624431479;0.26094495118003726
0;7.55;0.10996840793946852;0.47580944869825387;0;-0.4963792621039203;0.12565478769769431;0;0.5;-0.12487215985194179;0.49999999999999947;0.87202261150950254;0.26087693508664937
1;7.55;-0.10996840793946852;-0.47580944869825387;0;0.4963792621039203;-0.12565478769769431;0;0.5;-0.12487215985194179;0.49999999999999947;0.87202261150950254;0.26087693508664937
0;7.6;0.084854378928875943;0.48081550191110933;0;-0.50228058021185151;0.10012106425710987;0;0.5;-0.12486366283493988;0.49999999999999947;0.87199524558908349;0.2608249754831336
1;7.6;-0.084854378928875943;-0.48081550191110933;0;0.50228058021185151;-0.10012106425710987;0;0.5;-0.12486366283493988;0.49999999999999947;0.87199524558908349;0.2608249754831336
0;7.65;0.059512520847456223;0.48453059347387117;0;-0.50683716162839443;0.074301831255236442;0;0.5;-0.12485509861461356;0.4999999999999995;0.87197640909954986;0.26078922366026694
1;7.65;-0.059512520847456223;-0.48453059347387117;0;0.50683716162839443;-0.074301831255236442;0;0.5;-0.12485509861461356;0.4999999999999995;0.87197640909954986;0.26078922366026694
0;7.7;0.034010802513110255;0.48694415752409864;0;-0.51003436668691937;0.048271281004549353;0;0.5;-0.12484649524942844;0.49999999999999947;0.87196616453880836;0.26076978383249914
1;7.7;-0.034010802513110255;-0.48694415752409864;0;0.51003436668691937;-0.048271281004549353;0;0.5;-0.12484649524942844;0.49999999999999947;0.87196616453880836;0.26076978383249914
0;7.75;0.0084177024919047834;0.48804937907038842;0;-0.51186200042410945;0.022104430925795417;0;0.5;-0.12483788103513072;0.49999999999999944;0.87196454594011617;0.26076671270524114
1;7.75;-0.0084177024919047834;-0.48804937907038842;0;0.51186200042410945;-0.022104430925795417;0;0.5;-0.12483788103513072;0.49999999999999944;0.87196454594011617;0.26076671270524114
0;7.8;-0.017198015755208618;0.48784322009204517;0;-0.51231436494226801;-0.0041231795668649355;0;0.5;-0.12482928435083101;0.4999999999999994;0.87197155868307757;0.26078001923892896
1;7.8;0.017198015755208618;-0.48784322009204517;0;0.51231436494226801;0.0041231795668649355;0;0.5;-0.12482928435083101;0.4999999999999994;0.87197155868307757;0.26078001923892896
0;7.85;-0.042767530122712664;0.48632643029848449;0;-0.51139028735008096;-0.030335795871213364;0;0.5;-0.12482073350400667;0.49999999999999937;0.87198717946373552;0.26080966461171609
1;7.85;0.042767530122712664;-0.48632643029848449;0;0.51139028735008096;0.030335795871213364;0;0.5;-0.12482073350400667;0.49999999999999937;0.87198717946373552;0.26080966461171609
0;7.9;-0.068222186273377561;0.48350354248089583;0;-0.50909312301329801;-0.056457756351772907;0;0.5;-0.12481225657606235;0.49999999999999936;0.87201135642408092;0.26085556238108717
1;7.9;0.068222186273377561;-0.48350354248089583;0;0.50909312301329801;0.056457756351772907;0;0.5;-0.12481225657606235;0.49999999999999936;0.87201135642408092;0.26085556238108717
0;7.95;-0.093493722978776339;0.47938285250656421;0;-0.50543073410797545;-0.082413799486632147;0;0.5;-0.12480388127008244;0.49999999999999935;0.87204400943958392;0.26091757884312331
1;7.95;0.093493722978776339;-0.47938285250656421;0;0.50543073410797545;0.082413799486632147;0;0.5;-0.12480388127008244;0.49999999999999935;0.87204400943958392;0.26091757884312331
0;8;-0.11851449516527483;0.47397638412328913;0;-0.50041544372996982;-0.10812936766550164;0;0.5;-0.1247956347623701;0.49999999999999935;0.87208503056165851;0.26099553358660355
1;8;0.11851449516527483;-0.47397638412328913;0;0.50041544372996982;0.10812936766550164;0;0.5;-0.1247956347623701;0.49999999999999935;0.87208503056165851;0.26099553358660355
0;8.05;-0.14321769346880825;0.46729983885591753;0;-0.49406396607066805;-0.13353090534743223;0;0.5;-0.12478754355930354;0.49999999999999936;0.87213428461033423;0.26108920023762175
1;8.05;0.14321769346880825;-0.46729983885591753;0;0.49406396607066805;0.13353090534743223;0;0.5;-0.12478754355930354;0.49999999999999936;0.87213428461033423;0.26108920023762175
0;8.1;-0.16753755913960819;0.4593725313875503;0;-0.48639731341599879;-0.1585461493673446;0;0.5;-0.12477963336094925;0.49999999999999938;0.87219160991085503;0.26119830738895409
1;8.1;0.16753755913960819;-0.4593725313875503;0;0.48639731341599879;0.1585461493673446;0;0.5;-0.12477963336094925;0.49999999999999938;0.87219160991085503;0.26119830738895409
0;8.15;-0.19140959318757558;0.45021731092300199;0;-0.47744068095934794;-0.18310440929096608;0;0.5;-0.12477192893275608;0.4999999999999994;0.87225681916648248;0.26132253970704774
1;8.15;0.19140959318757558;-0.45021731092300199;0;0.47744068095934794;0.18310440929096608;0;0.5;-0.12477192893275608;0.4999999999999994;0.87225681916648248;0.26132253970704774
0;8.2;-0.21477075871933596;0.43986046913022409;0;-0.46722331063520767;-0.20713683585555845;0;0.5;-0.12476445398651804;0.4999999999999994;0.87232970045847222;0.2614615392082362
1;8.2;0.21477075871933596;-0.43986046913022409;0;0.46722331063520767;0.20713683585555845;0;0.5;-0.12476445398651804;0.4999999999999994;0.87232970045847222;0.2614615392082362
0;8.25;-0.2375596754881249;0.42833163534542296;0;-0.45577833537577889;-0.23057667569602233;0;0.5;-0.12475723107164043;0.49999999999999938;0.87241001836303834;0.26161490669463522
1;8.25;0.2375596754881249;-0.42833163534542296;0;0.45577833537577889;0.23057667569602233;0;0.5;-0.12475723107164043;0.49999999999999938;0.87241001836303834;0.26161490669463522
0;8.3;-0.25971680575634504;0.41566365980846315;0;-0.44314260536440309;-0.2533595107391961;0;0.5;-0.12475028147757516;0.49999999999999938;0.87249751517413774;0.26178220333914978
1;8.3;0.25971680575634504;-0.41566365980846315;0;0.44314260536440309;0.2533595107391961;0;0.5;-0.12475028147757516;0.49999999999999938;0.87249751517413774;0.26178220333914978
0;8.35;-0.28118463065660942;0.40189248576597841;0;-0.42935649800528813;-0.27542348084969442;0;0.5;-0.124743625148115;0.49999999999999933;0.8725919122201068;0.26196295240813723
1;8.35;0.28118463065660942;-0.40189248576597841;0;0.42935649800528813;0.27542348084969442;0;0.5;-0.124743625148115;0.49999999999999933;0.8725919122201068;0.26196295240813723
0;8.4;-0.30190781632894975;0.38705701133975495;0;-0.41446371344680677;-0.2967094885244691;0;0.5;-0.12473728060805112;0.49999999999999935;0.87269291126157353;0.26215664110953353
1;8.4;0.30190781632894975;-0.38705701133975495;0;0.41446371344680677;0.2967094885244691;0;0.5;-0.12473728060805112;0.49999999999999935;0.87269291126157353;0.26215664110953353
0;8.45;-0.32183336920818095;0.37119894210693988;0;-0.39851105758462435;-0.31716138465630128;0;0.5;-0.12473126490251483;0.49999999999999933;0.87280019595765537;0.26236272255366264
1;8.45;0.32183336920818095;-0.37119894210693988;0;0.39851105758462435;0.31716138465630128;0;0.5;-0.12473126490251483;0.49999999999999933;0.87280019595765537;0.26236272255366264
0;8.5;-0.34091077993471314;0.35436263537621471;0;-0.38154821453064336;-0.33672613461450335;0;0.5;-0.12472559354914097;0.49999999999999932;0.87291343338723061;0.26258061781351737
1;8.5;0.34091077993471314;-0.35436263537621471;0;0.38154821453064336;0.33672613461450335;0;0.5;-0.12472559354914097;0.49999999999999932;0.87291343338723061;0.26258061781351737
0;8.55;-0.35909215546293527;0.33659493717020733;0;-0.36362751056444209;-0.35535396412014764;0;0.5;-0.12472028050301205;0.49999999999999933;0.87303227561204175;0.26280971807102126
1;8.55;0.35909215546293527;-0.33659493717020733;0;0.36362751056444209;0.35535396412014764;0;0.5;-0.12472028050301205;0.49999999999999933;0.87303227561204175;0.26280971807102126
0;8.6;-0.37633233904225233;0.31794501293924438;0;-0.34480367158634101;-0.3729984846192595;0;0.5;-0.12471533813417722;0.49999999999999933;0.87315636126853654;0.26304938683565473
1;8.6;0.37633233904225233;-0.31794501293924438;0;0.34480367158634101;0.3729984846192595;0;0.5;-0.12471533813417722;0.49999999999999933;0.87315636126853654;0.26304938683565473
0;8.65;-0.39258901784559169;0.29846417303539546;0;-0.32513357606678733;-0.3896167980769783;0;0.5;-0.12471077721738054;0.49999999999999931;0.87328531717567048;0.26329896222184725
1;8.65;0.39258901784559169;-0.29846417303539546;0;0.32513357606678733;0.3896167980769783;0;0.5;-0.12471077721738054;0.49999999999999931;0.87328531717567048;0.26329896222184725
0;8.7;-0.40782281811745252;0.27820569396912487;0;-0.3046760054372169;-0.40516958132541192;0;0.5;-0.1247066069334955;0.49999999999999929;0.87341875994636595;0.26355775927169479
1;8.7;0.40782281811745252;-0.27820569396912487;0;0.3046760054372169;0.40516958132541192;0;0.5;-0.1247066069334955;0.49999999999999929;0.87341875994636595;0.26355775927169479
0;8.75;-0.42199738780720969;0.2572246364543806;0;-0.28349139379514304;-0.41962115029488578;0;0.5;-0.12470283488203571;0.49999999999999931;0.87355629759093186;0.263825072309848
1;8.75;0.42199738780720969;-0.2572246364543806;0;0.28349139379514304;0.41962115029488578;0;0.5;-0.12470283488203571;0.49999999999999931;0.87355629759093186;0.263825072309848
0;8.8;-0.43507946674238257;0.23557766122237761;0;-0.26164157870345783;-0.43293950464005965;0;0.5;-0.12469946710400481;0.49999999999999931;0.87369753110147506;0.26410017731782137
1;8.8;0.43507946674238257;-0.23557766122237761;0;0.26164157870345783;0.43293950464005965;0;0.5;-0.12469946710400481;0.49999999999999931;0.87369753110147506;0.26410017731782137
0;8.85;-0.44703894448006121;0.21332284355052966;0;-0.23918955475357298;-0.44509635343695886;0;0.5;-0.12469650811426217;0.4999999999999993;0.87384205600716188;0.26438233431548376
1;8.85;0.44703894448006121;-0.21332284355052966;0;0.23918955475357298;0.44509635343695886;0;0.5;-0.12469650811426217;0.4999999999999993;0.87384205600716188;0.26438233431548376
0;8.9;-0.45784890605191064;0.1905194874118884;0;-0.21619923143698819;-0.45606712277282518;0;0.5;-0.12469396094250938;0.4999999999999993;0.87398946389109389;0.26467078973809395
1;8.9;0.45784890605191064;-0.1905194874118884;0;0.21619923143698819;0.45606712277282518;0;0.5;-0.12469396094250938;0.4999999999999993;0.87398946389109389;0.26467078973809395
0;8.95;-0.4674856658885671;0.16722794010304839;0;-0.19273519673312967;-0.46583094617679993;0;0.5;-0.12469182718195474;0.49999999999999927;0.8741393438605276;0.26496477879792743
1;8.95;0.4674856658885671;-0.16722794010304839;0;0.19273519673312967;0.46583094617679993;0;0.5;-0.12469182718195474;0.49999999999999927;0.8741393438605276;0.26496477879792743
0;9;-0.47592879027235874;0.14350940815578714;0;-0.16886248767583303;-0.4743706389452253;0;0.5;-0.12469010704467836;0.49999999999999928;0.87429128396317207;0.26526352782028822
1;9;0.47592879027235874;-0.14350940815578714;0;0.16886248767583303;0.4743706389452253;0;0.5;-0.12469010704467836;0.49999999999999928;0.87429128396317207;0.26526352782028822
0;9.05;-0.48316110872283613;0.11942577528075471;0;-0.14464636900954811;-0.48167265750064847;0;0.5;-0.12468879942270926;0.49999999999999928;0.8744448725433246;0.26556625654449784
1;9.05;0.48316110872283613;-0.11942577528075471;0;0.14464636900954811;0.48167265750064847;0;0.5;-0.12468879942270926;0.49999999999999928;0.8744448725433246;0.26556625654449784
0;9.1;-0.48916871476743568;0.095039423031320361;0;-0.1201521208919914;-0.48772704498868702;0;0.5;-0.12468790195382385;0.49999999999999925;0.87459969953263285;0.26587218038129041
1;9.1;0.48916871476743568;-0.095039423031320361;0;0.1201521208919914;0.48772704498868702;0;0.5;-0.12468790195382385;0.49999999999999925;0.87459969953263285;0.26587218038129041
0;9.15;-0.49394095658969306;0.070413054813201759;0;-0.095444836445147466;-0.4925273643623721;0;0.5;-0.12468741109109553;0.49999999999999924;0.87475535767128852;0.26618051261890298
1;9.15;0.49394095658969306;-0.070413054813201759;0;0.095444836445147466;0.4925273643623721;0;0.5;-0.12468741109109553;0.49999999999999924;0.87475535767128852;0.26618051261890298
0;9.2;-0.4974704180798723;0.045609523801684593;0;-0.070589229803584452;-0.49607062023034332;0;0.5;-0.12468732217525134;0.49999999999999923;0.87491144365644675;0.26649046657102269
1;9.2;0.4974704180798723;-0.045609523801684593;0;0.070589229803584452;0.49607062023034332;0;0.5;-0.12468732217525134;0.49999999999999923;0.87491144365644675;0.26649046657102269
0;9.25;-0.49975289083787777;0.020691665263959873;0;-0.045649455160109945;-0.49835717075449443;0;0.5;-0.1246876295089345;0.49999999999999921;0.87506755921561512;0.26680125766062506
1;9.25;0.49975289083787777;-0.020691665263959873;0;0.045649455160109945;0.49835717075449443;0;0.5;-0.1246876295089345;0.49999999999999921;0.87506755921561512;0.26680125766062506
0;9.3;-0.50078733769616202;-0.0042778662798268847;0;-0.020688937165683787;-0.49939063087573515;0;0.5;-0.124688326432021;0.49999999999999928;0.87522331210365614;0.26711210543459989
1;9.3;0.50078733769616202;0.0042778662798268847;0;0.020688937165683787;0.49939063087573515;0;0.5;-0.124688326432021;0.49999999999999928;0.87522331210365614;0.26711210543459989
0;9.35;-0.50057584834140079;-0.029236754686075218;0;0.0042297870952245796;-0.49917776812496667;0;0.5;-0.12468940539719681;0.4999999999999993;0.87537831702288883;0.26742223550490309
1;9.35;0.50057584834140079;0.029236754686075218;0;-0.0042297870952245796;0.49917776812496667;0;0.5;-0.12468940539719681;0.4999999999999993;0.87537831702288883;0.26742223550490309
0;9.4;-0.49912358761841419;-0.054123174298164767;0;0.029045214459732314;-0.497728392241791;0;0.5;-0.12469085804506505;0.49999999999999932;0.87553219646655126;0.26773088141278789
1;9.4;0.49912358761841419;0.054123174298164767;0;-0.029045214459732314;0.497728392241791;0;0.5;-0.12469085804506505;0.49999999999999932;0.87553219646655126;0.26773088141278789
0;9.45;-0.49643873709864172;-0.078875936287043411;0;0.053697010395449198;-0.49505523977757276;0;0.5;-0.12469267527812189;0.49999999999999929;0.8756845814865928;0.26803728641344578
1;9.45;0.49643873709864172;0.078875936287043411;0;-0.053697010395449198;0.49505523977757276;0;0.5;-0.12469267527812189;0.49999999999999929;0.8756845814865928;0.26803728641344578
0;9.5;-0.49253243048895839;-0.10343462902724034;0;0.078126132193667125;-0.49117385480393844;0;0.5;-0.12469484733300834;0.4999999999999993;0.87583511238739873;0.26834070517912588
1;9.5;0.49253243048895839;0.10343462902724034;0;-0.078126132193667125;0.49117385480393844;0;0.5;-0.12469484733300834;0.4999999999999993;0.87583511238739873;0.26834070517912588
0;9.55;-0.48741868344527745;-0.12773975236645579;0;0.10227494087361877;-0.48610246678430913;0;0.5;-0.12469736385051842;0.49999999999999927;0.87598343934760933;0.26864040541949103
1;9.55;0.48741868344527745;0.12773975236645579;0;-0.10227494087361877;0.48610246678430913;0;0.5;-0.12469736385051842;0.49999999999999927;0.87598343934760933;0.26864040541949103
0;9.6;-0.48111431833978408;-0.1517328456962676;0;0.12608730210986746;-0.47986186659623592;0;0.5;-0.12470021394291399;0.49999999999999929;0.87612922297268048;0.26893566941860983
1;9.6;0.48111431833978408;0.1517328456962676;0;-0.12608730210986746;0.47986186659623592;0;0.5;-0.12470021394291399;0.49999999999999929;0.87612922297268048;0.26893566941860983
0;9.65;-0.47363888451132891;-0.17535660977715151;0;0.14950867656910322;-0.4724752816176781;0;0.5;-0.12470338625816733;0.49999999999999925;0.87627213478124518;0.26922579548857064
1;9.65;0.47363888451132891;0.17535660977715151;0;-0.14950867656910322;0.4724752816176781;0;0.5;-0.12470338625816733;0.49999999999999925;0.87627213478124518;0.26922579548857064
0;9.7;-0.46501457450603262;-0.19855502231277017;0;0.17248620010592572;-0.46396825071237346;0;0.5;-0.12470686904081958;0.49999999999999927;0.87641185762867536;0.2695100993402366
1;9.7;0.46501457450603262;0.19855502231277017;0;-0.17248620010592572;0.46396825071237346;0;0.5;-0.12470686904081958;0.49999999999999927;0.87641185762867536;0.2695100993402366
0;9.75;-0.45526613679003747;-0.22127344730624068;0;0.19496875431990304;-0.45436849986941052;0;0.5;-0.1247106501892086;0.49999999999999925;0.87654808607151727;0.26978791537213742
1;9.75;0.45526613679003747;0.22127344730624068;0;-0.19496875431990304;0.45436849986941052;0;0.5;-0.1247106501892086;0.49999999999999925;0.87654808607151727;0.26978791537213742
0;9.8;-0.4444207853891004;-0.2434587382648018;0;0.21690702801874112;-0.44370581917122254;0;0.5;-0.12471471730887917;0.49999999999999922;0.87668052667668101;0.27005859787891488
1;9.8;0.4444207853891004;0.2434587382648018;0;-0.21690702801874112;0.44370581917122254;0;0.5;-0.12471471730887917;0.49999999999999922;0.87668052667668101;0.27005859787891488
0;9.85;-0.43250810688083419;-0.26505933534897841;0;0.23825357016532381;-0.4320119416835318;0;0.5;-0.12471905776204686;0.49999999999999919;0.87680889827941466;0.27032152218110504
1;9.85;0.43250810688083419;0.26505933534897841;0;-0.23825357016532381;0.4320119416835318;0;0.5;-0.12471905776204686;0.49999999999999919;0.87680889827941466;0.27032152218110504
0;9.9;-0.41955996513531907;-0.28602535658803885;0;0.25896283491030225;-0.41932042478120835;0;0.5;-0.12472365871303838;0.49999999999999918;0.87693293219418595;0.27057608567835154
1;9.9;0.41955996513531907;0.28602535658803885;0;-0.25896283491030225;0.41932042478120835;0;0.5;-0.12472365871303838;0.49999999999999918;0.87693293219418595;0.27057608567835154
0;9.95;-0.40561040416894428;-0.30630868330535638;0;0.27899121932749621;-0.40566653434635097;0;0.5;-0.12472850716967834;0.49999999999999919;0.87705237238263753;0.27082170882840425
1;9.95;0.40561040416894428;0.30630868330535638;0;-0.27899121932749621;0.40566653434635097;0;0.5;-0.12472850716967834;0.49999999999999919;0.87705237238263753;0.27082170882840425
0;10;-0.39069554944507806;-0.32586303991534671;0;0.29829709447732466;-0.39108713219980629;0;0.5;-0.12473359002063666;0.49999999999999919;0.87716697558277946;0.27105783605446624
1;10;0.39069554944507806;0.32586303991534671;0;-0.29829709447732466;0.39108713219980629;0;0.5;-0.12473359002063666;0.49999999999999919;0.87716697558277946;0.27105783605446624
