# column style format: id;time;x;y;z;vx;vy;vz;mass;totalEnergy;totalSpecificAngularMomentum;rungeLenzVector;semiMajorAxis
# this file will be overwritten without any precaution
# used integrator was euler
0;0.05;0.5;0.025000000000000001;0;-0.025000000000000001;0.5;0;0.5;-0.12437558471946115;0.50125;0.87453095715320601;0.2670666002885347
1;0.05;-0.5;-0.025000000000000001;0;0.025000000000000001;-0.5;0;0.5;-0.12437558471946115;0.50125;0.87453095715320601;0.2670666002885347
0;0.1;0.49875000000000003;0.050000000000000003;0;-0.049906542116654483;0.49875467289416725;0;0.5;-0.12375311526358668;0.50249844042359731;0.87406250274525679;0.26746706714482249
1;0.1;-0.49875000000000003;-0.050000000000000003;0;0.049906542116654483;-0.49875467289416725;0;0.5;-0.12375311526358668;0.50249844042359731;0.87406250274525679;0.26746706714482249
0;0.15;0.4962546728941673;0.074937733644708363;0;-0.074657942140980954;0.49627332953333253;0;0.5;-0.12313259789510503;0.50374531159257222;0.8735958220969745;0.26787038705041701
1;0.15;-0.4962546728941673;-0.074937733644708363;0;0.074657942140980954;-0.49627332953333253;0;0.5;-0.12313259789510503;0.50374531159257222;0.8735958220969745;0.26787038705041701
0;0.2;0.49252177578711825;0.099751400121374983;0;-0.099192758535194658;0.4925684101917196;0;0.5;-0.12251406465757432;0.5049905692601011;0.87313211492258716;0.26827884877655476
1;0.2;-0.49252177578711825;-0.099751400121374983;0;0.099192758535194658;-0.4925684101917196;0;0.5;-0.12251406465757432;0.5049905692601011;0.87313211492258716;0.26827884877655476
0;0.25;0.48756213786035851;0.12437982063096097;0;-0.12344997916448121;0.4876555477767382;0;0.5;-0.12189757271864944;0.50623413535772943;0.87267259143779421;0.26869470422355552
1;0.25;-0.48756213786035851;-0.12437982063096097;0;0.12344997916448121;-0.4876555477767382;0;0.5;-0.12189757271864944;0.50623413535772943;0.87267259143779421;0.26869470422355552
0;0.3;0.48138963890213443;0.14876259801979788;0;-0.14736922198066341;0.48155361553039705;0;0.5;-0.12128320362615532;0.50747589884438981;0.87221846808009623;0.26912016245053573
1;0.3;-0.48138963890213443;-0.14876259801979788;0;0.14736922198066341;-0.48155361553039705;0;0.5;-0.12128320362615532;0.50747589884438981;0.87221846808009623;0.26912016245053573
0;0.35;0.47402117780310127;0.17284027879631775;0;-0.1708909480881978;0.47428475720256275;0;0.5;-0.12067106246479985;0.50871571666909576;0.87177096286306547;0.26955738360116146
1;0.35;-0.47402117780310127;-0.17284027879631775;0;0.1708909480881978;-0.47428475720256275;0;0.5;-0.12067106246479985;0.50871571666909576;0.87177096286306547;0.26955738360116146
0;0.4;0.46547663039869136;0.19655451665644588;0;-0.19395668534226634;0.46587439782555656;0;0.5;-0.1200612769032395;0.50995341485719003;0.87133129039360834;0.27000847276830763
1;0.4;-0.46547663039869136;-0.19655451665644588;0;0.19395668534226634;-0.46587439782555656;0;0.5;-0.1200612769032395;0.50995341485719003;0.87133129039360834;0.27000847276830763
0;0.45;0.45577879613157807;0.2198482365477237;0;-0.21650926035853846;0.45635123341258743;0;0.5;-0.11945399612334295;0.51118878972805309;0.87090065658872121;0.27047547384391246
1;0.45;-0.45577879613157807;-0.2198482365477237;0;0.21650926035853846;-0.45635123341258743;0;0.5;-0.11945399612334295;0.51118878972805309;0.87090065658872121;0.27047547384391246
0;0.5;0.44495333311365115;0.24266579821835307;0;-0.23849303656211115;0.44574719813925712;0;0.5;-0.11884938962587855;0.5124216092499942;0.87048025313558773;0.27096036340325344
1;0.5;-0.44495333311365115;-0.24266579821835307;0;0.23849303656211115;-0.44574719813925712;0;0.5;-0.11884938962587855;0.5124216092499942;0.87048025313558773;0.27096036340325344
0;0.55;0.43302868128554561;0.26495315812531595;0;-0.25985415567708758;0.4340974078464197;0;0.5;-0.11824764590944209;0.51365161453568128;0.87007125174591355;0.27146504467523353
1;0.55;-0.43302868128554561;-0.26495315812531595;0;0.25985415567708758;-0.4340974078464197;0;0.5;-0.11824764590944209;0.51365161453568128;0.87007125174591355;0.27146504467523353
0;0.6;0.42003597350169125;0.28665802851763694;0;-0.28054077986608872;0.42144007902109609;0;0.5;-0.117648971022218;0.51487852147893831;0.86967479826193666;0.27199134165196033
1;0.6;-0.42003597350169125;-0.28665802851763694;0;0.28054077986608872;-0.42144007902109609;0;0.5;-0.117648971022218;0.51487852147893831;0.86967479826193666;0.27199134165196033
0;0.65;0.40600893450838682;0.30773003246869174;0;-0.3005033315782526;0.40781642276545582;0;0.5;-0.11705358698907146;0.51610202253110051;0.86929200667737659;0.27254099339185461
1;0.65;-0.40600893450838682;-0.30773003246869174;0;0.3005033315782526;-0.40781642276545582;0;0.5;-0.11705358698907146;0.51610202253110051;0.86929200667737659;0.27254099339185461
0;0.7;0.3909837679294742;0.32812085360696452;0;-0.31969472806184457;0.39327051364607585;0;0.5;-0.11646173011944576;0.51732178861240254;0.86892395314148878;0.27311564857066722
1;0.7;-0.3909837679294742;-0.32812085360696452;0;0.31969472806184457;-0.39327051364607585;0;0.5;-0.11646173011944576;0.51732178861240254;0.86892395314148878;0.27311564857066722
0;0.75;0.37499903152638198;0.34778437928926831;0;-0.33807060744940493;0.3778491337193457;0;0.5;-0.11587364920452188;0.51853747115114843;0.86857167001817444;0.27371686033407167
1;0.75;-0.37499903152638198;-0.34778437928926831;0;0.33807060744940493;-0.3778491337193457;0;0.5;-0.11587364920452188;0.51853747115114843;0.86857167001817444;0.27371686033407167
0;0.8;0.35809550115391175;0.36667683597523559;0;-0.35558954333402781;0.36160159244532669;0;0.5;-0.11528960361500323;0.51974870424072412;0.86823614007459106;0.27434608150390015
1;0.8;-0.35809550115391175;-0.36667683597523559;0;0.35558954333402781;-0.36160159244532669;0;0.5;-0.11528960361500323;0.51974870424072412;0.86823614007459106;0.27434608150390015
0;0.85;0.34031602398721039;0.38475691559750191;0;-0.3722132448279844;0.34457952362190158;0;0.5;-0.11470986131365098;0.5209551069019314;0.86791829087476834;0.27500466018759816
1;0.85;-0.34031602398721039;-0.38475691559750191;0;0.3722132448279844;-0.34457952362190158;0;0.5;-0.11470986131365098;0.5209551069019314;0.86791829087476834;0.27500466018759816
0;0.9;0.32170536174581116;0.401985891778597;0;-0.38790673923076552;0.32683666088327351;0;0.5;-0.11413469679921738;0.52215628543570694;0.86761898945325491;0.27569383583709998
1;0.9;-0.32170536174581116;-0.401985891778597;0;0.38790673923076552;-0.32683666088327351;0;0.5;-0.11413469679921738;0.52215628543570694;0.86761898945325491;0.27569383583709998
0;0.95;0.30231002478427288;0.4183277248227607;0;-0.4026385346320801;0.30842859370105358;0;0.5;-0.11356438900064842;0.5233518358491047;0.86733903734174133;0.2764147357991134
1;0.95;-0.30231002478427288;-0.4183277248227607;0;0.4026385346320801;-0.30842859370105358;0;0.5;-0.11356438900064842;0.5233518358491047;0.86733903734174133;0.2764147357991134
0;1;0.28217809805266886;0.43374915450781337;0;-0.41638076003372754;0.28941250619163339;0;0.5;-0.11299921914226183;0.52454134633552282;0.86707916601791197;0.27716837239380826
1;1;-0.28217809805266886;-0.43374915450781337;0;0.41638076003372754;-0.28941250619163339;0;0.5;-0.11299921914226183;0.52454134633552282;0.86707916601791197;0.27716837239380826
0;1.05;0.26135906005098247;0.44821977981739503;0;-0.42910928088787476;0.26984690136006734;0;0.5;-0.11243946860200272;0.52572439978860264;0.86684003284051335;0.27795564055321466
1;1.05;-0.26135906005098247;-0.44821977981739503;0;0.42910928088787476;-0.26984690136006734;0;0.5;-0.11243946860200272;0.52572439978860264;0.86684003284051335;0.27795564055321466
0;1.1;0.23990359600658873;0.46171212488539837;0;-0.44080378831149447;0.24979131368897131;0;0.5;-0.1118854167857864;0.52690057632805498;0.86662221752788537;0.27877731604435505
1;1.1;-0.23990359600658873;-0.46171212488539837;0;0.44080378831149447;-0.24979131368897131;0;0.5;-0.1118854167857864;0.52690057632805498;0.86662221752788537;0.27877731604435505
0;1.15;0.217863406591014;0.47420169056984696;0;-0.45144786063922915;0.22930601320294905;0;0.5;-0.11133733904131088;0.52806945581492329;0.86642621922912518;0.27963405429538559
1;1.15;-0.217863406591014;-0.47420169056984696;0;0.45144786063922915;-0.22930601320294905;0;0.5;-0.11133733904131088;0.52806945581492329;0.86642621922912518;0.27963405429538559
0;1.2;0.19529101355905254;0.4856669912299944;0;-0.46102899640994405;0.20845170429837304;0;0.5;-0.11079550463456013;0.52923062033348519;0.8662524542278389;0.28052638983593752
1;1.2;-0.19529101355905254;-0.4856669912299944;0;0.46102899640994405;-0.20845170429837304;0;0.5;-0.11079550463456013;0.52923062033348519;0.8662524542278389;0.28052638983593752
0;1.25;0.17223956373855534;0.49608957644491308;0;-0.46953861833484917;0.18728922272046997;0;0.5;-0.1102601748115086;0.53038365661714379;0.86610125430831145;0.28145473635557904
1;1.25;-0.17223956373855534;-0.49608957644491308;0;0.46953861833484917;-0.18728922272046997;0;0.5;-0.1102601748115086;0.53038365661714379;0.86610125430831145;0.28145473635557904
0;1.3;0.14876263282181287;0.50545403758093654;0;-0.47697204825573181;0.16587923409218278;0;0.5;-0.10973160096630678;0.53152815839625575;0.86597286580315786;0.28241938737700848
1;1.3;-0.14876263282181287;-0.50545403758093654;0;0.47697204825573181;-0.16587923409218278;0;0.5;-0.10973160096630678;0.53152815839625575;0.86597286580315786;0.28241938737700848
0;1.35;0.12491403040902628;0.51374799928554571;0;-0.48332845355873766;0.14428193735198891;0;0.5;-0.10921002293550994;0.53266372864687567;0.86586744933039251;0.28342051753339618
1;1.35;-0.12491403040902628;-0.51374799928554571;0;0.48332845355873766;-0.14428193735198891;0;0.5;-0.10921002293550994;0.53266372864687567;0.86586744933039251;0.28342051753339618
0;1.4;0.1007476077310894;0.52096209615314515;0;-0.48861076595065855;0.12255677634273758;0;0.5;-0.10869566743576601;0.53378998172082773;0.86578508021666589;0.28445818443235731
1;1.4;-0.1007476077310894;-0.52096209615314515;0;0.48861076595065855;-0.12255677634273758;0;0.5;-0.10869566743576601;0.53378998172082773;0.86578508021666589;0.28445818443235731
0;1.45;0.07631706943355647;0.527089934970282;0;-0.49282557391986853;0.10076216261470342;0;0.5;-0.1081887466598607;0.53490654533931408;0.86572574959246149;0.285532331082503
1;1.45;-0.07631706943355647;-0.527089934970282;0;0.49282557391986853;-0.10076216261470342;0;0.5;-0.1081887466598607;0.53490654533931408;0.86572574959246149;0.285532331082503
0;1.5;0.051675790737563045;0.53212804310101713;0;-0.4959829905829814;0.078955212269431432;0;0.5;-0.10768945704322235;0.53601306243437422;0.86568936613460479;0.28664278885250232
1;1.5;-0.051675790737563045;-0.53212804310101713;0;0.4959829905829814;-0.078955212269431432;0;0.5;-0.10768945704322235;0.53601306243437422;0.86568936613460479;0.28664278885250232
0;1.55;0.026876641208413973;0.53607580371448871;0;-0.49809649895246449;0.057191499384179799;0;0.5;-0.10719797820998766;0.53710919282487043;0.8656757584217664;0.287789280927204
1;1.55;-0.026876641208413973;-0.53607580371448871;0;0.49809649895246449;-0.057191499384179799;0;0.5;-0.10719797820998766;0.53710919282487043;0.8656757584217664;0.287789280927204
0;1.6;0.0019718162607907487;0.53893537868369767;0;-0.49918277694298357;0.035524828228761435;0;0.5;-0.10671447210461834;0.53819461471621982;0.86568467785997038;0.28897142622069984
1;1.6;-0.0019718162607907487;-0.53893537868369767;0;0.49918277694298357;-0.035524828228761435;0;0.5;-0.10671447210461834;0.53819461471621982;0.86568467785997038;0.28897142622069984
0;1.65;-0.022987322586358432;0.54071162009513574;0;-0.49926150466018049;0.014007026127159395;0;0.5;-0.1062390823119292;0.53926902601576158;0.86571580212763042;0.2901887437023289
1;1.65;0.022987322586358432;-0.54071162009513574;0;0.49926150466018049;-0.014007026127159395;0;0.5;-0.1062390823119292;0.53926902601576158;0.86571580212763042;0.2901887437023289
0;1.7;-0.047950397819367455;0.54141197140149366;0;-0.49835515668186114;-0.0073122415642339822;0;0.5;-0.10577193356532057;0.54033214545836607;0.86576873908347254;0.29144065708856557
1;1.7;0.047950397819367455;-0.54141197140149366;0;0.49835515668186114;0.0073122415642339822;0;0.5;-0.10577193356532057;0.54033214545836607;0.86576873908347254;0.29144065708856557
0;1.75;-0.072868155653460512;0.54104635932328193;0;-0.49648878214712067;-0.028385633281106184;0;0.5;-0.10531313144008617;0.54138371353959877;0.86584303107595407;0.29272649985152802
1;1.75;0.072868155653460512;-0.54104635932328193;0;0.49648878214712067;0.028385633281106184;0;0.5;-0.10531313144008617;0.54138371353959877;0.86584303107595407;0.29272649985152802
0;1.8;-0.097692594760816542;0.53962707765922657;0;-0.49368977551456772;-0.049168269189533466;0;0.5;-0.10486276222595997;0.5424234932563792;0.8659381595894996;0.29404552049348276
1;1.8;0.097692594760816542;-0.53962707765922657;0;0.49368977551456772;0.049168269189533466;0;0.5;-0.10486276222595997;0.5424234932563792;0.8659381595894996;0.29404552049348276
0;1.85;-0.12237708353654493;0.53716866419974985;0;-0.48998764083907564;-0.069617844931972067;0;0.5;-0.10442089297062896;0.54345127065757447;0.86605355016103855;0.2953968880361875
1;1.85;0.12237708353654493;-0.53716866419974985;0;0.48998764083907564;0.069617844931972067;0;0.5;-0.10442089297062896;0.54345127065757447;0.86605355016103855;0.2953968880361875
0;1.9;-0.1468764655784987;0.5336877719531512;0;-0.48541375235143985;-0.089694721240012307;0;0.5;-0.10398757168382018;0.5444668552092807;0.86618857749990196;0.29677969767416449
1;1.9;0.1468764655784987;-0.5336877719531512;0;0.48541375235143985;0.089694721240012307;0;0.5;-0.10398757168382018;0.5444668552092807;0.86618857749990196;0.29677969767416449
0;1.95;-0.17114715319607071;0.52920303589115059;0;-0.48000111401227907;-0.10936198981321375;0;0.5;-0.103562827689802;0.54547007998164321;0.8663425707450267;0.29819297654197661
1;1.95;0.17114715319607071;-0.52920303589115059;0;0.48000111401227907;0.10936198981321375;0;0.5;-0.103562827689802;0.54547007998164321;0.8663425707450267;0.29819297654197661
0;2;-0.19514720889668466;0.52373493640048985;0;-0.47378412055675362;-0.12858551617248837;0;0.5;-0.10314667211473572;0.54646080166590796;0.8665148187955091;0.2996356895472173
1;2;0.19514720889668466;-0.52373493640048985;0;0.47378412055675362;0.12858551617248837;0;0.5;-0.10314667211473572;0.54646080166590796;0.8665148187955091;0.2996356895472173
0;2.05;-0.21883641492452233;0.51730566059186545;0;-0.46679832235712931;-0.14733396046985925;0;0.5;-0.10273909849428471;0.54743890043196924;0.86670457565369843;0.30110674522314572
1;2.05;0.21883641492452233;-0.51730566059186545;0;0.46679832235712931;0.14733396046985925;0;0.5;-0.10273909849428471;0.54743890043196924;0.86670457565369843;0.30110674522314572
0;2.1;-0.24217633104237879;0.50993896256837246;0;-0.45908019621318197;-0.16557877747073685;0;0.5;-0.10234008348622343;0.54840427963796084;0.86691106572406536;0.30260500155761071
1;2.1;0.24217633104237879;-0.50993896256837246;0;0.45908019621318197;0.16557877747073685;0;0.5;-0.10234008348622343;0.54840427963796084;0.86691106572406536;0.30260500155761071
0;2.15;-0.26513034085303788;0.50166002369483564;0;-0.45066692394328906;-0.183294197118265;0;0.5;-0.10194958767247163;0.54935686540443719;0.86713348901584499;0.30412927175802731
1;2.15;0.26513034085303788;-0.50166002369483564;0;0.45066692394328906;0.183294197118265;0;0.5;-0.10194958767247163;0.54935686540443719;0.86713348901584499;0.30412927175802731
0;2.2;-0.28766368705020234;0.49249531383892242;0;-0.44159618039898307;-0.20045718724125747;0;0.5;-0.10156755643498569;0.55029660606639895;0.86737102620276636;0.30567832991559944
1;2.2;0.28766368705020234;-0.49249531383892242;0;0.44159618039898307;0.20045718724125747;0;0.5;-0.10156755643498569;0.55029660606639895;0.86737102620276636;0.30567832991559944
0;2.25;-0.3097434960701515;0.48247245447685955;0;-0.43190593226954138;-0.21704740007842219;0;0.5;-0.10119392089023399;0.5512234715168585;0.86762284349886338;0.30725091653564122
1;2.25;0.3097434960701515;-0.48247245447685955;0;0.43190593226954138;0.21704740007842219;0;0.5;-0.10119392089023399;0.5512234715168585;0.86762284349886338;0.30725091653564122
0;2.3;-0.33133879268362859;0.47162008447293846;0;-0.42163424878708494;-0.23304710436363429;0;0.5;-0.10082859886753184;0.55213745245582226;0.86788809731525384;0.30884574390464529
1;2.3;0.33133879268362859;-0.47162008447293846;0;0.42163424878708494;0.23304710436363429;0;0.5;-0.10082859886753184;0.55213745245582226;0.86788809731525384;0.30884574390464529
0;2.35;-0.35242050512298284;0.45996772925475676;0;-0.41081912519216834;-0.24844110475250533;0;0.5;-0.10047149591727199;0.55303855955851427;0.86816593866872087;0.31046150126860532
1;2.35;0.35242050512298284;-0.45996772925475676;0;0.41081912519216834;0.24844110475250533;0;0.5;-0.10047149591727199;0.55303855955851427;0.86816593866872087;0.31046150126860532
0;2.4;-0.37296146138259123;0.44754567401713152;0;-0.39949831957969911;-0.2632166503726015;0;0.5;-0.10012250633601736;0.55392682257640777;0.86845551731879757;0.3120968598009475
1;2.4;0.37296146138259123;-0.44754567401713152;0;0.39949831957969911;0.2632166503726015;0;0.5;-0.10012250633601736;0.55392682257640777;0.86845551731879757;0.3120968598009475
0;2.45;-0.39293637736157616;0.43438484149850143;0;-0.38770920351910798;-0.27736333425206822;0;0.5;-0.099781514196485798;0.55480228938418722;0.86875598561572591;0.31375047734219886
1;2.45;0.39293637736157616;-0.43438484149850143;0;0.38770920351910798;0.27736333425206822;0;0.5;-0.099781514196485798;0.55480228938418722;0.86875598561572591;0.31375047734219886
0;2.5;-0.41232183753753154;0.42051667478589799;0;-0.37548862663405164;-0.29087298532810152;0;0.5;-0.099448394371608036;0.55566502498517048;0.86906650204703505;0.3154210028971646
1;2.5;0.41232183753753154;-0.42051667478589799;0;0.37548862663405164;0.29087298532810152;0;0.5;-0.099448394371608036;0.55566502498517048;0.86906650204703505;0.3154210028971646
0;2.55;-0.43109626886923413;0.40597302551949294;0;-0.36287279513778209;-0.30373955466178998;0;0.5;-0.099123013543048084;0.55651511048700198;0.86938623447548512;0.31710708087885636
1;2.55;0.43109626886923413;-0.40597302551949294;0;0.36287279513778209;0.30373955466178998;0;0.5;-0.099123013543048084;0.55651511048700198;0.86938623447548512;0.31710708087885636
0;2.6;-0.44923990862612323;0.39078604778640341;0;-0.34989716415210487;-0.3159589973934499;0;0.5;-0.098805231185804784;0.55735264205861287;0.86971436306569364;0.31880735509167145
1;2.6;0.44923990862612323;-0.39078604778640341;0;0.34989716415210487;0.3159589973934499;0;0.5;-0.098805231185804784;0.55735264205861287;0.86971436306569364;0.31880735509167145
0;2.65;-0.4667347668337285;0.37498809791673093;0;-0.33659634349131473;-0.32752915186668419;0;0.5;-0.098494900521734331;0.55817772987856085;0.87005008290086017;0.32052047244934314
1;2.65;0.4667347668337285;-0.37498809791673093;0;0.33659634349131473;0.32752915186668419;0;0.5;-0.098494900521734331;0.55817772987856085;0.87005008290086017;0.32052047244934314
0;2.7;-0.48356458400829422;0.35861164032339671;0;-0.32300401646775351;-0.33844961723378025;0;0.5;-0.098191869436025681;0.55899049708393176;0.87039260629461236;0.32224508642594177
1;2.7;0.48356458400829422;-0.35861164032339671;0;0.32300401646775351;0.33844961723378025;0;0.5;-0.098191869436025681;0.55899049708393176;0.87039260629461236;0.32224508642594177
0;2.75;-0.49971478483168191;0.34168915946170769;0;-0.30915287117226498;-0.34872163073319656;0;0.5;-0.097895981351798429;0.55979107872803476;0.87074116480610181;0.3239798602406981
1;2.75;0.49971478483168191;-0.34168915946170769;0;0.30915287117226498;0.34872163073319656;0;0.5;-0.097895981351798429;0.55979107872803476;0.87074116480610181;0.3239798602406981
0;2.8;-0.5151724283902952;0.32425307792504787;0;-0.29507454359997087;-0.35834794570489392;0;0.5;-0.097607076059065765;0.5605796207541663;0.87109501096908937;0.32572346977963275
1;2.8;0.5151724283902952;-0.32425307792504787;0;0.29507454359997087;0.35834794570489392;0;0.5;-0.097607076059065765;0.5605796207541663;0.87109501096908937;0.32572346977963275
0;2.85;-0.52992615557029377;0.30633568063980315;0;-0.28079957192825383;-0.36733271128388645;0;0.5;-0.097324990495295641;0.56135627899177923;0.87145341974789155;0.32747460625891597
1;2.85;0.52992615557029377;-0.30633568063980315;0;0.28079957192825383;0.36733271128388645;0;0.5;-0.097324990495295641;0.56135627899177923;0.87145341974789155;0.32747460625891597
0;2.9;-0.54396613416670647;0.28796904507560883;0;-0.26635736120814818;-0.37568135458896329;0;0.5;-0.097049559475709693;0.56212121818047896;0.87181568973473881;0.32923197863655009
1;2.9;0.54396613416670647;-0.28796904507560883;0;0.26635736120814818;0.37568135458896329;0;0.5;-0.097049559475709693;0.56212121818047896;0.87181568973473881;0.32923197863655009
0;2.95;-0.55728400222711383;0.26918497734616065;0;-0.25177615770086836;-0.38340046610401518;0;0.5;-0.09678061637227188;0.56287461102639619;0.87218114410435292;0.33099431578037595
1;2.95;0.55728400222711383;-0.26918497734616065;0;0.25177615770086836;0.38340046610401518;0;0.5;-0.09678061637227188;0.56287461102639619;0.87218114410435292;0.33099431578037595
0;3;-0.56987281011215729;0.25001495404095991;0;-0.23708303207620021;-0.39049768883535912;0;0.5;-0.09651799374103778;0.56361663729466303;0.87254913134242123;0.3327603684015674
1;3;0.56987281011215729;-0.25001495404095991;0;0.23708303207620021;0.39049768883535912;0;0.5;-0.09651799374103778;0.56361663729466303;0.87254913134242123;0.3327603684015674
0;3.05;-0.58172696171596727;0.23049006959919197;0;-0.22230387068715837;-0.3969816117210957;0;0.5;-0.096261523898162143;0.56434748294094745;0.87291902576517062;0.3345289107637068
1;3.05;0.58172696171596727;-0.23049006959919197;0;0.22230387068715837;0.3969816117210957;0;0.5;-0.096261523898162143;0.56434748294094745;0.87291902576517062;0.3345289107637068
0;3.1;-0.59284215525032524;0.21064098901313719;0;-0.20746337414389696;-0.40286166766873976;0;0.5;-0.096011039445396027;0.56506733928429784;0.8732902278474602;0.3362987421782532
1;3.1;0.59284215525032524;-0.21064098901313719;0;0.20746337414389696;0.40286166766873976;0;0.5;-0.096011039445396027;0.56506733928429784;0.8732902278474602;0.3362987421782532
0;3.15;-0.60321532395752009;0.1904979056297002;0;-0.19258506242762463;-0.40814803650571635;0;0.5;-0.095766373746356556;0.56577640222289797;0.87366216437676551;0.33806868829773234
1;3.15;0.60321532395752009;-0.1904979056297002;0;0.19258506242762463;0.40814803650571635;0;0.5;-0.095766373746356556;0.56577640222289797;0.87366216437676551;0.33806868829773234
0;3.2;-0.61284457707890128;0.17009050380441437;0;-0.17769128581058691;-0.4128515530441359;0;0.5;-0.095527361355217214;0.56647487149375591;0.87403428845015173;0.33983760221832441
1;3.2;0.61284457707890128;-0.17009050380441437;0;0.17769128581058691;0.4128515530441359;0;0.5;-0.095527361355217214;0.56647487149375591;0.87403428845015173;0.33983760221832441
0;3.25;-0.62172914136943058;0.14944792615220759;0;-0.16280324087951101;-0.41698362038665793;0;0.5;-0.095293838399761921;0.56716294997682929;0.87440607933087188;0.34160436540370957
1;3.25;0.62172914136943058;-0.14944792615220759;0;0.16280324087951101;0.41698362038665793;0;0.5;-0.095293838399761921;0.56716294997682929;0.87440607933087188;0.34160436540370957
0;3.3;-0.62986930341340608;0.1285987451328747;0;-0.14794099099586591;-0.42055612853413571;0;0.5;-0.095065642920970646;0.5678408430436344;0.87477704218061105;0.34336788844207962
1;3.3;0.62986930341340608;-0.1285987451328747;0;0.14794099099586591;0.42055612853413571;0;0.5;-0.095065642920970646;0.5678408430436344;0.87477704218061105;0.34336788844207962
0;3.35;-0.63726635296319933;0.10757093870616791;0;-0.13312349056561495;-0.4235813782978719;0;0.5;-0.094842615171467662;0.56850875794998997;0.87514670768266335;0.34512711164815141
1;3.35;0.63726635296319933;-0.10757093870616791;0;0.13312349056561495;0.4235813782978719;0;0.5;-0.094842615171467662;0.56850875794998997;0.87514670768266335;0.34512711164815141
0;3.4;-0.64392252749148005;0.086391869791274306;0;-0.11836861253271561;-0.42607201046935522;0;0.5;-0.094624597875273967;0.56916690327220746;0.87551463157050279;0.34688100552184061
1;3.4;0.64392252749148005;-0.086391869791274306;0;0.11836861253271561;0.42607201046935522;0;0.5;-0.094624597875273967;0.56916690327220746;0.87551463157050279;0.34688100552184061
0;3.45;-0.64984095811811582;0.065088269267806545;0;-0.10369317855347718;-0.42804094015784416;0;0.5;-0.094411436451368104;0.56981548838575199;0.87588039407532198;0.34862857107499198
1;3.45;0.64984095811811582;-0.065088269267806545;0;0.10369317855347718;0.42804094015784416;0;0.5;-0.094411436451368104;0.56981548838575199;0.87588039407532198;0.34862857107499198
0;3.5;-0.65502561704578965;0.043686222259914337;0;-0.08911299135219039;-0.42950129617061472;0;0.5;-0.094202979203580854;0.57045472298516195;0.87624359930518259;0.35036884003722695
1;3.5;0.65502561704578965;-0.043686222259914337;0;0.08911299135219039;0.42950129617061472;0;0.5;-0.094202979203580854;0.57045472298516195;0.87624359930518259;0.35036884003722695
0;3.55;-0.65948126661339912;0.022211157451383599;0;-0.074642868801487808;-0.43046636528154386;0;0.5;-0.09399907747933746;0.57108481664382299;0.8766038745674726;0.35210087495157718
1;3.55;0.65948126661339912;-0.022211157451383599;0;0.074642868801487808;0.43046636528154386;0;0.5;-0.09399907747933746;0.57108481664382299;0.8766038745674726;0.35210087495157718
0;3.6;-0.66321341005347356;0.00068783918730640626;0;-0.060296679313104284;-0.43094954121039197;0;0.5;-0.093799585799719532;0.57170597841203999;0.87696086964541355;0.35382376917013404
1;3.6;0.66321341005347356;-0.00068783918730640626;0;0.060296679313104284;0.43094954121039197;0;0.5;-0.093799585799719532;0.57170597841203999;0.87696086964541355;0.35382376917013404
0;3.65;-0.66622824401912872;-0.020859637873213193;0;-0.046087378165612279;-0.43096427811710303;0;0.5;-0.093604361963254571;0.57231841645173694;0.87731425603841845;0.35553664675947212
1;3.65;0.66622824401912872;0.020859637873213193;0;0.046087378165612279;0.43096427811710303;0;0.5;-0.093604361963254571;0.57231841645173694;0.87731425603841845;0.35553664675947212
0;3.7;-0.66853261292740929;-0.042407851779068348;0;-0.032027044434944196;-0.43052404840208985;0;0.5;-0.093413267125757077;0.57292233770603362;0.87766372617518297;0.35723866232510982
1;3.7;0.66853261292740929;0.042407851779068348;0;0.032027044434944196;0.43052404840208985;0;0.5;-0.093413267125757077;0.57292233770603362;0.87766372617518297;0.35723866232510982
0;3.75;-0.67013396514915646;-0.063934054199172835;0;-0.018126918230806803;-0.42964230459426844;0;0.5;-0.0932261658584491;0.57351794760189276;0.87800899260750535;0.35892900076375673
1;3.75;0.67013396514915646;0.063934054199172835;0;0.018126918230806803;0.42964230459426844;0;0.5;-0.0932261658584491;0.57351794760189276;0.87800899260750535;0.35892900076375673
0;3.8;-0.67104031106069684;-0.08541616942888626;0;-0.0043974379772452115;-0.42833244510302132;0;0.5;-0.093042926186478598;0.57410544978400576;0.87834978719198262;0.36060687695158094
1;3.8;0.67104031106069684;0.08541616942888626;0;0.0043974379772452115;0.42833244510302132;0;0.5;-0.093042926186478598;0.57410544978400576;0.87834978719198262;0.36060687695158094
0;3.85;-0.67126018295955914;-0.10683279168403732;0;0.0091517224915018403;-0.42660778360781498;0;0.5;-0.092863419609839303;0.57468504587807727;0.87868586026592716;0.362271535376208
1;3.85;0.67126018295955914;0.10683279168403732;0;-0.0091517224915018403;0.42660778360781498;0;0.5;-0.092863419609839303;0.57468504587807727;0.87868586026592716;0.362271535376208
0;3.9;-0.670802596834984;-0.12816318086442807;0;0.022511617218167693;-0.42448152185940952;0;0.5;-0.092687521108575654;0.57525693528168146;0.87901697982309195;0.36392224971964867
1;3.9;0.670802596834984;0.12816318086442807;0;-0.022511617218167693;0.42448152185940952;0;0.5;-0.092687521108575654;0.57525693528168146;0.87901697982309195;0.36392224971964867
0;3.95;-0.66967701597407558;-0.14938725695739855;0;0.035673991962769602;-0.42196672566905907;0;0.5;-0.092515109134033653;0.57582131498089055;0.87934293069408775;0.36555832239884603
1;3.95;0.66967701597407558;0.14938725695739855;0;-0.035673991962769602;0.42196672566905907;0;0.5;-0.092515109134033653;0.57582131498089055;0.87934293069408775;0.36555832239884603
0;4;-0.66789331637593707;-0.1704855932408515;0;0.04863124874034553;-0.41907630386642453;0;0.5;-0.092346065587796809;0.57637837939091487;0.8796635137357212;0.36717908407003875
1;4;0.66789331637593707;0.1704855932408515;0;-0.04863124874034553;0.41907630386642453;0;0.5;-0.092346065587796809;0.57637837939091487;0.8796635137357212;0.36717908407003875
0;4.05;-0.66546175393891982;-0.19143940843417273;0;0.061376411176837647;-0.41582299001275913;0;0.5;-0.092180275789825057;0.57692832021904595;0.87997854503288047;0.3687838931026605
1;4.05;0.66546175393891982;0.19143940843417273;0;-0.061376411176837647;0.41582299001275913;0;0.5;-0.092180275789825057;0.57692832021904595;0.87997854503288047;0.3687838931026605
0;4.1;-0.66239293338007799;-0.21223055793481069;0;0.073903090782500402;-0.41221932666297539;0;0.5;-0.092017628437195669;0.57747132634825178;0.88028785511604264;0.37037213502803554
1;4.1;0.66239293338007799;0.21223055793481069;0;-0.073903090782500402;0.41221932666297539;0;0.5;-0.092017628437195669;0.57747132634825178;0.88028785511604264;0.37037213502803554
0;4.15;-0.65869777884095293;-0.23284152426795945;0;0.086205454222985062;-0.40827765197818111;0;0.5;-0.09185801555473154;0.57800758373983827;0.88059128819697526;0.37194322196769143
1;4.15;0.65869777884095293;0.23284152426795945;0;-0.086205454222985062;0.40827765197818111;0;0.5;-0.09185801555473154;0.57800758373983827;0.88059128819697526;0.37194322196769143
0;4.2;-0.65438750612980368;-0.25325540686686854;0;0.098278191651035268;-0.40401008849894732;0;0.5;-0.091701332438691831;0.57853727535366087;0.88088870142474899;0.37349659204569196
1;4.2;0.65438750612980368;0.25325540686686854;0;-0.098278191651035268;0.40401008849894732;0;0.5;-0.091701332438691831;0.57853727535366087;0.88088870142474899;0.37349659204569196
0;4.25;-0.6494735965472519;-0.2734559112918159;0;0.11011648614640017;-0.39942853389873045;0;0.5;-0.091547477594595295;0.57906058108444174;0.88117996416376917;0.37503170878899645
1;4.25;0.6494735965472519;0.2734559112918159;0;-0.11011648614640017;0.39942853389873045;0;0.5;-0.091547477594595295;0.57906058108444174;0.88117996416376917;0.37503170878899645
0;4.3;-0.64396777223993185;-0.29342733798675241;0;0.12171598429800902;-0.39454465354633622;0;0.5;-0.091396352670146928;0.57957767771282401;0.88146495729516728;0.37654806051947953
1;4.3;0.64396777223993185;0.29342733798675241;0;-0.12171598429800902;0.39454465354633622;0;0.5;-0.091396352670146928;0.57957767771282401;0.88146495729516728;0.37654806051947953
0;4.35;-0.63788197302503136;-0.31315457066406921;0;0.13307276795052639;-0.38936987471593221;0;0.5;-0.091247862384145651;0.58008873886986901;0.88174357254256706;0.37804515974089341
1;4.35;0.63788197302503136;0.31315457066406921;0;-0.13307276795052639;0.38936987471593221;0;0.5;-0.091247862384145651;0.58008873886986901;0.88174357254256706;0.37804515974089341
0;4.4;-0.63122833462750505;-0.33262306439986583;0;0.14418332712699286;-0.38391538229275857;0;0.5;-0.091101914452162928;0.5805939350137772;0.88201571182295191;0.37952254252372656
1;4.4;0.63122833462750505;0.33262306439986583;0;-0.14418332712699286;0.38391538229275857;0;0.5;-0.091101914452162928;0.5805939350137772;0.88201571182295191;0.37952254252372656
0;4.45;-0.62401916827115544;-0.35181883351450377;0;0.15504453413022756;-0.37819211583224854;0;0.5;-0.090958419509700506;0.58109343341768909;0.88228128662310565;0.38097976789060671
1;4.45;0.62401916827115544;0.35181883351450377;0;-0.15504453413022756;0.37819211583224854;0;0.5;-0.090958419509700506;0.58109343341768909;0.88228128662310565;0.38097976789060671
0;4.5;-0.61626694156464401;-0.37072843930611621;0;0.16565361881790364;-0.37221076783966106;0;0.5;-0.09081729103345937;0.58158739816749476;0.88254021740187787;0.38241641720461094
1;4.5;0.61626694156464401;0.37072843930611621;0;-0.16565361881790364;0.37221076783966106;0;0.5;-0.09081729103345937;0.58158739816749476;0.88254021740187787;0.38241641720461094
0;4.55;-0.60798426062374888;-0.38933897769809928;0;0.17600814503958989;-0.36598178314647944;0;0.5;-0.090678445261282739;0.58207599016865243;0.88279243301833218;0.38383209356258213
1;4.55;0.60798426062374888;0.38933897769809928;0;-0.17600814503958989;0.36598178314647944;0;0.5;-0.090678445261282739;0.58207599016865243;0.88279243301833218;0.38383209356258213
0;4.6;-0.59918385337176938;-0.40763806685542325;0;0.18610598821846852;-0.35951535926868544;0;0.5;-0.090541801111271;0.58255936716108338;0.88303787018567128;0.38522642119530632
1;4.6;0.59918385337176938;0.40763806685542325;0;-0.18610598821846852;0.35951535926868544;0;0.5;-0.090541801111271;0.58255936716108338;0.88303787018567128;0.38522642119530632
0;4.65;-0.58987855396084599;-0.42561383481885751;0;0.19594531405578711;-0.35282144764053519;0;0.5;-0.090407280100506848;0.58303768374128033;0.88327647295069053;0.38659904487618255
1;4.65;0.58987855396084599;0.42561383481885751;0;-0.19594531405578711;0.35282144764053519;0;0.5;-0.090407280100506848;0.58303768374128033;0.88327647295069053;0.38659904487618255
0;4.7;-0.5800812882580566;-0.44325490720088428;0;0.20552455833228211;-0.34590975562561199;0;0.5;-0.090274806263775503;0.58351109139082597;0.88350819219839398;0.38794962933980863
1;4.7;0.5800812882580566;0.44325490720088428;0;-0.20552455833228211;0.34590975562561199;0;0.5;-0.090274806263775503;0.58351109139082597;0.88350819219839398;0.38794962933980863
0;4.75;-0.56980506034144252;-0.46055039498216488;0;0.21484240777773178;-0.33878974921468769;0;0.5;-0.090144306072615324;0.58397973851058199;0.88373298518130649;0.3892778587117187
1;4.75;0.56980506034144252;0.46055039498216488;0;-0.21484240777773178;0.33878974921468769;0;0.5;-0.090144306072615324;0.58397973851058199;0.88373298518130649;0.3892778587117187
0;4.8;-0.55906293995255596;-0.47748988244289925;0;0.2238977819773714;-0.33147065632727757;0;0.5;-0.090015708354989314;0.58444377045986409;0.88395081507293481;0.390583435950335
1;4.8;0.55906293995255596;0.47748988244289925;0;-0.2238977819773714;0.33147065632727757;0;0.5;-0.090015708354989314;0.58444377045986409;0.88395081507293481;0.390583435950335
0;4.85;-0.54786805085368739;-0.49406341525926312;0;0.23268981628205804;-0.32396147064071601;0;0.5;-0.089888944215827167;0.58490332959997448;0.88416165054476408;0.39186608230203936
1;4.85;0.54786805085368739;0.49406341525926312;0;-0.23268981628205804;0.32396147064071601;0;0.5;-0.089888944215827167;0.58490332959997448;0.88416165054476408;0.39186608230203936
0;4.9;-0.53623356003958444;-0.51026148879129896;0;0.24121784568773136;-0.3162709558771099;0;0.5;-0.089763946958651987;0.58535855534151319;0.88436546536612502;0.39312553677012705
1;4.9;0.53623356003958444;0.51026148879129896;0;-0.24121784568773136;0.3162709558771099;0;0.5;-0.089763946958651987;0.58535855534151319;0.88436546536612502;0.39312553677012705
0;4.95;-0.52417266775519789;-0.52607503658515442;0;0.2494813896488183;-0.30840765048465124;0;0.5;-0.089640652008471204;0.58580958419493909;0.8845622380262266;0.39436155559827582
1;4.95;0.52417266775519789;0.52607503658515442;0;-0.2494813896488183;0.30840765048465124;0;0.5;-0.089640652008471204;0.58580958419493909;0.8845622380262266;0.39436155559827582
0;5;-0.51169859827275699;-0.54149541910938703;0;0.2574801377897134;-0.30037987265549121;0;0.5;-0.089518996836083439;0.58625654982389536;0.8847519513776212;0.39557391176904657
1;5;0.51169859827275699;0.54149541910938703;0;-0.2574801377897134;0.30037987265549121;0;0.5;-0.089518996836083439;0.58625654982389536;0.8847519513776212;0.39557391176904657
0;5.05;-0.49882459138327134;-0.55651441274216162;0;0.26521393647827912;-0.29219572562771251;0;0.5;-0.089398920883925298;0.58669958310085724;0.8849345923003492;0.39676239451782604
1;5.05;0.49882459138327134;0.55651441274216162;0;-0.26521393647827912;0.29219572562771251;0;0.5;-0.089398920883925298;0.58669958310085724;0.8849345923003492;0.39676239451782604
0;5.1;-0.48556389455935739;-0.57112419902354727;0;0.27268277622540477;-0.28386310322389186;0;0.5;-0.089280365493559746;0.58713881216469857;0.88511015138599931;0.39792680886252812
1;5.1;0.48556389455935739;0.57112419902354727;0;-0.27268277622540477;0.28386310322389186;0;0.5;-0.089280365493559746;0.58713881216469857;0.88511015138599931;0.39792680886252812
0;5.15;-0.47192975574808715;-0.58531735418474184;0;0.27988677987499566;-0.27538969558334014;0;0.5;-0.089163273834885213;0.587574362479811;0.88527862264091647;0.39906697514928488
1;5.15;0.47192975574808715;0.58531735418474184;0;-0.27988677987499566;0.27538969558334014;0;0.5;-0.089163273834885213;0.587574362479811;0.88527862264091647;0.39906697514928488
0;5.2;-0.45793541675433735;-0.5990868389639088;0;0.28682619154929695;-0.2667829950493546;0;0.5;-0.089047590837128196;0.58800635689644287;0.88544000320779136;0.40018272861428322
1;5.2;0.45793541675433735;0.5990868389639088;0;-0.28682619154929695;0.2667829950493546;0;0.5;-0.089047590837128196;0.58800635689644287;0.88544000320779136;0.40018272861428322
0;5.25;-0.44359410717687253;-0.61242598871637655;0;0.29350136631515561;-0.25805030217673669;0;0.5;-0.088933263121663934;0.58843491571195653;0.88559429310487276;0.4012739189618356
1;5.25;0.44359410717687253;0.61242598871637655;0;-0.29350136631515561;0.25805030217673669;0;0.5;-0.088933263121663934;0.58843491571195653;0.88559429310487276;0.4012739189618356
0;5.3;-0.42891903886111477;-0.62532850382521343;0;0.29991276053766081;-0.24919873182843494;0;0.5;-0.088820238936696405;0.5888601567327319;0.88574149498205503;0.40234040995871374
1;5.3;0.42891903886111477;0.62532850382521343;0;-0.29991276053766081;0.24919873182843494;0;0.5;-0.088820238936696405;0.5888601567327319;0.88574149498205503;0.40234040995871374
0;5.35;-0.41392340083423174;-0.63778844041663518;0;0.30606092288854664;-0.24023521933348399;0;0.5;-0.088708468093816433;0.58928219533647095;0.88588161389310859;0.40338207904472183
1;5.35;0.41392340083423174;0.63778844041663518;0;-0.30606092288854664;0.24023521933348399;0;0.5;-0.088708468093816433;0.58928219533647095;0.88588161389310859;0.40338207904472183
0;5.4;-0.39862035468980439;-0.64980020138330941;0;0.31194648597777552;-0.23116652668144352;0;0.5;-0.08859790190644501;0.58970114453468277;0.88601465708333873;0.40439881695943917
1;5.4;0.39862035468980439;0.64980020138330941;0;-0.31194648597777552;0.23116652668144352;0;0.5;-0.08859790190644501;0.58970114453468277;0.88601465708333873;0.40439881695943917
0;5.45;-0.38302303039091562;-0.66135852771738157;0;0.31757015857781662;-0.22199924873131441;0;0.5;-0.088488493130160762;0.59011711503514974;0.88614063379197913;0.4053905273850217
1;5.45;0.38302303039091562;0.66135852771738157;0;-0.31757015857781662;0.22199924873131441;0;0.5;-0.088488493130160762;0.59011711503514974;0.88614063379197913;0.4053905273850217
0;5.5;-0.36714452246202478;-0.67245849015394732;0;0.32293271841128285;-0.21273981941543768;0;0.5;-0.088380195904901045;0.59053021530419869;0.88625955506864841;0.40635712660491709
1;5.5;0.36714452246202478;0.67245849015394732;0;-0.32293271841128285;0.21273981941543768;0;0.5;-0.088380195904901045;0.59053021530419869;0.88625955506864841;0.40635712660491709
0;5.55;-0.35099788654146064;-0.68309548112471918;0;0.32803500547376924;-0.2033945179211834;0;0.5;-0.088272965699020639;0.5909405516286178;0.88637143360322189;0.40729854317831703
1;5.55;0.35099788654146064;0.68309548112471918;0;-0.32803500547376924;0.2033945179211834;0;0.5;-0.088272965699020639;0.5909405516286178;0.88637143360322189;0.40729854317831703
0;5.6;-0.33459613626777218;-0.69326520702077832;0;0.33287791586493681;-0.19396947483532495;0;0.5;-0.088166759255184724;0.59134822817707848;0.88647628356849602;0.40821471763014485
1;5.6;0.33459613626777218;0.69326520702077832;0;-0.33287791586493681;0.19396947483532495;0;0.5;-0.088166759255184724;0.59134822817707848;0.88647628356849602;0.40821471763014485
0;5.65;-0.31795224047452536;-0.70296368076254456;0;0.33746239610209561;-0.18447067823788593;0;0.5;-0.0880615345380695;0.591753347060936;0.88657412047504847;0.40910560215635338
1;5.65;0.31795224047452536;0.70296368076254456;0;-0.33746239610209561;0.18447067823788593;0;0.5;-0.0880615345380695;0.591753347060936;0.88657412047504847;0.40910560215635338
0;5.7;-0.30107912066942055;-0.71218721467443891;0;0.34178943789175037;-0.17490397973395522;0;0.5;-0.087957250683838266;0.59215600839429843;0.88666496103772306;0.40997116034428971
1;5.7;0.30107912066942055;0.71218721467443891;0;-0.34178943789175037;0.17490397973395522;0;0.5;-0.087957250683838266;0.59215600839429843;0.88666496103772306;0.40997116034428971
0;5.75;-0.28398964877483301;-0.7209324136611367;0;0.34586007333577273;-0.16527510041350429;0;0.5;-0.087853867951358703;0.59255631035326545;0.88674882305319537;0.41081136690786743
1;5.75;0.28398964877483301;0.7209324136611367;0;-0.34586007333577273;0.16527510041350429;0;0.5;-0.087853867951358703;0.59255631035326545;0.88674882305319537;0.41081136690786743
0;5.8;-0.26669664510804436;-0.72919616868181192;0;0.34967537055004916;-0.15558963673062287;0;0.5;-0.087751347675123834;0.59295434923425041;0.88682572528810123;0.41162620743727372
1;5.8;0.26669664510804436;0.72919616868181192;0;-0.34967537055004916;0.15558963673062287;0;0.5;-0.087751347675123834;0.59295434923425041;0.88682572528810123;0.41162620743727372
0;5.85;-0.24921287658054189;-0.73697565051834302;0;0.35323642967461849;-0.14585306629482531;0;0.5;-0.087649652219837105;0.59335021951130956;0.88689568737723715;0.41241567816292797
1;5.85;0.24921287658054189;0.73697565051834302;0;-0.35323642967461849;0.14585306629482531;0;0.5;-0.087649652219837105;0.59335021951130956;0.88689568737723715;0.41241567816292797
0;5.9;-0.23155105509681095;-0.74426830383308429;0;0.35654437925545229;-0.13607075356818346;0;0.5;-0.087548744936621156;0.59374401389241287;0.88695872973136705;0.41317978573339999
1;5.9;0.23155105509681095;0.74426830383308429;0;-0.35654437925545229;0.13607075356818346;0;0.5;-0.087548744936621156;0.59374401389241287;0.88695872973136705;0.41317978573339999
0;5.95;-0.21372383613403834;-0.75107184151149342;0;0.35960037297913949;-0.12624795546302142;0;0.5;-0.087448590120808222;0.59413582337459668;0.88701487345419672;0.41391854700698885
1;5.95;0.21372383613403834;0.75107184151149342;0;-0.35960037297913949;0.12624795546302142;0;0.5;-0.087448590120808222;0.59413582337459668;0.88701487345419672;0.41391854700698885
0;6;-0.19574381748508135;-0.75738423928464449;0;0.36240558674281653;-0.11638982683577308;0;0.5;-0.087349152971269362;0.59452573729795026;0.88706414026810102;0.41463198885665904
1;6;0.19574381748508135;0.75738423928464449;0;-0.36240558674281653;0.11638982683577308;0;0.5;-0.087349152971269362;0.59452573729795026;0.88706414026810102;0.41463198885665904
0;6.05;-0.17762353814794052;-0.7632037306264331;0;0.36496121604272502;-0.10650142587336589;0;0.5;-0.087250399551240444;0.59491384339839045;0.88710655244821527;0.41532014798802541
1;6.05;0.17762353814794052;0.7632037306264331;0;-0.36496121604272502;0.10650142587336589;0;0.5;-0.087250399551240444;0.59491384339839045;0.88710655244821527;0.41532014798802541
0;6.1;-0.15937547734580426;-0.76852880192010142;0;0.3672684736657873;-0.096587719369159303;0;0.5;-0.087152296750601508;0.59530022785918836;0.88714213276452472;0.4159830707700774
1;6.1;0.15937547734580426;0.76852880192010142;0;-0.3672684736657873;0.096587719369159303;0;0.5;-0.087152296750601508;0.59530022785918836;0.88714213276452472;0.4159830707700774
0;6.15;-0.1410120536625149;-0.77335818788855937;0;0.36932858766955901;-0.086653587886043826;0;0.5;-0.087054812249567751;0.59568497536121469;0.8871709044316105;0.41662081307832979
1;6.15;0.1410120536625149;0.77335818788855937;0;-0.36932858766955901;0.086653587886043826;0;0.5;-0.087054812249567751;0.59568497536121469;0.8871709044316105;0.41662081307832979
0;6.2;-0.12254562427903695;-0.77769086728286152;0;0.37114279963684871;-0.076703830804803155;0;0.5;-0.086957914483749856;0.5960681691318768;0.88719289106573219;0.41723344015008796
1;6.2;0.12254562427903695;0.77769086728286152;0;-0.37114279963684871;0.076703830804803155;0;0.5;-0.086957914483749856;0.5960681691318768;0.88719289106573219;0.41723344015008796
0;6.25;-0.10398848429719451;-0.78152605882310167;0;0.3727123631921872;-0.066743171256263445;0;0.5;-0.08686157261054314;0.59644989099272288;0.88720811664894951;0.41782102645151403
1;6.25;0.10398848429719451;0.78152605882310167;0;-0.3727123631921872;0.066743171256263445;0;0.5;-0.08686157261054314;0.59644989099272288;0.88720811664894951;0.41782102645151403
0;6.3;-0.085352866137585151;-0.7848632173859148;0;0.37403854276818221;-0.056776260936107555;0;0.5;-0.086765756476805102;0.59683022140569356;0.8872166055000061;0.41838365555618141
1;6.3;0.085352866137585151;0.7848632173859148;0;-0.37403854276818221;0.056776260936107555;0;0.5;-0.086765756476805102;0.59683022140569356;0.8872166055000061;0.41838365555618141
0;6.35;-0.06665093899917604;-0.78770203043272013;0;0.37512261261060825;-0.046807684801522809;0;0.5;-0.086670436587782561;0.59720923951800357;0.88721838225171876;0.41892142003480609
1;6.35;0.06665093899917604;0.78770203043272013;0;-0.37512261261060825;0.046807684801522809;0;0.5;-0.086670436587782561;0.59720923951800357;0.88721838225171876;0.41892142003480609
0;6.4;-0.047894808368645625;-0.79004241467279623;0;0.37596585601185634;-0.036841965649084041;0;0.5;-0.086575584077250837;0.59758702320563782;0.88721347183463503;0.41943442135584318
1;6.4;0.047894808368645625;0.79004241467279623;0;-0.37596585601185634;0.036841965649084041;0;0.5;-0.086575584077250837;0.59758702320563782;0.88721347183463503;0.41943442135584318
0;6.45;-0.02909651556805281;-0.79188451295525042;0;0.37656956476310577;-0.026883568573453861;0;0.5;-0.086481170678828342;0.59796364911544991;0.88720189946673988;0.41992276979663911
1;6.45;0.02909651556805281;0.79188451295525042;0;-0.37656956476310577;0.026883568573453861;0;0.5;-0.086481170678828342;0.59796364911544991;0.88720189946673988;0.41992276979663911
0;6.5;-0.010268037329897521;-0.79322869138392316;0;0.37693503881627766;-0.016936905306613771;0;0.5;-0.086387168698432151;0.59833919270585091;0.88718369064901052;0.42038658436483043
1;6.5;0.010268037329897521;0.79322869138392316;0;-0.37693503881627766;0.016936905306613771;0;0.5;-0.086387168698432151;0.59833919270585091;0.88718369064901052;0.42038658436483043
0;6.55;0.0085787146109163621;-0.7940755366492539;0;0.37706358614749175;-0.007006338437426588;0;0.5;-0.086293550987840711;0.59871372828607902;0.8871588711666346;0.42082599272968159
1;6.55;-0.0085787146109163621;0.7940755366492539;0;-0.37706358614749175;0.007006338437426588;0;0.5;-0.086293550987840711;0.59871372828607902;0.8871588711666346;0.42082599272968159
0;6.6;0.027431893918290949;-0.79442585357112527;0;0.37695652281437125;0.0029038144886237155;0;0.5;-0.086200290919332375;0.59908732905404113;0.88712746709572314;0.42124113116305482
1;6.6;-0.027431893918290949;0.79442585357112527;0;-0.37695652281437125;-0.0029038144886237155;0;0.5;-0.086200290919332375;0.59908732905404113;0.88712746709572314;0.42124113116305482
0;6.65;0.046279720059009509;-0.79428066284669407;0;0.37661517320012761;0.012789276989660862;0;0.5;-0.086107362361369469;0.59946006713271697;0.88708950481536502;0.42163214448970582
1;6.65;-0.046279720059009509;0.79428066284669407;0;-0.37661517320012761;-0.012789276989660862;0;0.5;-0.086107362361369469;0.59946006713271697;0.88708950481536502;0.42163214448970582
0;6.7;0.065110478719015888;-0.79364119899721108;0;0.37604087043790896;0.022645809787787099;0;0.5;-0.086014739655299538;0.59983201360511914;0.88704501102488312;0.42199918604659955
1;6.7;-0.065110478719015888;0.79364119899721108;0;-0.37604087043790896;-0.022645809787787099;0;0.5;-0.086014739655299538;0.59983201360511914;0.88704501102488312;0.42199918604659955
0;6.75;0.083912522240911336;-0.79250890850782174;0;0.37523495700941134;0.032469207069828816;0;0.5;-0.085922397593047597;0.60020323854779953;0.88699401276616673;0.42234241765093991
1;6.75;-0.083912522240911336;0.79250890850782174;0;-0.37523495700941134;-0.032469207069828816;0;0.5;-0.085922397593047597;0.60020323854779953;0.88699401276616673;0.42234241765093991
0;6.8;0.1026742700913819;-0.79088544815433026;0;0.37419878551223279;0.042255292868779049;0;0.5;-0.085830311395773891;0.6005738110628956;0.88693653745096629;0.42266200957660771
1;6.8;-0.1026742700913819;0.79088544815433026;0;-0.37419878551223279;-0.042255292868779049;0;0.5;-0.085830311395773891;0.6005738110628956;0.88693653745096629;0.42266200957660771
0;6.85;0.12138420936699354;-0.78877268351089136;0;0.37293371959089727;0.051999917566375724;0;0.5;-0.085738456693474831;0.60094379930870735;0.88687261289304898;0.42295814053869911
1;6.85;-0.12138420936699354;0.78877268351089136;0;-0.37293371959089727;-0.051999917566375724;0;0.5;-0.085738456693474831;0.60094379930870735;0.88687261289304898;0.42295814053869911
0;6.9;0.1400308953465384;-0.78617268763257253;0;0.37144113502688741;0.061698954517396973;0;0.5;-0.085646809505505748;0.60131327052879561;0.88680226734512435;0.42323099768585569
1;6.9;-0.1400308953465384;0.78617268763257253;0;-0.37144113502688741;-0.061698954517396973;0;0.5;-0.085646809505505748;0.60131327052879561;0.88680226734512435;0.42323099768585569
0;6.95;0.15860295209788278;-0.78308773990670266;0;0.36972242098340435;0.071348296796420754;0;0.5;-0.085555346222006071;0.60168229107959364;0.88672552954045869;0.42348077660007618
1;6.95;-0.15860295209788278;0.78308773990670266;0;-0.36972242098340435;-0.071348296796420754;0;0.5;-0.085555346222006071;0.60168229107959364;0.88672552954045869;0.42348077660007618
0;7;0.17708907314705299;-0.77952032506688163;0;0.3677789814009183;0.080943854067983809;0;0.5;-0.085464043586209945;0.60205092645652003;0.88664242873910675;0.42370768130369519
1;7;-0.17708907314705299;0.77952032506688163;0;-0.3677789814009183;-0.080943854067983809;0;0.5;-0.085464043586209945;0.60205092645652003;0.88664242873910675;0.42370768130369519
0;7.05;0.19547802221709892;-0.77547313236348248;0;0.36561223653988589;0.090481549581283127;0;0.5;-0.085372878677626429;0.6024192413185828;0.88655299477869705;0.42391192427321256
1;7.05;-0.19547802221709892;0.77547313236348248;0;-0.36561223653988589;-0.090481549581283127;0;0.5;-0.085372878677626429;0.6024192413185828;0.88655299477869705;0.42391192427321256
0;7.1;0.21375863404409323;-0.77094905488441834;0;0.36322362466728936;0.099957317290790021;0;0.5;-0.085281828896075777;0.60278729951146145;0.88645725812971479;0.42409372645965196
1;7.1;-0.21375863404409323;0.77094905488441834;0;-0.36322362466728936;-0.099957317290790021;0;0.5;-0.085281828896075777;0.60278729951146145;0.88645725812971479;0.42409372645965196
0;7.15;0.2319198152774577;-0.7659511890198788;0;0.36061460388389943;0.1093670991043908;0;0.5;-0.085190871946570476;0.60315516408905419;0.88635524995523274;0.4242533173151225
1;7.15;-0.2319198152774577;0.7659511890198788;0;-0.36061460388389943;-0.1093670991043908;0;0.5;-0.085190871946570476;0.60315516408905419;0.88635524995523274;0.4242533173151225
0;7.2;0.24995054547165266;-0.76048283406465922;0;0.35778665408937688;0.11870684226092834;0;0.5;-0.085099985825030616;0.60352289733347538;0.88624700217504591;0.42439093482525159
1;7.2;-0.24995054547165266;0.76048283406465922;0;-0.35778665408937688;-0.11870684226092834;0;0.5;-0.085099985825030616;0.60352289733347538;0.88624700217504591;0.42439093482525159
0;7.25;0.26783987817612148;-0.75454749195161275;0;0.35474127908250669;0.1279724968392936;0;0.5;-0.085009148804826521;0.60389056077348603;0.88613254753417142;0.42450682554715007
1;7.25;-0.26783987817612148;0.75454749195161275;0;-0.35474127908250669;-0.1279724968392936;0;0.5;-0.085009148804826521;0.60389056077348603;0.88613254753417142;0.42450682554715007
0;7.3;0.28557694213024681;-0.74814886710964812;0;0.35148000879400731;0.13716001340150386;0;0.5;-0.084918339424142033;0.60425821520134175;0.886011919675677;0.42460124465256416
1;7.3;-0.28557694213024681;0.74814886710964812;0;-0.35148000879400731;-0.13716001340150386;0;0.5;-0.084918339424142033;0.60425821520134175;0.886011919675677;0.42460124465256416
0;7.35;0.30315094256994718;-0.74129086643957298;0;0.34800440164946794;0.14626534077250491;0;0.5;-0.084827536474154813;0.60462592068803729;0.88588515321780634;0.42467445597585916
1;7.35;-0.30315094256994718;0.74129086643957298;0;-0.34800440164946794;-0.14626534077250491;0;0.5;-0.084827536474154813;0.60462592068803729;0.88588515321780634;0.42467445597585916
0;7.4;0.32055116265242056;-0.73397759940094776;0;0.34431604706004643;0.1552844239597452;0;0.5;-0.084736718988031524;0.6049937365969287;0.88575228383536976;0.42472673206647199
1;7.4;-0.32055116265242056;0.73397759940094776;0;-0.34431604706004643;-0.1552844239597452;0;0.5;-0.084736718988031524;0.6049937365969287;0.88575228383536976;0.42472673206647199
0;7.45;0.33776696500542286;-0.7262133782029605;0;0.34041656803860371;0.16421320221589;0;0.5;-0.084645866230737278;0.60536172159571059;0.88561334834537024;0.424758354245458
1;7.45;-0.33776696500542286;0.7262133782029605;0;-0.34041656803860371;-0.16421320221589;0;0.5;-0.084645866230737278;0.60536172159571059;0.88561334834537024;0.424758354245458
0;7.5;0.35478779340735306;-0.71800271809216598;0;0.3363076239389588;0.17304760724837245;0;0.5;-0.084554957689661423;0.60572993366672549;0.88546838479683416;0.42476961266574722
1;7.5;-0.35478779340735306;0.71800271809216598;0;-0.3363076239389588;-0.17304760724837245;0;0.5;-0.084554957689661423;0.60572993366672549;0.88546838479683416;0.42476961266574722
0;7.55;0.37160317460430098;-0.70935033772974732;0;0.33199091331591996;0.1817835615798131;0;0.5;-0.084463973066063058;0.60609843011558014;0.88531743256481501;0.42476080637571279
1;7.55;-0.37160317460430098;0.70935033772974732;0;-0.33199091331591996;-0.1817835615798131;0;0.5;-0.084463973066063058;0.60609843011558014;0.88531743256481501;0.42476080637571279
0;7.6;0.388202720270097;-0.70026115965075664;0;0.32746817690368318;0.19041697706367972;0;0.5;-0.084372892267341423;0.60646726757804288;0.8851605324485356;0.42473224338564129
1;7.6;-0.388202720270097;0.70026115965075664;0;-0.32746817690368318;-0.19041697706367972;0;0.5;-0.084372892267341423;0.60646726757804288;0.8851605324485356;0.42473224338564129
0;7.65;0.40457612911528118;-0.6907403107975727;0;0.32274120071008705;0.19894375355990335;0;0.5;-0.084281695400138525;0.60683650202519491;0.88499772677363025;0.4246842407366803
1;7.65;-0.40457612911528118;0.6907403107975727;0;-0.32274120071008705;-0.19894375355990335;0;0.5;-0.084281695400138525;0.60683650202519491;0.88499772677363025;0.4246842407366803
0;7.7;0.42071318915078554;-0.68079312311957751;0;0.31781181922407009;0.20735977777551134;0;0.5;-0.084190362764283027;0.60720618876680564;0.88482905949844441;0.42461712457182388
1;7.7;-0.42071318915078554;0.68079312311957751;0;-0.31781181922407009;-0.20735977777551134;0;0.5;-0.084190362764283027;0.60720618876680564;0.88482905949844441;0.42461712457182388
0;7.75;0.43660378011198903;-0.67042513423080197;0;0.31268191873349777;0.21566092227568459;0;0.5;-0.084098874847585766;0.60757638245290341;0.88465457632434168;0.42453123020848058
1;7.75;-0.43660378011198903;0.67042513423080197;0;-0.31268191873349777;-0.21566092227568459;0;0.5;-0.084098874847585766;0.60757638245290341;0.88465457632434168;0.42453123020848058
0;7.8;0.45223787604866389;-0.65964208811701774;0;0.30735344075030363;0.22384304467098887;0;0.5;-0.084007212321499762;0.60794713707350915;0.88447432480996158;0.42442690221215091
1;7.8;-0.45223787604866389;0.65964208811701774;0;-0.30735344075030363;-0.22384304467098887;0;0.5;-0.084007212321499762;0.60794713707350915;0.88447432480996158;0.42442690221215091
0;7.85;0.46760554808617905;-0.64844993588346833;0;0.30182838553962654;0.23190198698687012;0;0.5;-0.08391535603765863;0.60831850595650191;0.88428835448936204;0.42430449447072438
1;7.85;-0.46760554808617905;0.64844993588346833;0;-0.30182838553962654;-0.23190198698687012;0;0.5;-0.08391535603765863;0.60831850595650191;0.88428835448936204;0.42430449447072438
0;7.9;0.48269696736316037;-0.63685483653412478;0;0.29610881574932041;0.23983357522183582;0;0.5;-0.08382328702530893;0.60869054176358255;0.88409671699397015;0.42416437026888638
1;7.9;-0.48269696736316037;0.63685483653412478;0;-0.29610881574932041;-0.23983357522183582;0;0.5;-0.08382328702530893;0.60869054176358255;0.88409671699397015;0.42416437026888638
0;7.95;0.49750240815062641;-0.62486315777303303;0;0.29019686013586321;0.24763361910106871;0;0.5;-0.083730986489653981;0.60906329648430266;0.88389946617825297;0.42400690236210626
1;7.95;-0.49750240815062641;0.62486315777303303;0;-0.29019686013586321;-0.24763361910106871;0;0.5;-0.083730986489653981;0.60906329648430266;0.88389946617825297;0.42400690236210626
0;8;0.51201225115741955;-0.6124814768179796;0;0.28409471738229886;0.25529791203253044;0;0.5;-0.083638435811127888;0.60943682142812344;0.88369665824900683;0.42383247304965641
1;8;-0.51201225115741955;0.6124814768179796;0;-0.28409471738229886;-0.25529791203253044;0;0.5;-0.083638435811127888;0.60943682142812344;0.88369665824900683;0.42383247304965641
0;8.05;0.52621698702653452;-0.59971658121635307;0;0.27780466000340631;0.26282223127291021;0;0.5;-0.083545616545619481;0.60981116721447204;0.88348835189814777;0.42364147424609222
1;8.05;-0.52621698702653452;0.59971658121635307;0;-0.27780466000340631;-0.26282223127291021;0;0.5;-0.083545616545619481;0.60981116721447204;0.88348835189814777;0.42364147424609222
0;8.1;0.54010722002670486;-0.58657546965270757;0;0.27132903833280408;0.27020233831105162;0;0.5;-0.083452510425668027;0.6101863837607587;0.8832746084388706;0.42343430755059897
1;8.1;-0.54010722002670486;0.58657546965270757;0;-0.27132903833280408;-0.27020233831105162;0;0.5;-0.083452510425668027;0.6101863837607587;0.8832746084388706;0.42343430755059897
0;8.15;0.55367367194334505;-0.57306535273715498;0;0.26467028458616676;0.27743397947674903;0;0.5;-0.083359099362653126;0.61056252026832222;0.88305549194502384;0.42321138431359047
1;8.15;-0.55367367194334505;0.57306535273715498;0;-0.26467028458616676;-0.27743397947674903;0;0.5;-0.083359099362653126;0.61056252026832222;0.88305549194502384;0.42321138431359047
0;8.2;0.56690718617265334;-0.55919365376331753;0;0.25783091699414956;0.28451288678303582;0;0.5;-0.083265365450002093;0.61093962520626933;0.88283106939352909;0.4229731256999201
1;8.2;-0.56690718617265334;0.55919365376331753;0;-0.25783091699414956;-0.28451288678303582;0;0.5;-0.083265365450002093;0.61093962520626933;0.88283106939352909;0.4229731256999201
0;8.25;0.57979873202236087;-0.54496800942416579;0;0.25081354399798894;0.29143477901029013;0;0.5;-0.083171290967439613;0.61131774629317526;0.88260141080965069;0.42271996274804114
1;8.25;-0.57979873202236087;0.54496800942416579;0;-0.25081354399798894;-0.29143477901029013;0;0.5;-0.083171290967439613;0.61131774629317526;0.88260141080965069;0.42271996274804114
0;8.3;0.59233940922226036;-0.53039627047365123;0;0.24362086850007095;0.29819536304065186;0;0.5;-0.083076858386305055;0.61169693047661325;0.88236658941489833;0.422452336424429
1;8.3;-0.59233940922226036;0.53039627047365123;0;-0.24362086850007095;-0.29819536304065186;0;0.5;-0.083076858386305055;0.61169693047661325;0.88236658941489833;0.422452336424429
0;8.35;0.60452045264726395;-0.51548650232161863;0;0.23625569216103492;0.30479033545137607;0;0.5;-0.082982050375962521;0.61207722391048446;0.88212668177731895;0.42217069767255443
1;8.35;-0.60452045264726395;0.51548650232161863;0;-0.23625569216103492;-0.30479033545137607;0;0.5;-0.082982050375962521;0.61207722391048446;0.88212668177731895;0.42217069767255443
0;8.4;0.61633323725531575;-0.50024698554904978;0;0.22872091973420744;0.3112153843758349;0;0.5;-0.082886849811330455;0.61245867193011837;0.88188176796390764;0.42187550745567009
1;8.4;-0.61633323725531575;0.50024698554904978;0;-0.22872091973420744;-0.3112153843758349;0;0.5;-0.082886849811330455;0.61245867193011837;0.88188176796390764;0.42187550745567009
0;8.45;0.62776928324202608;-0.48468621633025805;0;0.22101956342734261;0.31746619164091894;0;0.5;-0.08279123978155651;0.61284131902511908;0.88163193169483753;0.42156723679265043
1;8.45;-0.62776928324202608;0.48468621633025805;0;-0.22101956342734261;-0.31746619164091894;0;0.5;-0.08279123978155651;0.61284131902511908;0.88163193169483753;0.42156723679265043
0;8.5;0.63882026141339321;-0.46881290674821208;0;0.21315474728077877;0.32353843518957548;0;0.5;-0.082695203599864041;0.61322520880993446;0.88137726049917741;0.42124636678609887
1;8.5;-0.63882026141339321;0.46881290674821208;0;-0.21315474728077877;-0.32353843518957548;0;0.5;-0.082695203599864041;0.61322520880993446;0.88137726049917741;0.42124636678609887
0;8.55;0.64947799877743218;-0.45263598498873331;0;0.20512971155021217;0.32942779179714643;0;0.5;-0.082598724814595742;0.61361038399212856;0.88111784587173309;0.42091338864191264
1;8.55;-0.64947799877743218;0.45263598498873331;0;-0.20512971155021217;-0.32942779179714643;0;0.5;-0.082598724814595742;0.61361038399212856;0.88111784587173309;0.42091338864191264
0;8.6;0.65973448435494275;-0.43616459539887598;0;0.19694781708133541;0.33512994009002961;0;0.5;-0.082501787221479457;0.61399688633834207;0.88085378343061342;0.42056880367947204
1;8.6;-0.65973448435494275;0.43616459539887598;0;-0.19694781708133541;-0.33512994009002961;0;0.5;-0.082501787221479457;0.61399688633834207;0.88085378343061342;0.42056880367947204
0;8.65;0.66958187520900947;-0.41940809839437448;0;0.18861254966259502;0.34064056387497699;0;0.5;-0.082404374877140126;0.61438475663792992;0.88058517307508563;0.42021312333159811
1;8.65;-0.66958187520900947;0.41940809839437448;0;-0.18861254966259502;-0.34064056387497699;0;0.5;-0.082404374877140126;0.61438475663792992;0.88058517307508563;0.42021312333159811
0;8.7;0.6790125026921392;-0.40237607020062566;0;0.180127524341294;0.34595535578705516;0;0.5;-0.082306472113880081;0.61477403466427038;0.88031211914324578;0.41984686913340036
1;8.7;-0.6790125026921392;0.40237607020062566;0;-0.180127524341294;-0.34595535578705516;0;0.5;-0.082306472113880081;0.61477403466427038;0.88031211914324578;0.41984686913340036
0;8.75;0.68801887890920388;-0.38507830241127289;0;0.17149648968720027;0.35107002126392084;0;0.5;-0.082208063555749017;0.61516475913374526;0.88003473056899121;0.41947057269911597
1;8.75;-0.68801887890920388;0.38507830241127289;0;-0.17149648968720027;-0.35107002126392084;0;0.5;-0.082208063555749017;0.61516475913374526;0.88003473056899121;0.41947057269911597
0;8.8;0.69659370339356386;-0.36752480134807686;0;0.16272333198673164;0.35598028285360128;0;0.5;-0.082109134135921769;0.61555696766239841;0.87975312103773964;0.41908477568602277
1;8.8;-0.69659370339356386;0.36752480134807686;0;-0.16272333198673164;-0.35598028285360128;0;0.5;-0.082109134135921769;0.61555696766239841;0.87975312103773964;0.41908477568602277
0;8.85;0.70472986999290044;-0.34972578720539682;0;0.15381207934967067;0.36068188486240954;0;0.5;-0.082009669115400027;0.61595069672028539;0.87946740914029757;0.41869002974449042
1;8.85;-0.70472986999290044;0.34972578720539682;0;-0.15381207934967067;-0.36068188486240954;0;0.5;-0.082009669115400027;0.61595069672028539;0.87946740914029757;0.41869002974449042
0;8.9;0.71242047396038399;-0.33169169296227635;0;0.14476690570923037;0.3651705983489606;0;0.5;-0.081909654103050686;0.61634598158353675;0.87917771852423656;0.41828689645321943
1;8.9;-0.71242047396038399;0.33169169296227635;0;-0.14476690570923037;-0.3651705983489606;0;0.5;-0.081909654103050686;0.61634598158353675;0.87917771852423656;0.41828689645321943
0;8.95;0.71965881924584552;-0.31343316304482832;0;0.13559213469514678;0.36944222646947955;0;0.5;-0.08180907507699049;0.61674285628416434;0.87888417804209153;0.41787594723870442
1;8.95;-0.71965881924584552;0.31343316304482832;0;-0.13559213469514678;-0.36944222646947955;0;0.5;-0.08180907507699049;0.61674285628416434;0.87888417804209153;0.41787594723870442
0;9;0.72643842598060282;-0.29496105172135434;0;0.12629224335832737;0.37349261017870322;0;0.5;-0.081707918407321468;0.61714135355765102;0.87858692189564961;0.4174577632779481
1;9;-0.72643842598060282;0.29496105172135434;0;-0.12629224335832737;-0.37349261017870322;0;0.5;-0.081707918407321468;0.61714135355765102;0.87858692189564961;0.4174577632779481
0;9.05;0.73275303814851922;-0.2762864212124192;0;0.11687186572444211;0.37731763428966253;0;0.5;-0.081606170880218145;0.61754150478837324;0.87828608977555265;0.41703293538344506
1;9.05;-0.73275303814851922;0.2762864212124192;0;-0.11687186572444211;-0.37731763428966253;0;0.5;-0.081606170880218145;0.61754150478837324;0.87828608977555265;0.41703293538344506
0;9.1;0.7385966314347413;-0.25742053949793609;0;0.10733579615271821;0.38091323389449178;0;0.5;-0.081503819723361585;0.61794333995291713;0.87798182699539045;0.41660206386945101
1;9.1;-0.7385966314347413;0.25742053949793609;0;-0.10733579615271821;-0.38091323389449178;0;0.5;-0.081503819723361585;0.61794333995291713;0.87798182699539045;0.41660206386945101
0;9.15;0.74396342124237724;-0.23837487780321148;0;0.097688992475098199;0.38427540114713654;0;0.5;-0.081400852632709109;0.61834688756136203;0.87767428461941621;0.41616575839855381
1;9.15;-0.74396342124237724;0.23837487780321148;0;-0.097688992475098199;-0.38427540114713654;0;0.5;-0.081400852632709109;0.61834688756136203;0.87767428461941621;0.41616575839855381
0;9.2;0.74884787086613214;-0.21916110774585465;0;0.087936578889859271;0.38740019240741858;0;0.5;-0.081297257800583384;0.61875217459661525;0.87736361958297123;0.41572463780756601
1;9.2;-0.74884787086613214;0.21916110774585465;0;-0.087936578889859271;-0.38740019240741858;0;0.5;-0.081297257800583384;0.61875217459661525;0.87736361958297123;0.41572463780756601
0;9.25;0.75324469981062514;-0.19979109812548373;0;0.078083848582779045;0.39028373574436276;0;0.5;-0.081193023945055563;0.61915922645189859;0.87704999480466166;0.41527932991176912
1;9.25;-0.75324469981062514;0.19979109812548373;0;-0.078083848582779045;-0.39028373574436276;0;0.5;-0.081193023945055563;0.61915922645189859;0.87704999480466166;0.41527932991176912
0;9.3;0.75714889223976412;-0.18027691133826559;0;0.068136266047985394;0.39292223879499155;0;0.5;-0.081088140340591017;0.61956806686649812;0.87673357928928863;0.4148304712865526
1;9.3;-0.75714889223976412;0.18027691133826559;0;-0.068136266047985394;-0.39292223879499155;0;0.5;-0.081088140340591017;0.61956806686649812;0.87673357928928863;0.4148304712865526
0;9.35;0.76055570554216334;-0.16063079939851602;0;0.058099469079759242;0.39531199697294855;0;0.5;-0.080982596849916977;0.61997871785990703;0.8764145482204925;0.41437870702551174
1;9.35;-0.76055570554216334;0.16063079939851602;0;-0.058099469079759242;-0.39531199697294855;0;0.5;-0.080982596849916977;0.61997871785990703;0.8764145482204925;0.41437870702551174
0;9.4;0.76346067899615133;-0.14086519954986859;0;0.047979270405785347;0.39744940201931978;0;0.5;-0.08087638395706193;0.62039119966450451;0.87609308304203527;0.41392469047409283
1;9.4;-0.76346067899615133;0.14086519954986859;0;-0.047979270405785347;-0.39744940201931978;0;0.5;-0.08087638395706193;0.62039119966450451;0.87609308304203527;0.41392469047409283
0;9.45;0.76585964251644056;-0.1209927294489026;0;0.037781658931683948;0.39933095088588366;0;0.5;-0.080769492801508292;0.62080553065693019;0.87576937152661164;0.41346908293790615
1;9.45;-0.76585964251644056;0.1209927294489026;0;-0.037781658931683948;-0.39933095088588366;0;0.5;-0.080769492801508292;0.62080553065693019;0.87576937152661164;0.41346908293790615
0;9.5;0.76774872546302475;-0.10102618190460842;0;0.027512800566122729;0.4009532549387399;0;0.5;-0.08066191521338735;0.62122172728833424;0.87544360783104792;0.41301255336486701
1;9.5;-0.76774872546302475;0.10102618190460842;0;-0.027512800566122729;-0.4009532549387399;0;0.5;-0.08066191521338735;0.62122172728833424;0.87544360783104792;0.41301255336486701
0;9.55;0.7691243654913309;-0.08097851915767143;0;0.017179038595422608;0.40231304946784346;0;0.5;-0.080553643749636699;0.62163980401369466;0.87511599253672502;0.41255577800036848
1;9.55;-0.7691243654913309;0.08097851915767143;0;-0.017179038595422608;-0.40231304946784346;0;0.5;-0.080553643749636699;0.62163980401369466;0.87511599253672502;0.41255577800036848
0;9.6;0.76998331742110204;-0.06086286668427926;0;0.0067868935763504704;0.40340720348541725;0;0.5;-0.080444671731026878;0.62205977322041789;0.87478673267403983;0.41209944001474462
1;9.6;-0.76998331742110204;0.06086286668427926;0;-0.0067868935763504704;-0.40340720348541725;0;0.5;-0.080444671731026878;0.62205977322041789;0.87478673267403983;0.41209944001474462
0;9.65;0.77032266209991962;-0.0406925065100084;0;-0.0036569372842430248;0.40423272979353314;0;0.5;-0.080334993279953538;0.62248164515645238;0.87445604172970745;0.41164422910234239
1;9.65;-0.77032266209991962;0.0406925065100084;0;0.0036569372842430248;-0.40423272979353314;0;0.5;-0.080334993279953538;0.62248164515645238;0.87445604172970745;0.41164422910234239
0;9.7;0.77013981523570751;-0.020480870020331741;0;-0.014145581294113136;0.40478679529835587;0;0.5;-0.080224603358877106;0.62290542785816637;0.87412413963569875;0.41119084105158985
1;9.7;-0.77013981523570751;0.020480870020331741;0;0.014145581294113136;-0.40478679529835587;0;0.5;-0.080224603358877106;0.62290542785816637;0.87412413963569875;0.41119084105158985
0;9.75;0.76943253617100182;-0.00024153025541394786;0;-0.024671992015417765;0.40506673154564321;0;0.5;-0.080113497809280331;0.6233311270782591;0.87379125273860972;0.41073997728552548
1;9.75;-0.76943253617100182;0.00024153025541394786;0;0.024671992015417765;-0.40506673154564321;0;0.5;-0.080113497809280331;0.6233311270782591;0.87379125273860972;0.41073997728552548
0;9.8;0.76819893657023097;0.020011806321868213;0;-0.035228951609764553;0.40507004544910757;0;0.5;-0.080001673391000323;0.62375874621399328;0.87345761374826815;0.41029234437233905
1;9.8;-0.76819893657023097;-0.020011806321868213;0;0.035228951609764553;-0.40507004544910757;0;0.5;-0.080001673391000323;0.62375874621399328;0.87345761374826815;0.41029234437233905
0;9.85;0.76643748898974273;0.04026530859432359;0;-0.045809073817754078;0.40479443018018613;0;0.5;-0.079889127821777447;0.62418828623605521;0.87312346166440224;0.40984865350556847
1;9.85;-0.76643748898974273;-0.04026530859432359;0;0.045809073817754078;-0.40479443018018613;0;0.5;-0.079889127821777447;0.62418828623605521;0.87312346166440224;0.40984865350556847
0;9.9;0.76414703529885508;0.060505030103332899;0;-0.056404807601087938;0.40423777618465728;0;0.5;-0.079775859816851106;0.62461974561836903;0.87278904168022445;0.40940961995370168
1;9.9;-0.76414703529885508;-0.060505030103332899;0;0.056404807601087938;-0.40423777618465728;0;0.5;-0.079775859816851106;0.62461974561836903;0.87278904168022445;0.40940961995370168
0;9.95;0.76132679491880073;0.080716918912565758;0;-0.067008441473837527;0.40339818228840602;0;0.5;-0.079661869128417069;0.62505312026920686;0.87245460506182381;0.40897596247904289
1;9.95;-0.76132679491880073;-0.080716918912565758;0;0.067008441473837527;-0.40339818228840602;0;0.5;-0.079661869128417069;0.62505312026920686;0.87245460506182381;0.40897596247904289
0;10;0.75797637284510888;0.10088682802698606;0;-0.077612108547685466;0.40227396685150296;0;0.5;-0.079547156584749237;0.6254884034639558;0.87212040900231095;0.40854840272582496
1;10;-0.75797637284510888;-0.10088682802698606;0;0.077612108547685466;-0.40227396685150296;0;0.5;-0.079547156584749237;0.6254884034639558;0.87212040900231095;0.40854840272582496
