# column style format: id;time;x;y;z;vx;vy;vz;mass;totalEnergy;totalSpecificAngularMomentum;rungeLenzVector;semiMajorAxis
# this file will be overwritten without any precaution
# used integrator was iterierter_hermite
0;0.05;0.49937565039127424;0.024979187262435514;0;-0.024979187262435514;0.49937565039127424;0;0.5;-0.12500000000000001;0.49999999999999995;0.87500000000000002;0.26666666666666665
1;0.05;-0.49937565039127424;-0.024979187262435514;0;0.024979187262435514;-0.49937565039127424;0;0.5;-0.12500000000000001;0.49999999999999995;0.87500000000000002;0.26666666666666665
0;0.1;0.49750416081483267;0.049895991541696674;0;-0.049895991541696681;0.49750416081483267;0;0.5;-0.12500000000000005;0.49999999999999991;0.87500000000000003;0.26666666666666664
1;0.1;-0.49750416081483267;-0.049895991541696674;0;0.049895991541696681;-0.49750416081483267;0;0.5;-0.12500000000000005;0.49999999999999991;0.87500000000000003;0.26666666666666664
0;0.15;0.49439020512581444;0.07468818564977367;0;-0.074688185649773683;0.49439020512581444;0;0.5;-0.12500000000000006;0.49999999999999988;0.87500000000000005;0.26666666666666663
1;0.15;-0.49439020512581444;-0.07468818564977367;0;0.074688185649773683;-0.49439020512581444;0;0.5;-0.12500000000000006;0.49999999999999988;0.87500000000000005;0.26666666666666663
0;0.2;0.49004156011228367;0.099293853599903184;0;-0.099293853599903198;0.49004156011228367;0;0.5;-0.12500000000000006;0.49999999999999987;0.87500000000000005;0.26666666666666663
1;0.2;-0.49004156011228367;-0.099293853599903184;0;0.099293853599903198;-0.49004156011228367;0;0.5;-0.12500000000000006;0.49999999999999987;0.87500000000000005;0.26666666666666663
0;0.25;0.4844690860734911;0.12365154523545681;0;-0.12365154523545684;0.4844690860734911;0;0.5;-0.12500000000000006;0.4999999999999999;0.87500000000000004;0.26666666666666663
1;0.25;-0.4844690860734911;-0.12365154523545681;0;0.12365154523545684;-0.4844690860734911;0;0.5;-0.12500000000000006;0.4999999999999999;0.87500000000000004;0.26666666666666663
0;0.3;0.4776866996973797;0.14770042969546607;0;-0.14770042969546612;0.4776866996973797;0;0.5;-0.12500000000000006;0.49999999999999988;0.87500000000000004;0.26666666666666662
1;0.3;-0.4776866996973797;-0.14770042969546607;0;0.14770042969546612;-0.4776866996973797;0;0.5;-0.12500000000000006;0.49999999999999988;0.87500000000000004;0.26666666666666662
0;0.35;0.46971133930507014;0.1713804473335194;0;-0.17138044733351945;0.46971133930507014;0;0.5;-0.12500000000000005;0.49999999999999991;0.87500000000000003;0.26666666666666663
1;0.35;-0.46971133930507014;-0.1713804473335194;0;0.17138044733351945;-0.46971133930507014;0;0.5;-0.12500000000000005;0.49999999999999991;0.87500000000000003;0.26666666666666663
0;0.4;0.4605629225491239;0.19463245971062901;0;-0.19463245971062909;0.4605629225491239;0;0.5;-0.12500000000000007;0.49999999999999988;0.87500000000000004;0.26666666666666662
1;0.4;-0.4605629225491239;-0.19463245971062901;0;0.19463245971062909;-0.4605629225491239;0;0.5;-0.12500000000000007;0.49999999999999988;0.87500000000000004;0.26666666666666662
0;0.45;0.45026429667122919;0.21739839728747598;0;-0.21739839728747609;0.45026429667122919;0;0.5;-0.12500000000000003;0.49999999999999993;0.87500000000000002;0.26666666666666663
1;0.45;-0.45026429667122919;-0.21739839728747598;0;0.21739839728747609;-0.45026429667122919;0;0.5;-0.12500000000000003;0.49999999999999993;0.87500000000000002;0.26666666666666663
0;0.5;0.43884118144353507;0.23962140444718683;0;-0.23962140444718694;0.43884118144353507;0;0.5;-0.12500000000000002;0.49999999999999996;0.87500000000000001;0.26666666666666664
1;0.5;-0.43884118144353507;-0.23962140444718683;0;0.23962140444718694;-0.43884118144353507;0;0.5;-0.12500000000000002;0.49999999999999996;0.87500000000000001;0.26666666666666664
0;0.55;0.42632210493613287;0.261245981486462;0;-0.26124598148646211;0.42632210493613287;0;0.5;-0.12500000000000003;0.49999999999999993;0.87500000000000002;0.26666666666666663
1;0.55;-0.42632210493613287;-0.261245981486462;0;0.26124598148646211;-0.42632210493613287;0;0.5;-0.12500000000000003;0.49999999999999993;0.87500000000000002;0.26666666666666663
0;0.6;0.41273833227109868;0.2822181232204482;0;-0.28221812322044831;0.41273833227109868;0;0.5;-0.12500000000000003;0.49999999999999996;0.87500000000000001;0.26666666666666664
1;0.6;-0.41273833227109868;-0.2822181232204482;0;0.28221812322044831;-0.41273833227109868;0;0.5;-0.12500000000000003;0.49999999999999996;0.87500000000000001;0.26666666666666664
0;0.65;0.39812378754102618;0.30248545385520242;0;-0.30248545385520254;0.39812378754102618;0;0.5;-0.12500000000000003;0.49999999999999995;0.87500000000000001;0.26666666666666664
1;0.65;-0.39812378754102618;-0.30248545385520242;0;0.30248545385520254;-0.39812378754102618;0;0.5;-0.12500000000000003;0.49999999999999995;0.87500000000000001;0.26666666666666664
0;0.7;0.38251496908705107;0.32199735779091776;0;-0.32199735779091787;0.38251496908705107;0;0.5;-0.12500000000000003;0.49999999999999996;0.87500000000000001;0.26666666666666664
1;0.7;-0.38251496908705107;-0.32199735779091776;0;0.32199735779091787;-0.38251496908705107;0;0.5;-0.12500000000000003;0.49999999999999996;0.87500000000000001;0.26666666666666664
0;0.75;0.36595085834795105;0.34070510602924314;0;-0.34070510602924325;0.36595085834795105;0;0.5;-0.12500000000000003;0.49999999999999997;0.875;0.26666666666666664
1;0.75;-0.36595085834795105;-0.34070510602924314;0;0.34070510602924325;-0.36595085834795105;0;0.5;-0.12500000000000003;0.49999999999999997;0.875;0.26666666666666664
0;0.8;0.34847282250796141;0.35856197786900768;0;-0.35856197786900779;0.34847282250796141;0;0.5;-0.12500000000000004;0.49999999999999993;0.87500000000000002;0.26666666666666663
1;0.8;-0.34847282250796141;-0.35856197786900768;0;0.35856197786900779;-0.34847282250796141;0;0.5;-0.12500000000000004;0.49999999999999993;0.87500000000000002;0.26666666666666663
0;0.85;0.33012451118643421;0.37552337758642645;0;-0.37552337758642657;0.33012451118643421;0;0.5;-0.12500000000000003;0.49999999999999997;0.875;0.26666666666666663
1;0.85;-0.33012451118643421;-0.37552337758642645;0;0.37552337758642657;-0.33012451118643421;0;0.5;-0.12500000000000003;0.49999999999999997;0.875;0.26666666666666663
0;0.9;0.31095174742734688;0.39154694580839139;0;-0.3915469458083915;0.31095174742734688;0;0.5;-0.12500000000000004;0.49999999999999991;0.87500000000000002;0.26666666666666662
1;0.9;-0.31095174742734688;-0.39154694580839139;0;0.3915469458083915;-0.31095174742734688;0;0.5;-0.12500000000000004;0.49999999999999991;0.87500000000000002;0.26666666666666662
0;0.95;0.2910024132609042;0.40659266530070343;0;-0.40659266530070354;0.29100241326090415;0;0.5;-0.12500000000000007;0.49999999999999989;0.87500000000000004;0.26666666666666662
1;0.95;-0.2910024132609042;-0.40659266530070343;0;0.40659266530070354;-0.29100241326090415;0;0.5;-0.12500000000000007;0.49999999999999989;0.87500000000000004;0.26666666666666662
0;1;0.27032633012303076;0.42062296090705048;0;-0.42062296090705059;0.2703263301230307;0;0.5;-0.12500000000000004;0.49999999999999991;0.87500000000000003;0.26666666666666662
1;1;-0.27032633012303076;-0.42062296090705048;0;0.42062296090705059;-0.2703263301230307;0;0.5;-0.12500000000000004;0.49999999999999991;0.87500000000000003;0.26666666666666662
0;1.05;0.24897513443139499;0.43360279338914404;0;-0.43360279338914415;0.24897513443139493;0;0.5;-0.12500000000000003;0.49999999999999995;0.87500000000000001;0.26666666666666663
1;1.05;-0.24897513443139499;-0.43360279338914404;0;0.43360279338914415;-0.24897513443139493;0;0.5;-0.12500000000000003;0.49999999999999995;0.87500000000000001;0.26666666666666663
0;1.1;0.2270021486287005;0.44549974693365796;0;-0.44549974693365813;0.22700214862870044;0;0.5;-0.12500000000000004;0.49999999999999995;0.875;0.26666666666666662
1;1.1;-0.2270021486287005;-0.44549974693365796;0;0.44549974693365813;-0.22700214862870044;0;0.5;-0.12500000000000004;0.49999999999999995;0.875;0.26666666666666662
0;1.15;0.20446224801530108;0.45628411010743014;0;-0.45628411010743031;0.20446224801530102;0;0.5;-0.12500000000000004;0.49999999999999997;0.87499999999999999;0.26666666666666663
1;1.15;-0.20446224801530108;-0.45628411010743014;0;0.45628411010743031;-0.20446224801530102;0;0.5;-0.12500000000000004;0.49999999999999997;0.87499999999999999;0.26666666666666663
0;1.2;0.1814117237037115;0.4659289500587489;0;-0.46592895005874913;0.18141172370371145;0;0.5;-0.125;0.49999999999999997;0.87499999999999999;0.26666666666666661
1;1.2;-0.1814117237037115;-0.4659289500587489;0;0.46592895005874913;-0.18141172370371145;0;0.5;-0.125;0.49999999999999997;0.87499999999999999;0.26666666666666661
0;1.25;0.15790814203727124;0.47441017977941502;0;-0.47441017977941524;0.15790814203727119;0;0.5;-0.12499999999999999;0.50000000000000001;0.87499999999999997;0.26666666666666662
1;1.25;-0.15790814203727124;-0.47441017977941502;0;0.47441017977941524;-0.15790814203727119;0;0.5;-0.12499999999999999;0.50000000000000001;0.87499999999999997;0.26666666666666662
0;1.3;0.13401020082404866;0.48170661825959799;0;-0.48170661825959821;0.1340102008240486;0;0.5;-0.12499999999999999;0.50000000000000002;0.87499999999999997;0.26666666666666662
1;1.3;-0.13401020082404866;-0.48170661825959799;0;0.48170661825959821;-0.1340102008240486;0;0.5;-0.12499999999999999;0.50000000000000002;0.87499999999999997;0.26666666666666662
0;1.35;0.10977758274502707;0.48780004338525701;0;-0.48780004338525723;0.10977758274502701;0;0.5;-0.125;0.49999999999999997;0.87499999999999998;0.26666666666666661
1;1.35;-0.10977758274502707;-0.48780004338525701;0;0.48780004338525723;-0.10977758274502701;0;0.5;-0.125;0.49999999999999997;0.87499999999999998;0.26666666666666661
0;1.4;0.085270806302670615;0.4926752374460201;0;-0.49267523744602038;0.08527080630267056;0;0.5;-0.12500000000000002;0.49999999999999997;0.87499999999999998;0.26666666666666659
1;1.4;-0.085270806302670615;-0.4926752374460201;0;0.49267523744602038;-0.08527080630267056;0;0.5;-0.12500000000000002;0.49999999999999997;0.87499999999999998;0.26666666666666659
0;1.45;0.060551074682110961;0.49632002513987006;0;-0.49632002513987039;0.060551074682110899;0;0.5;-0.12500000000000003;0.49999999999999997;0.87499999999999997;0.26666666666666658
1;1.45;-0.060551074682110961;-0.49632002513987006;0;0.49632002513987039;-0.060551074682110899;0;0.5;-0.12500000000000003;0.49999999999999997;0.87499999999999997;0.26666666666666658
0;1.5;0.035680122902408511;0.49872530397972475;0;-0.49872530397972509;0.035680122902408441;0;0.5;-0.12500000000000003;0.5;0.87499999999999996;0.26666666666666659
1;1.5;-0.035680122902408511;-0.49872530397972475;0;0.49872530397972509;-0.035680122902408441;0;0.5;-0.12500000000000003;0.5;0.87499999999999996;0.26666666666666659
0;1.55;0.010720063639612441;0.49988506702597396;0;-0.49988506702597429;0.010720063639612365;0;0.5;-0.12500000000000003;0.49999999999999997;0.87499999999999997;0.26666666666666658
1;1.55;-0.010720063639612441;-0.49988506702597396;0;0.49988506702597429;-0.010720063639612365;0;0.5;-0.12500000000000003;0.49999999999999997;0.87499999999999997;0.26666666666666658
0;1.6;-0.014266767893339255;0.49979641788820117;0;-0.49979641788820151;-0.01426676789333934;0;0.5;-0.12499999999999997;0.5;0.87499999999999996;0.26666666666666658
1;1.6;0.014266767893339255;-0.49979641788820117;0;0.49979641788820151;0.01426676789333934;0;0.5;-0.12499999999999997;0.5;0.87499999999999996;0.26666666666666658
0;1.65;-0.039217969622483001;0.49845957795862428;0;-0.49845957795862461;-0.039217969622483098;0;0.5;-0.12499999999999997;0.50000000000000001;0.87499999999999995;0.26666666666666658
1;1.65;0.039217969622483001;-0.49845957795862428;0;0.49845957795862461;0.039217969622483098;0;0.5;-0.12499999999999997;0.50000000000000001;0.87499999999999995;0.26666666666666658
0;1.7;-0.064071228455671494;0.49587788585919113;0;-0.49587788585919146;-0.064071228455671592;0;0.5;-0.12499999999999997;0.5;0.87499999999999996;0.26666666666666658
1;1.7;0.064071228455671494;-0.49587788585919113;0;0.49587788585919146;0.064071228455671592;0;0.5;-0.12499999999999997;0.5;0.87499999999999996;0.26666666666666658
0;1.75;-0.088764475903192475;0.49205778910371023;0;-0.49205778910371056;-0.088764475903192586;0;0.5;-0.12500000000000004;0.49999999999999997;0.87499999999999997;0.26666666666666657
1;1.75;0.088764475903192475;-0.49205778910371023;0;0.49205778910371056;0.088764475903192586;0;0.5;-0.12500000000000004;0.49999999999999997;0.87499999999999997;0.26666666666666657
0;1.8;-0.11323604308751785;0.48700882799583994;0;-0.48700882799584028;-0.11323604308751796;0;0.5;-0.12500000000000004;0.49999999999999998;0.87499999999999996;0.26666666666666657
1;1.8;0.11323604308751785;-0.48700882799583994;0;0.48700882799584028;0.11323604308751796;0;0.5;-0.12500000000000004;0.49999999999999998;0.87499999999999996;0.26666666666666657
0;1.85;-0.13742481475506185;0.4807436118031489;0;-0.48074361180314923;-0.13742481475506196;0;0.5;-0.12500000000000005;0.49999999999999993;0.87499999999999998;0.26666666666666656
1;1.85;0.13742481475506185;-0.4807436118031489;0;0.48074361180314923;0.13742481475506196;0;0.5;-0.12500000000000005;0.49999999999999993;0.87499999999999998;0.26666666666666656
0;1.9;-0.16127038190531973;0.47327778726675113;0;-0.4732777872667514;-0.16127038190531987;0;0.5;-0.12500000000000004;0.49999999999999993;0.87499999999999999;0.26666666666666657
1;1.9;0.16127038190531973;-0.47327778726675113;0;0.4732777872667514;0.16127038190531987;0;0.5;-0.12500000000000004;0.49999999999999993;0.87499999999999999;0.26666666666666657
0;1.95;-0.18471319265621106;0.46462999952515899;0;-0.46462999952515927;-0.18471319265621122;0;0.5;-0.12500000000000005;0.49999999999999989;0.875;0.26666666666666655
1;1.95;0.18471319265621106;-0.46462999952515899;0;0.46462999952515927;0.18471319265621122;0;0.5;-0.12500000000000005;0.49999999999999989;0.875;0.26666666666666655
0;2;-0.20769470096885684;0.45482184554994376;0;-0.45482184554994404;-0.20769470096885703;0;0.5;-0.12500000000000007;0.49999999999999985;0.87500000000000002;0.26666666666666654
1;2;0.20769470096885684;-0.45482184554994376;0;0.45482184554994404;0.20769470096885703;0;0.5;-0.12500000000000007;0.49999999999999985;0.87500000000000002;0.26666666666666654
0;2.05;-0.23015751286036537;0.44387782020949246;0;-0.44387782020949273;-0.23015751286036557;0;0.5;-0.12500000000000006;0.49999999999999986;0.87500000000000001;0.26666666666666654
1;2.05;0.23015751286036537;-0.44387782020949246;0;0.44387782020949273;0.23015751286036557;0;0.5;-0.12500000000000006;0.49999999999999986;0.87500000000000001;0.26666666666666654
0;2.1;-0.25204552973947525;0.43182525509556186;0;-0.43182525509556213;-0.25204552973947547;0;0.5;-0.12500000000000006;0.4999999999999999;0.87499999999999999;0.26666666666666655
1;2.1;0.25204552973947525;-0.43182525509556186;0;0.43182525509556213;0.25204552973947547;0;0.5;-0.12500000000000006;0.4999999999999999;0.87499999999999999;0.26666666666666655
0;2.15;-0.27330408850708948;0.41869425026540402;0;-0.4186942502654043;-0.2733040885070897;0;0.5;-0.12500000000000006;0.49999999999999991;0.87499999999999999;0.26666666666666655
1;2.15;0.27330408850708948;-0.41869425026540402;0;0.4186942502654043;0.2733040885070897;0;0.5;-0.12500000000000006;0.49999999999999991;0.87499999999999999;0.26666666666666655
0;2.2;-0.29388009807181353;0.40451759906993051;0;-0.40451759906993079;-0.29388009807181376;0;0.5;-0.12500000000000005;0.49999999999999993;0.87499999999999998;0.26666666666666656
1;2.2;0.29388009807181353;-0.40451759906993051;0;0.40451759906993079;0.29388009807181376;0;0.5;-0.12500000000000005;0.49999999999999993;0.87499999999999998;0.26666666666666656
0;2.25;-0.31372217193956392;0.38933070625564903;0;-0.38933070625564931;-0.31372217193956414;0;0.5;-0.12500000000000006;0.49999999999999991;0.87499999999999999;0.26666666666666655
1;2.25;0.31372217193956392;-0.38933070625564903;0;0.38933070625564931;0.31372217193956414;0;0.5;-0.12500000000000006;0.49999999999999991;0.87499999999999999;0.26666666666666655
0;2.3;-0.33278075654611811;0.37317149954490503;0;-0.37317149954490531;-0.33278075654611833;0;0.5;-0.12500000000000005;0.49999999999999992;0.87499999999999999;0.26666666666666655
1;2.3;0.33278075654611811;-0.37317149954490503;0;0.37317149954490531;0.33278075654611833;0;0.5;-0.12500000000000005;0.49999999999999992;0.87499999999999999;0.26666666666666655
0;2.35;-0.35100825501210819;0.35608033491524721;0;-0.35608033491524749;-0.35100825501210842;0;0.5;-0.12500000000000005;0.49999999999999995;0.87499999999999997;0.26666666666666656
1;2.35;0.35100825501210819;-0.35608033491524721;0;0.35608033491524749;0.35100825501210842;0;0.5;-0.12500000000000005;0.49999999999999995;0.87499999999999997;0.26666666666666656
0;2.4;-0.36835914601139302;0.33809989581447231;0;-0.33809989581447258;-0.36835914601139325;0;0.5;-0.12500000000000005;0.49999999999999994;0.87499999999999998;0.26666666666666656
1;2.4;0.36835914601139302;-0.33809989581447231;0;0.33809989581447258;0.36835914601139325;0;0.5;-0.12500000000000005;0.49999999999999994;0.87499999999999998;0.26666666666666656
0;2.45;-0.38479009745594678;0.31927508656304954;0;-0.31927508656304976;-0.38479009745594706;0;0.5;-0.12500000000000005;0.49999999999999994;0.87499999999999998;0.26666666666666656
1;2.45;0.38479009745594678;-0.31927508656304954;0;0.31927508656304976;0.38479009745594706;0;0.5;-0.12500000000000005;0.49999999999999994;0.87499999999999998;0.26666666666666656
0;2.5;-0.4002600747133479;0.29965292021014067;0;-0.29965292021014089;-0.40026007471334818;0;0.5;-0.12500000000000006;0.49999999999999991;0.87499999999999999;0.26666666666666655
1;2.5;0.4002600747133479;-0.29965292021014067;0;0.29965292021014089;0.40026007471334818;0;0.5;-0.12500000000000006;0.49999999999999991;0.87499999999999999;0.26666666666666655
0;2.55;-0.41473044308660578;0.2792824011232849;0;-0.27928240112328512;-0.41473044308660606;0;0.5;-0.12500000000000006;0.49999999999999988;0.875;0.26666666666666654
1;2.55;0.41473044308660578;-0.2792824011232849;0;0.27928240112328512;0.41473044308660606;0;0.5;-0.12500000000000006;0.49999999999999988;0.875;0.26666666666666654
0;2.6;-0.42816506430039258;0.25821440260496792;0;-0.25821440260496814;-0.42816506430039286;0;0.5;-0.12500000000000006;0.49999999999999991;0.87499999999999999;0.26666666666666655
1;2.6;0.42816506430039258;-0.25821440260496792;0;0.25821440260496814;0.42816506430039286;0;0.5;-0.12500000000000006;0.49999999999999991;0.87499999999999999;0.26666666666666655
0;2.65;-0.44053038675271544;0.23650153984171587;0;-0.2365015398417161;-0.44053038675271572;0;0.5;-0.12500000000000006;0.49999999999999988;0.875;0.26666666666666654
1;2.65;0.44053038675271544;-0.23650153984171587;0;0.2365015398417161;0.44053038675271572;0;0.5;-0.12500000000000006;0.49999999999999988;0.875;0.26666666666666654
0;2.7;-0.45179552930663491;0.214198038503011;0;-0.2141980385030112;-0.45179552930663519;0;0.5;-0.12500000000000005;0.49999999999999991;0.87499999999999999;0.26666666666666656
1;2.7;0.45179552930663491;-0.214198038503011;0;0.2141980385030112;0.45179552930663519;0;0.5;-0.12500000000000005;0.49999999999999991;0.87499999999999999;0.26666666666666656
0;2.75;-0.46193235841276781;0.19135959931818941;0;-0.1913595993181896;-0.46193235841276808;0;0.5;-0.12500000000000006;0.49999999999999988;0.875;0.26666666666666655
1;2.75;0.46193235841276781;-0.19135959931818941;0;0.1913595993181896;0.46193235841276808;0;0.5;-0.12500000000000006;0.49999999999999988;0.875;0.26666666666666655
0;2.8;-0.47091555836996962;0.16804325896952693;0;-0.1680432589695271;-0.4709155583699699;0;0.5;-0.12500000000000006;0.49999999999999984;0.87500000000000002;0.26666666666666654
1;2.8;0.47091555836996962;-0.16804325896952693;0;0.1680432589695271;0.4709155583699699;0;0.5;-0.12500000000000006;0.49999999999999984;0.87500000000000002;0.26666666666666654
0;2.85;-0.47872269454872685;0.14430724764891797;0;-0.14430724764891811;-0.47872269454872712;0;0.5;-0.12500000000000006;0.49999999999999984;0.87500000000000002;0.26666666666666654
1;2.85;0.47872269454872685;-0.14430724764891797;0;0.14430724764891811;0.47872269454872712;0;0.5;-0.12500000000000006;0.49999999999999984;0.87500000000000002;0.26666666666666654
0;2.9;-0.48533426941936553;0.12021084363388546;0;-0.12021084363388557;-0.48533426941936586;0;0.5;-0.12500000000000007;0.49999999999999984;0.87500000000000002;0.26666666666666653
1;2.9;0.48533426941936553;-0.12021084363388546;0;0.12021084363388557;0.48533426941936586;0;0.5;-0.12500000000000007;0.49999999999999984;0.87500000000000002;0.26666666666666653
0;2.95;-0.49073377124515155;0.095814225246103293;0;-0.095814225246103391;-0.49073377124515188;0;0.5;-0.12500000000000007;0.49999999999999984;0.87500000000000002;0.26666666666666653
1;2.95;0.49073377124515155;-0.095814225246103293;0;0.095814225246103391;0.49073377124515188;0;0.5;-0.12500000000000007;0.49999999999999984;0.87500000000000002;0.26666666666666653
0;3;-0.49490771531867589;0.07117832056215008;0;-0.071178320562150149;-0.49490771531867622;0;0.5;-0.12500000000000008;0.49999999999999981;0.87500000000000003;0.26666666666666652
1;3;0.49490771531867589;-0.07117832056215008;0;0.071178320562150149;0.49490771531867622;0;0.5;-0.12500000000000008;0.49999999999999981;0.87500000000000003;0.26666666666666652
0;3.05;-0.49784567763854198;0.046364655251825933;0;-0.046364655251825981;-0.49784567763854232;0;0.5;-0.12500000000000008;0.4999999999999998;0.87500000000000003;0.26666666666666652
1;3.05;0.49784567763854198;-0.046364655251825933;0;0.046364655251825981;0.49784567763854232;0;0.5;-0.12500000000000008;0.4999999999999998;0.87500000000000003;0.26666666666666652
0;3.1;-0.49954032094225037;0.021435198924041061;0;-0.021435198924041086;-0.4995403209422507;0;0.5;-0.12500000000000014;0.49999999999999977;0.87500000000000005;0.26666666666666651
1;3.1;0.49954032094225037;-0.021435198924041061;0;0.021435198924041086;0.4995403209422507;0;0.5;-0.12500000000000014;0.49999999999999977;0.87500000000000005;0.26666666666666651
0;3.15;-0.49998741303026667;-0.0035477896359885422;0;0.0035477896359885422;-0.499987413030267;0;0.5;-0.12500000000000015;0.49999999999999974;0.87500000000000006;0.2666666666666665
1;3.15;0.49998741303026667;0.0035477896359885422;0;-0.0035477896359885422;0.499987413030267;0;0.5;-0.12500000000000015;0.49999999999999974;0.87500000000000006;0.2666666666666665
0;3.2;-0.49918583733551003;-0.028521917951733863;0;0.028521917951733887;-0.49918583733551036;0;0.5;-0.12500000000000014;0.49999999999999977;0.87500000000000004;0.26666666666666651
1;3.2;0.49918583733551003;0.028521917951733863;0;-0.028521917951733887;0.49918583733551036;0;0.5;-0.12500000000000014;0.49999999999999977;0.87500000000000004;0.26666666666666651
0;3.25;-0.49713759571186594;-0.053424815674226092;0;0.053424815674226141;-0.49713759571186628;0;0.5;-0.12500000000000015;0.49999999999999975;0.87500000000000005;0.2666666666666665
1;3.25;0.49713759571186594;0.053424815674226092;0;-0.053424815674226141;0.49713759571186628;0;0.5;-0.12500000000000015;0.49999999999999975;0.87500000000000005;0.2666666666666665
0;3.3;-0.49384780343475965;-0.078194290345668535;0;0.078194290345668604;-0.49384780343475998;0;0.5;-0.12500000000000014;0.49999999999999977;0.87500000000000004;0.26666666666666651
1;3.3;0.49384780343475965;0.078194290345668535;0;-0.078194290345668604;0.49384780343475998;0;0.5;-0.12500000000000014;0.49999999999999977;0.87500000000000004;0.26666666666666651
0;3.35;-0.48932467642627514;-0.10276848271878336;0;0.10276848271878344;-0.48932467642627542;0;0.5;-0.12500000000000013;0.49999999999999977;0.87500000000000005;0.26666666666666652
1;3.35;0.48932467642627514;0.10276848271878336;0;-0.10276848271878344;0.48932467642627542;0;0.5;-0.12500000000000013;0.49999999999999977;0.87500000000000005;0.26666666666666652
0;3.4;-0.48357951073672423;-0.12708602124399893;0;0.12708602124399904;-0.4835795107367245;0;0.5;-0.12500000000000014;0.49999999999999975;0.87500000000000006;0.26666666666666651
1;3.4;0.48357951073672423;0.12708602124399893;0;-0.12708602124399904;0.4835795107367245;0;0.5;-0.12500000000000014;0.49999999999999975;0.87500000000000006;0.26666666666666651
0;3.45;-0.47662665433390827;-0.1510861753386617;0;0.15108617533866184;-0.47662665433390855;0;0.5;-0.12500000000000015;0.49999999999999972;0.87500000000000007;0.2666666666666665
1;3.45;0.47662665433390827;0.1510861753386617;0;-0.15108617533866184;0.47662665433390855;0;0.5;-0.12500000000000015;0.49999999999999972;0.87500000000000007;0.2666666666666665
0;3.5;-0.46848347127052581;-0.17470900705549822;0;0.17470900705549838;-0.46848347127052609;0;0.5;-0.12500000000000015;0.49999999999999973;0.87500000000000006;0.2666666666666665
1;3.5;0.46848347127052581;0.17470900705549822;0;-0.17470900705549838;0.46848347127052609;0;0.5;-0.12500000000000015;0.49999999999999973;0.87500000000000006;0.2666666666666665
0;3.55;-0.45917029831921441;-0.1978955207715509;0;0.19789552077155109;-0.45917029831921469;0;0.5;-0.12500000000000016;0.49999999999999971;0.87500000000000007;0.26666666666666649
1;3.55;0.45917029831921441;0.1978955207715509;0;-0.19789552077155109;0.45917029831921469;0;0.5;-0.12500000000000016;0.49999999999999971;0.87500000000000007;0.26666666666666649
0;3.6;-0.44871039418352671;-0.2205878105237544;0;0.22058781052375462;-0.44871039418352698;0;0.5;-0.12500000000000016;0.49999999999999972;0.87500000000000006;0.26666666666666649
1;3.6;0.44871039418352671;0.2205878105237544;0;-0.22058781052375462;0.44871039418352698;0;0.5;-0.12500000000000016;0.49999999999999972;0.87500000000000006;0.26666666666666649
0;3.65;-0.43712988141168035;-0.24272920462319719;0;0.24272920462319744;-0.43712988141168063;0;0.5;-0.12500000000000017;0.49999999999999969;0.87500000000000007;0.26666666666666648
1;3.65;0.43712988141168035;0.24272920462319719;0;-0.24272920462319744;0.43712988141168063;0;0.5;-0.12500000000000017;0.49999999999999969;0.87500000000000007;0.26666666666666648
0;3.7;-0.42445768115814719;-0.2642644071869088;0;0.26426440718690908;-0.42445768115814742;0;0.5;-0.12500000000000016;0.49999999999999969;0.87500000000000007;0.26666666666666648
1;3.7;0.42445768115814719;0.2642644071869088;0;-0.26426440718690908;0.42445768115814742;0;0.5;-0.12500000000000016;0.49999999999999969;0.87500000000000007;0.26666666666666648
0;3.75;-0.4107254409560071;-0.28513963623371125;0;0.28513963623371158;-0.41072544095600733;0;0.5;-0.12500000000000017;0.49999999999999968;0.87500000000000007;0.26666666666666647
1;3.75;0.4107254409560071;0.28513963623371125;0;-0.28513963623371158;0.41072544095600733;0;0.5;-0.12500000000000017;0.49999999999999968;0.87500000000000007;0.26666666666666647
0;3.8;-0.39596745568044867;-0.30530275799925483;0;0.30530275799925521;-0.39596745568044889;0;0.5;-0.12500000000000018;0.49999999999999968;0.87500000000000007;0.26666666666666646
1;3.8;0.39596745568044867;0.30530275799925483;0;-0.30530275799925521;0.39596745568044889;0;0.5;-0.12500000000000018;0.49999999999999968;0.87500000000000007;0.26666666666666646
0;3.85;-0.38022058190080138;-0.3247034171347995;0;0.32470341713479994;-0.3802205819008016;0;0.5;-0.12500000000000014;0.49999999999999969;0.87500000000000006;0.26666666666666645
1;3.85;0.38022058190080138;0.3247034171347995;0;-0.32470341713479994;0.3802205819008016;0;0.5;-0.12500000000000014;0.49999999999999969;0.87500000000000006;0.26666666666666645
0;3.9;-0.36352414583499715;-0.34329316246458408;0;0.34329316246458458;-0.36352414583499737;0;0.5;-0.12500000000000015;0.49999999999999969;0.87500000000000005;0.26666666666666644
1;3.9;0.36352414583499715;0.34329316246458408;0;-0.34329316246458458;0.36352414583499737;0;0.5;-0.12500000000000015;0.49999999999999969;0.87500000000000005;0.26666666666666644
0;3.95;-0.34591984513633517;-0.36102556798771673;0;0.36102556798771729;-0.34591984513633534;0;0.5;-0.12500000000000015;0.49999999999999968;0.87500000000000005;0.26666666666666644
1;3.95;0.34591984513633517;0.36102556798771673;0;-0.36102556798771729;0.34591984513633534;0;0.5;-0.12500000000000015;0.49999999999999968;0.87500000000000005;0.26666666666666644
0;4;-0.32745164475782784;-0.37785634882239694;0;0.37785634882239749;-0.32745164475782795;0;0.5;-0.12500000000000015;0.49999999999999968;0.87500000000000006;0.26666666666666644
1;4;0.32745164475782784;0.37785634882239694;0;-0.37785634882239749;0.32745164475782795;0;0.5;-0.12500000000000015;0.49999999999999968;0.87500000000000006;0.26666666666666644
0;4.05;-0.30816566715419591;-0.39374347180290992;0;0.39374347180291053;-0.30816566715419597;0;0.5;-0.12500000000000016;0.49999999999999967;0.87500000000000006;0.26666666666666643
1;4.05;0.30816566715419591;0.39374347180290992;0;-0.39374347180291053;0.30816566715419597;0;0.5;-0.12500000000000016;0.49999999999999967;0.87500000000000006;0.26666666666666643
0;4.1;-0.28811007709572223;-0.40864726045318905;0;0.40864726045318972;-0.28811007709572228;0;0.5;-0.12500000000000018;0.49999999999999965;0.87500000000000006;0.26666666666666641
1;4.1;0.28811007709572223;0.40864726045318905;0;-0.40864726045318972;0.28811007709572228;0;0.5;-0.12500000000000018;0.49999999999999965;0.87500000000000006;0.26666666666666641
0;4.15;-0.26733496138162993;-0.42253049407478505;0;0.42253049407478571;-0.26733496138162999;0;0.5;-0.12500000000000018;0.49999999999999965;0.87500000000000006;0.26666666666666641
1;4.15;0.26733496138162993;0.42253049407478505;0;-0.42253049407478571;0.26733496138162999;0;0.5;-0.12500000000000018;0.49999999999999965;0.87500000000000006;0.26666666666666641
0;4.2;-0.24589220375338833;-0.43535850070177989;0;0.43535850070178056;-0.24589220375338836;0;0.5;-0.12500000000000018;0.49999999999999964;0.87500000000000006;0.2666666666666664
1;4.2;0.24589220375338833;0.43535850070177989;0;-0.43535850070178056;0.24589220375338836;0;0.5;-0.12500000000000018;0.49999999999999964;0.87500000000000006;0.2666666666666664
0;4.25;-0.22383535532033816;-0.44709924369050041;0;0.44709924369050108;-0.22383535532033816;0;0.5;-0.12500000000000019;0.49999999999999962;0.87500000000000007;0.2666666666666664
1;4.25;0.22383535532033816;0.44709924369050041;0;-0.44709924369050108;0.22383535532033816;0;0.5;-0.12500000000000019;0.49999999999999962;0.87500000000000007;0.2666666666666664
0;4.3;-0.20121950082123505;-0.45772340172778198;0;0.4577234017277827;-0.20121950082123502;0;0.5;-0.1250000000000002;0.49999999999999964;0.87500000000000005;0.26666666666666639
1;4.3;0.20121950082123505;0.45772340172778198;0;-0.4577234017277827;0.20121950082123502;0;0.5;-0.1250000000000002;0.49999999999999964;0.87500000000000005;0.26666666666666639
0;4.35;-0.17810112105570902;-0.46720444205797013;0;0.46720444205797085;-0.17810112105570897;0;0.5;-0.1250000000000002;0.49999999999999962;0.87500000000000006;0.26666666666666638
1;4.35;0.17810112105570902;0.46720444205797013;0;-0.46720444205797085;0.17810112105570897;0;0.5;-0.1250000000000002;0.49999999999999962;0.87500000000000006;0.26666666666666638
0;4.4;-0.15453795182920402;-0.47551868674578301;0;0.47551868674578374;-0.15453795182920393;0;0.5;-0.1250000000000002;0.49999999999999965;0.87500000000000005;0.26666666666666639
1;4.4;0.15453795182920402;0.47551868674578301;0;-0.47551868674578374;0.15453795182920393;0;0.5;-0.1250000000000002;0.49999999999999965;0.87500000000000005;0.26666666666666639
0;4.45;-0.13058883976366764;-0.48264537180954986;0;0.48264537180955058;-0.13058883976366753;0;0.5;-0.1250000000000002;0.49999999999999965;0.87500000000000005;0.26666666666666639
1;4.45;0.13058883976366764;0.48264537180954986;0;-0.48264537180955058;0.13058883976366753;0;0.5;-0.1250000000000002;0.49999999999999965;0.87500000000000005;0.26666666666666639
0;4.5;-0.1063135953340897;-0.48856669907714639;0;0.48856669907714712;-0.10631359533408954;0;0.5;-0.12500000000000014;0.49999999999999967;0.87500000000000004;0.26666666666666639
1;4.5;0.1063135953340897;0.48856669907714639;0;-0.48856669907714712;0.10631359533408954;0;0.5;-0.12500000000000014;0.49999999999999967;0.87500000000000004;0.26666666666666639
0;4.55;-0.081772843497915484;-0.49326788063512195;0;0.49326788063512267;-0.081772843497915304;0;0.5;-0.12500000000000014;0.49999999999999967;0.87500000000000004;0.26666666666666639
1;4.55;0.081772843497915484;0.49326788063512195;0;-0.49326788063512267;0.081772843497915304;0;0.5;-0.12500000000000014;0.49999999999999967;0.87500000000000004;0.26666666666666639
0;4.6;-0.057027872290372018;-0.49673717576001142;0;0.4967371757600122;-0.057027872290371796;0;0.5;-0.12500000000000016;0.49999999999999966;0.87500000000000003;0.26666666666666637
1;4.6;0.057027872290372018;0.49673717576001142;0;-0.4967371757600122;0.057027872290371796;0;0.5;-0.12500000000000016;0.49999999999999966;0.87500000000000003;0.26666666666666637
0;4.65;-0.032140479763824732;-0.49896592023959974;0;0.49896592023960051;-0.032140479763824469;0;0.5;-0.12500000000000017;0.49999999999999962;0.87500000000000005;0.26666666666666636
1;4.65;0.032140479763824732;0.49896592023959974;0;-0.49896592023960051;0.032140479763824469;0;0.5;-0.12500000000000017;0.49999999999999962;0.87500000000000005;0.26666666666666636
0;4.7;-0.0071728196534182401;-0.49994854801091176;0;0.49994854801091254;-0.0071728196534179287;0;0.5;-0.12500000000000018;0.49999999999999959;0.87500000000000006;0.26666666666666634
1;4.7;0.0071728196534182401;0.49994854801091176;0;-0.49994854801091254;0.0071728196534179287;0;0.5;-0.12500000000000018;0.49999999999999959;0.87500000000000006;0.26666666666666634
0;4.75;0.017812753845564539;-0.49968260506088935;0;0.49968260506089013;0.017812753845564903;0;0.5;-0.12500000000000019;0.49999999999999959;0.87500000000000006;0.26666666666666634
1;4.75;-0.017812753845564539;0.49968260506088935;0;-0.49968260506089013;-0.017812753845564903;0;0.5;-0.12500000000000019;0.49999999999999959;0.87500000000000006;0.26666666666666634
0;4.8;0.042753841800972095;-0.49816875555503964;0;0.49816875555504042;0.042753841800972511;0;0.5;-0.12500000000000019;0.49999999999999959;0.87500000000000005;0.26666666666666633
1;4.8;-0.042753841800972095;0.49816875555503964;0;-0.49816875555504042;-0.042753841800972511;0;0.5;-0.12500000000000019;0.49999999999999959;0.87500000000000005;0.26666666666666633
0;4.85;0.06758815637877981;-0.49541078017874923;0;0.49541078017875001;0.067588156378780281;0;0.5;-0.1250000000000002;0.49999999999999961;0.87500000000000004;0.26666666666666633
1;4.85;-0.06758815637877981;0.49541078017874923;0;-0.49541078017875001;-0.067588156378780281;0;0.5;-0.1250000000000002;0.49999999999999961;0.87500000000000004;0.26666666666666633
0;4.9;0.092253676400629189;-0.49141556669540637;0;0.49141556669540715;0.092253676400629717;0;0.5;-0.12500000000000019;0.49999999999999965;0.87500000000000002;0.26666666666666634
1;4.9;-0.092253676400629189;0.49141556669540637;0;-0.49141556669540715;-0.092253676400629717;0;0.5;-0.12500000000000019;0.49999999999999965;0.87500000000000002;0.26666666666666634
0;4.95;0.11668880223542159;-0.4861930927449114;0;0.48619309274491224;0.11668880223542218;0;0.5;-0.12500000000000016;0.49999999999999965;0.87500000000000001;0.26666666666666632
1;4.95;-0.11668880223542159;0.4861930927449114;0;-0.48619309274491224;-0.11668880223542218;0;0.5;-0.12500000000000016;0.49999999999999965;0.87500000000000001;0.26666666666666632
0;5;0.14083250963814056;-0.47975640092553468;0;0.47975640092553551;0.1408325096381412;0;0.5;-0.12500000000000017;0.49999999999999963;0.87500000000000002;0.2666666666666663
1;5;-0.14083250963814056;0.47975640092553468;0;-0.47975640092553551;-0.1408325096381412;0;0.5;-0.12500000000000017;0.49999999999999963;0.87500000000000002;0.2666666666666663
0;5.05;0.16462450215170576;-0.47212156622135187;0;0.47212156622135271;0.16462450215170646;0;0.5;-0.12500000000000017;0.49999999999999965;0.875;0.2666666666666663
1;5.05;-0.16462450215170576;0.47212156622135187;0;-0.47212156622135271;-0.16462450215170646;0;0.5;-0.12500000000000017;0.49999999999999965;0.875;0.2666666666666663
0;5.1;0.18800536169125062;-0.46330765585660394;0;0.46330765585660477;0.18800536169125137;0;0.5;-0.12500000000000017;0.49999999999999969;0.87499999999999999;0.2666666666666663
1;5.1;-0.18800536169125062;0.46330765585660394;0;-0.46330765585660477;-0.18800536169125137;0;0.5;-0.12500000000000017;0.49999999999999969;0.87499999999999999;0.2666666666666663
0;5.15;0.2109166969347544;-0.45333668167724112;0;0.45333668167724195;0.2109166969347552;0;0.5;-0.1250000000000002;0.49999999999999965;0.875;0.26666666666666628
1;5.15;-0.2109166969347544;0.45333668167724112;0;-0.45333668167724195;-0.2109166969347552;0;0.5;-0.1250000000000002;0.49999999999999965;0.875;0.26666666666666628
0;5.2;0.2333012891494384;-0.44223354517857349;0;0.44223354517857433;0.23330128914943926;0;0.5;-0.12500000000000014;0.49999999999999968;0.87499999999999998;0.26666666666666628
1;5.2;-0.2333012891494384;0.44223354517857349;0;-0.44223354517857433;-0.23330128914943926;0;0.5;-0.12500000000000014;0.49999999999999968;0.87499999999999998;0.26666666666666628
0;5.25;0.25510323508973975;-0.43002597531631531;0;0.43002597531631614;0.2551032350897407;0;0.5;-0.12500000000000015;0.49999999999999971;0.87499999999999996;0.26666666666666627
1;5.25;-0.25510323508973975;0.43002597531631531;0;-0.43002597531631614;-0.2551032350897407;0;0.5;-0.12500000000000015;0.49999999999999971;0.87499999999999996;0.26666666666666627
0;5.3;0.27626808660998931;-0.41674445925633452;0;0.41674445925633535;0.2762680866099903;0;0.5;-0.12500000000000017;0.49999999999999968;0.87499999999999997;0.26666666666666625
1;5.3;-0.27626808660998931;0.41674445925633452;0;-0.41674445925633535;-0.2762680866099903;0;0.5;-0.12500000000000017;0.49999999999999968;0.87499999999999997;0.26666666666666625
0;5.35;0.29674298664312543;-0.40242216623605248;0;0.40242216623605331;0.29674298664312648;0;0.5;-0.12500000000000019;0.49999999999999964;0.87499999999999997;0.26666666666666623
1;5.35;-0.29674298664312543;0.40242216623605248;0;-0.40242216623605331;-0.29674298664312648;0;0.5;-0.12500000000000019;0.49999999999999964;0.87499999999999997;0.26666666666666623
0;5.4;0.31647680120585059;-0.38709486472764226;0;0.3870948647276431;0.3164768012058517;0;0.5;-0.12500000000000021;0.49999999999999962;0.87499999999999998;0.26666666666666621
1;5.4;-0.31647680120585059;0.38709486472764226;0;-0.3870948647276431;-0.3164768012058517;0;0.5;-0.12500000000000021;0.49999999999999962;0.87499999999999998;0.26666666666666621
0;5.45;0.33542024710056118;-0.37080083310990225;0;0.37080083310990308;0.33542024710056234;0;0.5;-0.12500000000000023;0.4999999999999996;0.87499999999999998;0.26666666666666619
1;5.45;-0.33542024710056118;0.37080083310990225;0;-0.37080083310990308;-0.33542024710056234;0;0.5;-0.12500000000000023;0.4999999999999996;0.87499999999999998;0.26666666666666619
0;5.5;0.35352601499512804;-0.35358076407189287;0;0.35358076407189365;0.35352601499512926;0;0.5;-0.12500000000000025;0.49999999999999954;0.875;0.26666666666666617
1;5.5;-0.35352601499512804;0.35358076407189287;0;-0.35358076407189365;-0.35352601499512926;0;0.5;-0.12500000000000025;0.49999999999999954;0.875;0.26666666666666617
0;5.55;0.37074888757314861;-0.33547766298707854;0;0.33547766298707932;0.37074888757314989;0;0.5;-0.1250000000000002;0.49999999999999954;0.87499999999999999;0.26666666666666615
1;5.55;-0.37074888757314861;0.33547766298707854;0;-0.33547766298707932;-0.37074888757314989;0;0.5;-0.1250000000000002;0.49999999999999954;0.87499999999999999;0.26666666666666615
0;5.6;0.38704585245960199;-0.31653674051177538;0;0.3165367405117761;0.38704585245960332;0;0.5;-0.12500000000000021;0.49999999999999952;0.87499999999999999;0.26666666666666614
1;5.6;-0.38704585245960199;0.31653674051177538;0;-0.3165367405117761;-0.38704585245960332;0;0.5;-0.12500000000000021;0.49999999999999952;0.87499999999999999;0.26666666666666614
0;5.65;0.40237620963988707;-0.29680529967612884;0;0.29680529967612951;0.40237620963988846;0;0.5;-0.12500000000000022;0.49999999999999951;0.875;0.26666666666666613
1;5.65;-0.40237620963988707;0.29680529967612884;0;-0.29680529967612951;-0.40237620963988846;0;0.5;-0.12500000000000022;0.49999999999999951;0.875;0.26666666666666613
0;5.7;0.41670167310397532;-0.27633261774960022;0;0.27633261774960083;0.41670167310397677;0;0.5;-0.12500000000000023;0.4999999999999995;0.87499999999999999;0.26666666666666612
1;5.7;-0.41670167310397532;0.27633261774960022;0;-0.27633261774960083;-0.41670167310397677;0;0.5;-0.12500000000000023;0.4999999999999995;0.87499999999999999;0.26666666666666612
0;5.75;0.42998646646183225;-0.25516982317599113;0;0.25516982317599168;0.42998646646183375;0;0.5;-0.12500000000000024;0.49999999999999951;0.87499999999999999;0.26666666666666612
1;5.75;-0.42998646646183225;0.25516982317599113;0;-0.25516982317599168;-0.42998646646183375;0;0.5;-0.12500000000000024;0.49999999999999951;0.87499999999999999;0.26666666666666612
0;5.8;0.44219741229131793;-0.23336976788534786;0;0.23336976788534833;0.44219741229131948;0;0.5;-0.12500000000000025;0.49999999999999949;0.87499999999999999;0.26666666666666611
1;5.8;-0.44219741229131793;0.23336976788534786;0;-0.23336976788534833;-0.44219741229131948;0;0.5;-0.12500000000000025;0.49999999999999949;0.87499999999999999;0.26666666666666611
0;5.85;0.45330401499542916;-0.21098689530163403;0;0.21098689530163445;0.45330401499543072;0;0.5;-0.12500000000000025;0.49999999999999948;0.875;0.2666666666666661
1;5.85;-0.45330401499542916;0.21098689530163403;0;-0.21098689530163445;-0.45330401499543072;0;0.5;-0.12500000000000025;0.49999999999999948;0.875;0.2666666666666661
0;5.9;0.46327853696195553;-0.18807710437580888;0;0.18807710437580924;0.46327853696195714;0;0.5;-0.12500000000000027;0.49999999999999944;0.87500000000000001;0.26666666666666608
1;5.9;-0.46327853696195553;0.18807710437580888;0;-0.18807710437580924;-0.46327853696195714;0;0.5;-0.12500000000000027;0.49999999999999944;0.87500000000000001;0.26666666666666608
0;5.95;0.47209606783534902;-0.1646976099838745;0;0.16469760998387478;0.47209606783535069;0;0.5;-0.12500000000000027;0.49999999999999947;0.87499999999999999;0.26666666666666608
1;5.95;-0.47209606783534902;0.1646976099838745;0;-0.16469760998387478;-0.47209606783535069;0;0.5;-0.12500000000000027;0.49999999999999947;0.87499999999999999;0.26666666666666608
0;6;0.47973458672780667;-0.14090680003853415;0;0.14090680003853434;0.47973458672780833;0;0.5;-0.12500000000000027;0.49999999999999946;0.875;0.26666666666666608
1;6;-0.47973458672780667;0.14090680003853415;0;-0.14090680003853434;-0.47973458672780833;0;0.5;-0.12500000000000027;0.49999999999999946;0.875;0.26666666666666608
0;6.05;0.48617501721420148;-0.11676408967131037;0;0.11676408967131048;0.48617501721420314;0;0.5;-0.12500000000000027;0.49999999999999947;0.87499999999999999;0.26666666666666609
1;6.05;-0.48617501721420148;0.11676408967131037;0;-0.11676408967131048;-0.48617501721420314;0;0.5;-0.12500000000000027;0.49999999999999947;0.87499999999999999;0.26666666666666609
0;6.1;0.4914012749735166;-0.092329772849288588;0;0.092329772849288616;0.49140127497351832;0;0.5;-0.12500000000000027;0.4999999999999995;0.87499999999999998;0.26666666666666608
1;6.1;-0.4914012749735166;0.092329772849288588;0;-0.092329772849288616;-0.49140127497351832;0;0.5;-0.12500000000000027;0.4999999999999995;0.87499999999999998;0.26666666666666608
0;6.15;0.49540030795780354;-0.067664871797058046;0;0.06766487179705799;0.49540030795780526;0;0.5;-0.12500000000000028;0.49999999999999948;0.87499999999999998;0.26666666666666608
1;6.15;-0.49540030795780354;0.067664871797058046;0;-0.06766487179705799;-0.49540030795780526;0;0.5;-0.12500000000000028;0.49999999999999948;0.87499999999999998;0.26666666666666608
0;6.2;0.49816212898834622;-0.042830984599903622;0;0.04283098459990349;0.49816212898834794;0;0.5;-0.12500000000000028;0.49999999999999946;0.87499999999999999;0.26666666666666607
1;6.2;-0.49816212898834622;0.042830984599903622;0;-0.04283098459990349;-0.49816212898834794;0;0.5;-0.12500000000000028;0.49999999999999946;0.87499999999999999;0.26666666666666607
0;6.25;0.49967984069762544;-0.017890131368844049;0;0.017890131368843834;0.49967984069762722;0;0.5;-0.1250000000000003;0.49999999999999944;0.87499999999999999;0.26666666666666605
1;6.25;-0.49967984069762544;0.017890131368844049;0;-0.017890131368843834;-0.49967984069762722;0;0.5;-0.1250000000000003;0.49999999999999944;0.87499999999999999;0.26666666666666605
0;6.3;0.49994965275479386;0.0070954006482962855;0;-0.00709540064829659;0.49994965275479569;0;0.5;-0.12500000000000027;0.49999999999999944;0.87499999999999998;0.26666666666666603
1;6.3;-0.49994965275479386;-0.0070954006482962855;0;0.00709540064829659;-0.49994965275479569;0;0.5;-0.12500000000000027;0.49999999999999944;0.87499999999999998;0.26666666666666603
0;6.35;0.49897089133164219;0.032063212622962557;0;-0.032063212622962953;0.49897089133164402;0;0.5;-0.12500000000000028;0.49999999999999941;0.87499999999999999;0.26666666666666602
1;6.35;-0.49897089133164219;-0.032063212622962557;0;0.032063212622962953;-0.49897089133164402;0;0.5;-0.12500000000000028;0.49999999999999941;0.87499999999999999;0.26666666666666602
0;6.4;0.49674600078541675;0.056950949980606277;0;-0.056950949980606763;0.49674600078541858;0;0.5;-0.12500000000000028;0.49999999999999943;0.87499999999999998;0.26666666666666602
1;6.4;-0.49674600078541675;-0.056950949980606277;0;0.056950949980606763;-0.49674600078541858;0;0.5;-0.12500000000000028;0.49999999999999943;0.87499999999999998;0.26666666666666602
0;6.45;0.49328053755428553;0.081696458124902199;0;-0.081696458124902768;0.49328053755428736;0;0.5;-0.12500000000000027;0.49999999999999948;0.87499999999999996;0.26666666666666603
1;6.45;-0.49328053755428553;-0.081696458124902199;0;0.081696458124902768;-0.49328053755428736;0;0.5;-0.12500000000000027;0.49999999999999948;0.87499999999999996;0.26666666666666603
0;6.5;0.48858315628069809;0.10623793766253987;0;-0.10623793766254053;0.48858315628069993;0;0.5;-0.12500000000000028;0.49999999999999946;0.87499999999999996;0.26666666666666601
1;6.5;-0.48858315628069809;-0.10623793766253987;0;0.10623793766254053;-0.48858315628069993;0;0.5;-0.12500000000000028;0.49999999999999946;0.87499999999999996;0.26666666666666601
0;6.55;0.48266558819729533;0.13051409874093181;0;-0.13051409874093253;0.48266558819729716;0;0.5;-0.12500000000000023;0.4999999999999995;0.87499999999999994;0.26666666666666602
1;6.55;-0.48266558819729533;-0.13051409874093181;0;0.13051409874093253;-0.48266558819729716;0;0.5;-0.12500000000000023;0.4999999999999995;0.87499999999999994;0.26666666666666602
0;6.6;0.47554261182934709;0.15446431411339537;0;-0.15446431411339617;0.47554261182934893;0;0.5;-0.12500000000000023;0.49999999999999951;0.87499999999999994;0.26666666666666601
1;6.6;-0.47554261182934709;-0.15446431411339537;0;0.15446431411339617;-0.47554261182934893;0;0.5;-0.12500000000000023;0.49999999999999951;0.87499999999999994;0.26666666666666601
0;6.65;0.46723201608688658;0.17802877054954377;0;-0.17802877054954466;0.46723201608688841;0;0.5;-0.12500000000000024;0.49999999999999952;0.87499999999999993;0.26666666666666601
1;6.65;-0.46723201608688658;-0.17802877054954377;0;0.17802877054954466;-0.46723201608688841;0;0.5;-0.12500000000000024;0.49999999999999952;0.87499999999999993;0.26666666666666601
0;6.7;0.45775455583871411;0.20114861821275404;0;-0.20114861821275501;0.45775455583871594;0;0.5;-0.12500000000000025;0.4999999999999995;0.87499999999999993;0.26666666666666599
1;6.7;-0.45775455583871411;-0.20114861821275404;0;0.20114861821275501;-0.45775455583871594;0;0.5;-0.12500000000000025;0.4999999999999995;0.87499999999999993;0.26666666666666599
0;6.75;0.44713390007922033;0.22376611763165688;0;-0.22376611763165793;0.44713390007922216;0;0.5;-0.12500000000000027;0.49999999999999949;0.87499999999999993;0.26666666666666598
1;6.75;-0.44713390007922033;-0.22376611763165688;0;0.22376611763165793;-0.44713390007922216;0;0.5;-0.12500000000000027;0.49999999999999949;0.87499999999999993;0.26666666666666598
0;6.8;0.43539657281747668;0.24582478389860213;0;-0.24582478389860324;0.43539657281747846;0;0.5;-0.12500000000000026;0.49999999999999951;0.87499999999999992;0.26666666666666599
1;6.8;-0.43539657281747668;-0.24582478389860213;0;0.24582478389860324;-0.43539657281747846;0;0.5;-0.12500000000000026;0.49999999999999951;0.87499999999999992;0.26666666666666599
0;6.85;0.42257188683621655;0.26726952773497864;0;-0.26726952773497981;0.42257188683621827;0;0.5;-0.12500000000000025;0.49999999999999952;0.87499999999999992;0.266666666666666
1;6.85;-0.42257188683621655;-0.26726952773497864;0;0.26726952773497981;-0.42257188683621827;0;0.5;-0.12500000000000025;0.49999999999999952;0.87499999999999992;0.266666666666666
0;6.9;0.40869187048613764;0.28804679307109254;0;-0.28804679307109382;0.40869187048613931;0;0.5;-0.12500000000000026;0.49999999999999952;0.87499999999999992;0.26666666666666599
1;6.9;-0.40869187048613764;-0.28804679307109254;0;0.28804679307109382;-0.40869187048613931;0;0.5;-0.12500000000000026;0.49999999999999952;0.87499999999999992;0.26666666666666599
0;6.95;0.39379118769834909;0.30810469079701192;0;-0.30810469079701325;0.3937911876983507;0;0.5;-0.12500000000000025;0.49999999999999953;0.87499999999999992;0.266666666666666
1;6.95;-0.39379118769834909;-0.30810469079701192;0;0.30810469079701325;-0.3937911876983507;0;0.5;-0.12500000000000025;0.49999999999999953;0.87499999999999992;0.266666666666666
0;7;0.37790705141472408;0.32739312835034856;0;-0.32739312835034995;0.37790705141472564;0;0.5;-0.12500000000000025;0.49999999999999952;0.87499999999999992;0.26666666666666599
1;7;-0.37790705141472408;-0.32739312835034856;0;0.32739312835034995;-0.37790705141472564;0;0.5;-0.12500000000000025;0.49999999999999952;0.87499999999999992;0.26666666666666599
0;7.05;0.36107913065235714;0.34586393481734506;0;-0.34586393481734651;0.36107913065235864;0;0.5;-0.12500000000000026;0.49999999999999951;0.87499999999999993;0.26666666666666599
1;7.05;-0.36107913065235714;-0.34586393481734506;0;0.34586393481734651;-0.36107913065235864;0;0.5;-0.12500000000000026;0.49999999999999951;0.87499999999999993;0.26666666666666599
0;7.1;0.34334945143422291;0.36347098123483934;0;-0.36347098123484084;0.34334945143422435;0;0.5;-0.12500000000000025;0.49999999999999954;0.87499999999999991;0.266666666666666
1;7.1;-0.34334945143422291;-0.36347098123483934;0;0.36347098123484084;-0.34334945143422435;0;0.5;-0.12500000000000025;0.49999999999999954;0.87499999999999991;0.266666666666666
0;7.15;0.32476229183345207;0.38017029579266509;0;-0.38017029579266665;0.32476229183345345;0;0.5;-0.12500000000000018;0.49999999999999959;0.87499999999999989;0.26666666666666602
1;7.15;-0.32476229183345207;-0.38017029579266509;0;0.38017029579266665;-0.32476229183345345;0;0.5;-0.12500000000000018;0.49999999999999959;0.87499999999999989;0.26666666666666602
0;7.2;0.30536407139334082;0.39592017364878163;0;-0.39592017364878324;0.30536407139334215;0;0.5;-0.12500000000000018;0.49999999999999958;0.8749999999999999;0.26666666666666601
1;7.2;-0.30536407139334082;-0.39592017364878163;0;0.39592017364878324;-0.30536407139334215;0;0.5;-0.12500000000000018;0.49999999999999958;0.8749999999999999;0.26666666666666601
0;7.25;0.28520323519925628;0.41068128108288116;0;-0.41068128108288282;0.28520323519925755;0;0.5;-0.12500000000000024;0.49999999999999956;0.8749999999999999;0.26666666666666601
1;7.25;-0.28520323519925628;-0.41068128108288116;0;0.41068128108288282;-0.28520323519925755;0;0.5;-0.12500000000000024;0.49999999999999956;0.8749999999999999;0.26666666666666601
0;7.3;0.26433013289195584;0.42441675372836035;0;-0.42441675372836207;0.26433013289195706;0;0.5;-0.12500000000000025;0.49999999999999953;0.87499999999999991;0.26666666666666599
1;7.3;-0.26433013289195584;-0.42441675372836035;0;0.42441675372836207;-0.26433013289195706;0;0.5;-0.12500000000000025;0.49999999999999953;0.87499999999999991;0.26666666666666599
0;7.35;0.24279689292447335;0.43709228863733179;0;-0.43709228863733351;0.24279689292447448;0;0.5;-0.12500000000000024;0.49999999999999954;0.87499999999999991;0.26666666666666601
1;7.35;-0.24279689292447335;-0.43709228863733179;0;0.43709228863733351;-0.24279689292447448;0;0.5;-0.12500000000000024;0.49999999999999954;0.87499999999999991;0.26666666666666601
0;7.4;0.22065729237660198;0.44867622994875217;0;-0.44867622994875395;0.22065729237660303;0;0.5;-0.12500000000000024;0.49999999999999954;0.87499999999999991;0.26666666666666601
1;7.4;-0.22065729237660198;-0.44867622994875217;0;0.44867622994875395;-0.22065729237660303;0;0.5;-0.12500000000000024;0.49999999999999954;0.87499999999999991;0.26666666666666601
0;7.45;0.19796662265209936;0.45913964794572037;0;-0.45913964794572221;0.19796662265210033;0;0.5;-0.12500000000000024;0.49999999999999956;0.87499999999999991;0.26666666666666601
1;7.45;-0.19796662265209936;-0.45913964794572037;0;0.45913964794572221;-0.19796662265210033;0;0.5;-0.12500000000000024;0.49999999999999956;0.87499999999999991;0.26666666666666601
0;7.5;0.17478155139402235;0.46845641130450705;0;-0.46845641130450888;0.17478155139402324;0;0.5;-0.12500000000000023;0.49999999999999954;0.87499999999999992;0.26666666666666601
1;7.5;-0.17478155139402235;-0.46845641130450705;0;0.46845641130450888;-0.17478155139402324;0;0.5;-0.12500000000000023;0.49999999999999954;0.87499999999999992;0.26666666666666601
0;7.55;0.151159980963044;0.4766032523548816;0;-0.47660325235488343;0.15115998096304481;0;0.5;-0.12500000000000022;0.49999999999999955;0.87499999999999992;0.26666666666666603
1;7.55;-0.151159980963044;-0.4766032523548816;0;0.47660325235488343;-0.15115998096304481;0;0.5;-0.12500000000000022;0.49999999999999955;0.87499999999999992;0.26666666666666603
0;7.6;0.12716090383218859;0.4835598251887554;0;-0.48355982518875723;0.12716090383218931;0;0.5;-0.12500000000000021;0.49999999999999954;0.87499999999999993;0.26666666666666603
1;7.6;-0.12716090383218859;-0.4835598251887554;0;0.48355982518875723;-0.12716090383218931;0;0.5;-0.12500000000000021;0.49999999999999954;0.87499999999999993;0.26666666666666603
0;7.65;0.10284425525912182;0.48930875647202082;0;-0.48930875647202271;0.10284425525912244;0;0.5;-0.12500000000000022;0.49999999999999955;0.87499999999999992;0.26666666666666603
1;7.65;-0.10284425525912182;-0.48930875647202082;0;0.48930875647202271;-0.10284425525912244;0;0.5;-0.12500000000000022;0.49999999999999955;0.87499999999999992;0.26666666666666603
0;7.7;0.078270763603932147;0.49383568883268875;0;-0.49383568883269063;0.078270763603932689;0;0.5;-0.1250000000000002;0.49999999999999958;0.87499999999999992;0.26666666666666605
1;7.7;-0.078270763603932147;-0.49383568883268875;0;0.49383568883269063;-0.078270763603932689;0;0.5;-0.1250000000000002;0.49999999999999958;0.87499999999999992;0.26666666666666605
0;7.75;0.053501798666219361;0.49712931671696664;0;-0.49712931671696853;0.053501798666219819;0;0.5;-0.12500000000000021;0.49999999999999952;0.87499999999999994;0.26666666666666604
1;7.75;-0.053501798666219361;-0.49712931671696664;0;0.49712931671696853;-0.053501798666219819;0;0.5;-0.12500000000000021;0.49999999999999952;0.87499999999999994;0.26666666666666604
0;7.8;0.028599218420253064;0.49918141462373122;0;-0.49918141462373311;0.028599218420253435;0;0.5;-0.12500000000000026;0.49999999999999952;0.87499999999999994;0.26666666666666604
1;7.8;-0.028599218420253064;-0.49918141462373122;0;0.49918141462373311;-0.028599218420253435;0;0.5;-0.12500000000000026;0.49999999999999952;0.87499999999999994;0.26666666666666604
0;7.85;0.0036252145309645782;0.49998685764688183;0;-0.49998685764688372;0.0036252145309648653;0;0.5;-0.12500000000000027;0.49999999999999948;0.87499999999999996;0.26666666666666603
1;7.85;-0.0036252145309645782;-0.49998685764688183;0;0.49998685764688372;-0.0036252145309648653;0;0.5;-0.12500000000000027;0.49999999999999948;0.87499999999999996;0.26666666666666603
0;7.9;-0.021357842963419724;0.49954363427427312;0;-0.49954363427427495;-0.021357842963419523;0;0.5;-0.12500000000000025;0.49999999999999949;0.87499999999999996;0.26666666666666605
1;7.9;0.021357842963419724;-0.49954363427427312;0;0.49954363427427495;0.021357842963419523;0;0.5;-0.12500000000000025;0.49999999999999949;0.87499999999999996;0.26666666666666605
0;7.95;-0.046287561414214279;0.49785285141126207;0;-0.4978528514112639;-0.046287561414214161;0;0.5;-0.12500000000000025;0.4999999999999995;0.87499999999999996;0.26666666666666606
1;7.95;0.046287561414214279;-0.49785285141126207;0;0.4978528514112639;0.046287561414214161;0;0.5;-0.12500000000000025;0.4999999999999995;0.87499999999999996;0.26666666666666606
0;8;-0.071101681381577506;0.49491873161632455;0;-0.49491873161632638;-0.071101681381577464;0;0.5;-0.12500000000000024;0.49999999999999951;0.87499999999999996;0.26666666666666606
1;8;0.071101681381577506;-0.49491873161632455;0;0.49491873161632638;0.071101681381577464;0;0.5;-0.12500000000000024;0.49999999999999951;0.87499999999999996;0.26666666666666606
0;8.05;-0.095738232121139411;0.49074860255564429;0;-0.49074860255564606;-0.095738232121139438;0;0.5;-0.12500000000000022;0.49999999999999952;0.87499999999999996;0.26666666666666608
1;8.05;0.095738232121139411;-0.49074860255564429;0;0.49074860255564606;0.095738232121139438;0;0.5;-0.12500000000000022;0.49999999999999952;0.87499999999999996;0.26666666666666608
0;8.1;-0.1201356863496416;0.48535287870301075;0;-0.48535287870301247;-0.1201356863496417;0;0.5;-0.1250000000000002;0.49999999999999955;0.87499999999999996;0.2666666666666661
1;8.1;0.1201356863496416;-0.48535287870301075;0;0.48535287870301247;0.1201356863496417;0;0.5;-0.1250000000000002;0.49999999999999955;0.87499999999999996;0.2666666666666661
0;8.15;-0.14423311390307819;0.47874503533072865;0;-0.47874503533073032;-0.14423311390307836;0;0.5;-0.12500000000000025;0.49999999999999955;0.87499999999999996;0.26666666666666611
1;8.15;0.14423311390307819;-0.47874503533072865;0;0.47874503533073032;0.14423311390307836;0;0.5;-0.12500000000000025;0.49999999999999955;0.87499999999999996;0.26666666666666611
0;8.2;-0.16797033390359206;0.47094157485649402;0;-0.47094157485649563;-0.16797033390359231;0;0.5;-0.12500000000000024;0.49999999999999953;0.87499999999999998;0.26666666666666612
1;8.2;0.16797033390359206;-0.47094157485649402;0;0.47094157485649563;0.16797033390359231;0;0.5;-0.12500000000000024;0.49999999999999953;0.87499999999999998;0.26666666666666612
0;8.25;-0.19128806505510498;0.46196198563028201;0;-0.46196198563028362;-0.19128806505510529;0;0.5;-0.12500000000000024;0.49999999999999953;0.87499999999999998;0.26666666666666612
1;8.25;0.19128806505510498;-0.46196198563028201;0;0.46196198563028362;0.19128806505510529;0;0.5;-0.12500000000000024;0.49999999999999953;0.87499999999999998;0.26666666666666612
0;8.3;-0.21412807369233366;0.4518286932641723;0;-0.45182869326417385;-0.21412807369233403;0;0.5;-0.12500000000000024;0.49999999999999951;0.87499999999999999;0.26666666666666612
1;8.3;0.21412807369233366;-0.4518286932641723;0;0.45182869326417385;0.21412807369233403;0;0.5;-0.12500000000000024;0.49999999999999951;0.87499999999999999;0.26666666666666612
0;8.35;-0.23643331921345431;0.44056700462666037;0;-0.44056700462666187;-0.23643331921345476;0;0.5;-0.12500000000000029;0.49999999999999947;0.87500000000000001;0.26666666666666612
1;8.35;0.23643331921345431;-0.44056700462666037;0;0.44056700462666187;0.23643331921345476;0;0.5;-0.12500000000000029;0.49999999999999947;0.87500000000000001;0.26666666666666612
0;8.4;-0.25814809653321236;0.42820504464132397;0;-0.42820504464132542;-0.25814809653321286;0;0.5;-0.12500000000000029;0.49999999999999946;0.87500000000000002;0.26666666666666612
1;8.4;0.25814809653321236;-0.42820504464132397;0;0.42820504464132542;0.25814809653321286;0;0.5;-0.12500000000000029;0.49999999999999946;0.87500000000000002;0.26666666666666612
0;8.45;-0.27921817520071518;0.41477368604768278;0;-0.41477368604768416;-0.27921817520071573;0;0.5;-0.12500000000000028;0.49999999999999945;0.87500000000000002;0.26666666666666613
1;8.45;0.27921817520071518;-0.41477368604768278;0;0.41477368604768416;0.27921817520071573;0;0.5;-0.12500000000000028;0.49999999999999945;0.87500000000000002;0.26666666666666613
0;8.5;-0.2995909348344753;0.40030647229966715;0;-0.40030647229966848;-0.29959093483447591;0;0.5;-0.12500000000000027;0.49999999999999945;0.87500000000000003;0.26666666666666613
1;8.5;0.2995909348344753;-0.40030647229966715;0;0.40030647229966848;0.29959093483447591;0;0.5;-0.12500000000000027;0.49999999999999945;0.87500000000000003;0.26666666666666613
0;8.55;-0.31921549653646869;0.38483953379424879;0;-0.38483953379425007;-0.31921549653646936;0;0.5;-0.12500000000000027;0.49999999999999943;0.87500000000000004;0.26666666666666613
1;8.55;0.31921549653646869;-0.38483953379424879;0;0.38483953379425007;0.31921549653646936;0;0.5;-0.12500000000000027;0.49999999999999943;0.87500000000000004;0.26666666666666613
0;8.6;-0.33804284995701511;0.36841149763944392;0;-0.36841149763944514;-0.33804284995701583;0;0.5;-0.12500000000000027;0.49999999999999944;0.87500000000000004;0.26666666666666614
1;8.6;0.33804284995701511;-0.36841149763944392;0;0.36841149763944514;0.33804284995701583;0;0.5;-0.12500000000000027;0.49999999999999944;0.87500000000000004;0.26666666666666614
0;8.65;-0.35602597569314876;0.35106339118703406;0;-0.35106339118703517;-0.35602597569314953;0;0.5;-0.12500000000000031;0.49999999999999943;0.87500000000000005;0.26666666666666615
1;8.65;0.35602597569314876;-0.35106339118703406;0;0.35106339118703517;0.35602597569314953;0;0.5;-0.12500000000000031;0.49999999999999943;0.87500000000000005;0.26666666666666615
0;8.7;-0.37311996271480152;0.33283853957092197;0;-0.33283853957092302;-0.37311996271480236;0;0.5;-0.12500000000000025;0.49999999999999945;0.87500000000000004;0.26666666666666616
1;8.7;0.37311996271480152;-0.33283853957092197;0;0.33283853957092302;0.37311996271480236;0;0.5;-0.12500000000000025;0.49999999999999945;0.87500000000000004;0.26666666666666616
0;8.75;-0.38928212052553929;0.31378245750701006;0;-0.31378245750701106;-0.38928212052554018;0;0.5;-0.12500000000000024;0.49999999999999946;0.87500000000000004;0.26666666666666617
1;8.75;0.38928212052553929;-0.31378245750701006;0;0.31378245750701106;0.38928212052554018;0;0.5;-0.12500000000000024;0.49999999999999946;0.87500000000000004;0.26666666666666617
0;8.8;-0.40447208577774091;0.29394273562482015;0;-0.29394273562482109;-0.4044720857777418;0;0.5;-0.12500000000000028;0.4999999999999995;0.87500000000000003;0.26666666666666619
1;8.8;0.40447208577774091;-0.29394273562482015;0;0.29394273562482109;0.4044720857777418;0;0.5;-0.12500000000000028;0.4999999999999995;0.87500000000000003;0.26666666666666619
0;8.85;-0.41865192307595922;0.2733689216147297;0;-0.27336892161473059;-0.41865192307596016;0;0.5;-0.12500000000000028;0.49999999999999949;0.87500000000000003;0.26666666666666619
1;8.85;0.41865192307595922;-0.2733689216147297;0;0.27336892161473059;0.41865192307596016;0;0.5;-0.12500000000000028;0.49999999999999949;0.87500000000000003;0.26666666666666619
0;8.9;-0.43178621971671854;0.25211239648764749;0;-0.25211239648764833;-0.43178621971671949;0;0.5;-0.12500000000000028;0.49999999999999946;0.87500000000000005;0.26666666666666619
1;8.9;0.43178621971671854;-0.25211239648764749;0;0.25211239648764833;0.43178621971671949;0;0.5;-0.12500000000000028;0.49999999999999946;0.87500000000000005;0.26666666666666619
0;8.95;-0.44384217412814464;0.23022624625615742;0;-0.2302262462561582;-0.44384217412814564;0;0.5;-0.12500000000000028;0.49999999999999946;0.87500000000000005;0.26666666666666618
1;8.95;0.44384217412814464;-0.23022624625615742;0;0.2302262462561582;0.44384217412814564;0;0.5;-0.12500000000000028;0.49999999999999946;0.87500000000000005;0.26666666666666618
0;9;-0.45478967778855922;0.20776512935759364;0;-0.20776512935759436;-0.45478967778856022;0;0.5;-0.12500000000000027;0.49999999999999948;0.87500000000000004;0.2666666666666662
1;9;0.45478967778855922;-0.20776512935759364;0;0.20776512935759436;0.45478967778856022;0;0.5;-0.12500000000000027;0.49999999999999948;0.87500000000000004;0.2666666666666662
0;9.05;-0.46460139041945464;0.1847851401501448;0;-0.18478514015014544;-0.46460139041945564;0;0.5;-0.12500000000000025;0.49999999999999951;0.87500000000000004;0.26666666666666622
1;9.05;0.46460139041945464;-0.1847851401501448;0;0.18478514015014544;0.46460139041945564;0;0.5;-0.12500000000000025;0.49999999999999951;0.87500000000000004;0.26666666666666622
0;9.1;-0.47325280826506277;0.16134366882289167;0;-0.16134366882289222;-0.47325280826506377;0;0.5;-0.12500000000000023;0.49999999999999955;0.87500000000000003;0.26666666666666624
1;9.1;0.47325280826506277;-0.16134366882289167;0;0.16134366882289222;0.47325280826506377;0;0.5;-0.12500000000000023;0.49999999999999955;0.87500000000000003;0.26666666666666624
0;9.15;-0.4807223252879963;0.13749925806963872;0;-0.13749925806963922;-0.4807223252879973;0;0.5;-0.12500000000000022;0.49999999999999957;0.87500000000000002;0.26666666666666626
1;9.15;0.4807223252879963;-0.13749925806963872;0;0.13749925806963922;0.4807223252879973;0;0.5;-0.12500000000000022;0.49999999999999957;0.87500000000000002;0.26666666666666626
0;9.2;-0.48699128712813267;0.11331145688448235;0;-0.1133114568844828;-0.48699128712813367;0;0.5;-0.12500000000000021;0.49999999999999959;0.87500000000000002;0.26666666666666627
1;9.2;0.48699128712813267;-0.11331145688448235;0;0.1133114568844828;0.48699128712813367;0;0.5;-0.12500000000000021;0.49999999999999959;0.87500000000000002;0.26666666666666627
0;9.25;-0.49204403768998384;0.0888406718442461;0;-0.088840671844246488;-0.49204403768998484;0;0.5;-0.12500000000000021;0.49999999999999957;0.87500000000000003;0.26666666666666627
1;9.25;0.49204403768998384;-0.0888406718442461;0;0.088840671844246488;0.49204403768998484;0;0.5;-0.12500000000000021;0.49999999999999957;0.87500000000000003;0.26666666666666627
0;9.3;-0.4958679582422047;0.064148016249190309;0;-0.064148016249190629;-0.4958679582422057;0;0.5;-0.12500000000000021;0.49999999999999952;0.87500000000000005;0.26666666666666626
1;9.3;0.4958679582422047;-0.064148016249190309;0;0.064148016249190629;0.4958679582422057;0;0.5;-0.12500000000000021;0.49999999999999952;0.87500000000000005;0.26666666666666626
0;9.35;-0.49845349893159296;0.039295157498751662;0;-0.039295157498751912;-0.49845349893159396;0;0.5;-0.12500000000000027;0.49999999999999951;0.87500000000000006;0.26666666666666626
1;9.35;0.49845349893159296;-0.039295157498751662;0;0.039295157498751912;0.49845349893159396;0;0.5;-0.12500000000000027;0.49999999999999951;0.87500000000000006;0.26666666666666626
0;9.4;-0.49979420263287755;0.014344163083476365;0;-0.014344163083476549;-0.49979420263287855;0;0.5;-0.12500000000000027;0.49999999999999946;0.87500000000000008;0.26666666666666624
1;9.4;0.49979420263287755;-0.014344163083476365;0;0.014344163083476549;0.49979420263287855;0;0.5;-0.12500000000000027;0.49999999999999946;0.87500000000000008;0.26666666666666624
0;9.45;-0.49988672107473325;-0.010642654422233598;0;0.010642654422233477;-0.49988672107473425;0;0.5;-0.12500000000000026;0.4999999999999995;0.87500000000000006;0.26666666666666626
1;9.45;0.49988672107473325;0.010642654422233598;0;-0.010642654422233477;0.49988672107473425;0;0.5;-0.12500000000000026;0.4999999999999995;0.87500000000000006;0.26666666666666626
0;9.5;-0.49873082320174811;-0.035602892979446264;0;0.035602892979446202;-0.49873082320174911;0;0.5;-0.12500000000000027;0.49999999999999946;0.87500000000000008;0.26666666666666625
1;9.5;0.49873082320174811;0.035602892979446264;0;-0.035602892979446202;0.49873082320174911;0;0.5;-0.12500000000000027;0.49999999999999946;0.87500000000000008;0.26666666666666625
0;9.55;-0.49632939575146107;-0.060474216927454041;0;0.060474216927454048;-0.49632939575146207;0;0.5;-0.12500000000000028;0.49999999999999945;0.87500000000000008;0.26666666666666624
1;9.55;0.49632939575146107;0.060474216927454041;0;-0.060474216927454048;0.49632939575146207;0;0.5;-0.12500000000000028;0.49999999999999945;0.87500000000000008;0.26666666666666624
0;9.6;-0.49268843604502799;-0.085194512660755214;0;0.085194512660755284;-0.49268843604502899;0;0.5;-0.12500000000000028;0.49999999999999943;0.87500000000000009;0.26666666666666624
1;9.6;0.49268843604502799;0.085194512660755214;0;-0.085194512660755284;0.49268843604502899;0;0.5;-0.12500000000000028;0.49999999999999943;0.87500000000000009;0.26666666666666624
0;9.65;-0.48781703700952128;-0.10970204375147509;0;0.10970204375147523;-0.48781703700952228;0;0.5;-0.12500000000000028;0.49999999999999943;0.87500000000000009;0.26666666666666623
1;9.65;0.48781703700952128;0.10970204375147509;0;-0.10970204375147523;0.48781703700952228;0;0.5;-0.12500000000000028;0.49999999999999943;0.87500000000000009;0.26666666666666623
0;9.7;-0.481727364469268;-0.13393560512982439;0;0.13393560512982458;-0.481727364469269;0;0.5;-0.12500000000000028;0.49999999999999944;0.87500000000000008;0.26666666666666624
1;9.7;0.481727364469268;0.13393560512982439;0;-0.13393560512982458;0.481727364469269;0;0.5;-0.12500000000000028;0.49999999999999944;0.87500000000000008;0.26666666666666624
0;9.75;-0.47443462676293924;-0.15783467593754469;0;0.15783467593754494;-0.47443462676294024;0;0.5;-0.12500000000000028;0.49999999999999944;0.87500000000000008;0.26666666666666623
1;9.75;0.47443462676293924;0.15783467593754469;0;-0.15783467593754494;0.47443462676294024;0;0.5;-0.12500000000000028;0.49999999999999944;0.87500000000000008;0.26666666666666623
0;9.8;-0.46595703676226896;-0.18133957067260514;0;0.18133957067260545;-0.4659570367622699;0;0.5;-0.12500000000000028;0.49999999999999944;0.87500000000000009;0.26666666666666624
1;9.8;0.46595703676226896;0.18133957067260514;0;-0.18133957067260545;0.4659570367622699;0;0.5;-0.12500000000000028;0.49999999999999944;0.87500000000000009;0.26666666666666624
0;9.85;-0.45631576638725657;-0.20439158824768186;0;0.20439158824768222;-0.45631576638725746;0;0.5;-0.12500000000000027;0.49999999999999943;0.87500000000000009;0.26666666666666625
1;9.85;0.45631576638725657;0.20439158824768186;0;-0.20439158824768222;0.45631576638725746;0;0.5;-0.12500000000000027;0.49999999999999943;0.87500000000000009;0.26666666666666625
0;9.9;-0.44553489373144711;-0.22693315859016147;0;0.22693315859016192;-0.44553489373144795;0;0.5;-0.12500000000000026;0.49999999999999944;0.87500000000000009;0.26666666666666625
1;9.9;0.44553489373144711;0.22693315859016147;0;-0.22693315859016192;0.44553489373144795;0;0.5;-0.12500000000000026;0.49999999999999944;0.87500000000000009;0.26666666666666625
0;9.95;-0.43364134292933804;-0.24890798641755044;0;0.24890798641755094;-0.43364134292933887;0;0.5;-0.12500000000000028;0.49999999999999942;0.8750000000000001;0.26666666666666624
1;9.95;0.43364134292933804;0.24890798641755044;0;-0.24890798641755094;0.43364134292933887;0;0.5;-0.12500000000000028;0.49999999999999942;0.8750000000000001;0.26666666666666624
0;10;-0.42066481691608804;-0.27026119182922537;0;0.27026119182922592;-0.42066481691608881;0;0.5;-0.12500000000000028;0.49999999999999939;0.87500000000000011;0.26666666666666623
1;10;0.42066481691608804;0.27026119182922537;0;-0.27026119182922592;0.42066481691608881;0;0.5;-0.12500000000000028;0.49999999999999939;0.87500000000000011;0.26666666666666623
