22 10 -1
61 26 1
13 54 1
23 33 -1
22 54 1
8 36 1
34 55 1
27 39 1
25 29 1
35 25 1
24 43 1
24 22 1
33 17 1
53 39 -1
30 28 1
62 14 1
55 36 -1
8 47 1
42 59 1
31 3 1
2 52 1
53 16 -1
26 34 1
58 39 -1
46 4 -1
61 50 1
59 58 -1
6 58 1
49 28 -1
54 42 -1
57 26 -1
24 17 1
43 1 -1
2 51 1
28 15 1
27 37 1
55 47 -1
53 2 -1
15 59 -1
47 47 -1
26 18 1
28 26 1
13 52 1
50 41 -1
57 46 -1
28 56 1
37 62 1
11 51 1
19 53 1
45 36 -1
8 1 -1
4 37 1
20 25 1
10 10 -1
24 55 1
33 41 -1
13 50 1
3 9 1
60 41 1
10 1 -1
52 25 -1
3 20 1
18 57 -1
40 28 -1
16 24 1
54 19 -1
32 52 1
36 15 1
34 24 1
55 55 1
18 36 -1
13 20 1
5 39 1
51 24 -1
23 44 1
31 21 1
45 23 -1
51 16 -1
62 24 1
12 32 1
51 3 -1
33 59 1
48 38 -1
59 24 -1
59 44 1
25 1 -1
27 1 -1
59 7 1
50 22 -1
28 51 1
4 45 1
50 14 -1
23 52 1
54 5 -1
23 7 -1
63 57 1
40 3 -1
60 60 1
0 33 1
52 14 1
55 12 1
12 46 1
60 61 -1
56 59 -1
16 8 -1
25 57 1
37 58 1
58 34 1
34 40 -1
12 23 1
24 0 -1
54 50 -1
61 56 1
15 18 1
7 42 1
4 22 1
55 21 -1
57 36 1
5 59 1
45 5 -1
57 38 -1
25 47 1
55 3 -1
42 0 1
30 5 1
38 5 -1
53 31 -1
46 35 -1
35 57 1
56 22 -1
12 16 1
35 18 1
22 36 -1
8 48 1
48 49 -1
43 46 -1
16 47 1
58 54 1
49 39 -1
5 60 1
60 59 1
27 16 1
0 16 1
58 9 1
59 6 1
36 31 -1
61 28 1
11 8 -1
23 62 -1
4 35 1
17 58 -1
48 29 -1
41 31 -1
56 35 1
24 41 1
40 20 1
12 61 -1
16 60 -1
50 5 -1
29 7 1
31 2 1
30 59 -1
22 2 -1
57 11 1
1 32 1
10 53 1
38 37 -1
52 52 -1
30 19 1
15 7 -1
57 3 -1
54 16 1
26 49 1
35 53 1
14 56 1
1 31 1
50 32 -1
26 23 1
60 53 1
18 5 -1
46 26 -1
26 62 -1
11 61 -1
24 11 1
12 26 1
13 6 -1
29 59 -1
37 37 -1
61 49 1
38 13 1
7 57 1
44 1 1
46 43 -1
62 62 -1
60 24 -1
47 12 -1
58 52 1
48 14 -1
10 30 1
7 18 1
41 61 1
24 38 1
54 61 -1
59 46 1
56 20 1
53 47 -1
47 21 -1
60 18 1
14 60 -1
42 29 -1
42 4 -1
12 6 -1
7 1 -1
57 57 -1
23 45 1
58 10 1
5 43 1
58 38 1
13 60 -1
35 27 1
26 40 1
45 2 1
63 3 1
54 13 1
25 9 1
59 39 1
43 24 -1
1 27 1
44 3 -1
14 33 1
39 22 1
49 49 -1
2 11 1
11 25 1
1 21 1
63 0 1
24 56 -1
24 32 1
37 29 -1
61 42 1
55 56 -1
32 63 1
20 27 1
26 33 1
27 13 1
60 43 1
5 38 1
34 29 -1
21 48 1
58 60 -1
57 21 1
22 31 1
19 51 1
51 55 -1
17 5 -1
35 32 -1
36 56 1
60 37 1
25 24 1
41 4 -1
1 63 1
23 42 1
2 34 1
63 2 1
52 5 -1
14 29 1
7 44 1
5 54 1
57 19 1
51 46 -1
52 44 -1
58 51 1
56 4 -1
45 51 -1
21 50 1
20 63 -1
21 61 -1
19 58 -1
17 35 -1
16 37 -1
33 1 1
13 22 1
61 61 -1
39 2 -1
5 56 1
49 18 -1
46 51 -1
9 24 -1
9 1 -1
4 23 1
10 27 1
9 49 1
28 58 1
39 28 -1
32 0 1
44 63 1
42 39 -1
2 19 1
25 36 1
13 31 1
20 8 -1
3 62 1
10 34 1
36 54 1
62 15 1
0 30 1
52 15 1
27 14 1
56 46 -1
16 55 1
52 16 -1
44 25 -1
23 30 1
19 38 -1
14 8 -1
39 60 1
19 7 -1
20 36 -1
62 40 1
39 44 -1
24 35 1
0 25 1
35 43 -1
43 33 -1
47 36 -1
61 8 1
21 21 1
58 22 -1
63 61 1
13 17 1
1 12 1
44 38 -1
56 36 -1
21 20 1
2 13 1
57 17 1
30 20 1
38 16 1
47 3 -1
35 23 1
37 7 -1
28 6 1
36 39 -1
28 10 1
62 47 1
10 21 1
22 56 -1
33 61 1
41 45 -1
60 45 1
54 31 -1
